pesos capa oculta 1[ 0.16682555  0.23194203  0.7447161   0.14300052  0.50340411  0.17192657
  0.40588539  0.87734275  0.73248561  0.37358803  0.24780108  0.18259213
  0.54537969  0.22384742  0.80475044  0.94692307  0.42813372  0.77188357
  0.72520539  0.93137043  0.92450577  0.46672848  0.62497302  0.90531174
  0.29196415  0.85164553  0.11098627  0.49661936  0.09091878  0.85244426
  0.20378747  0.39105393  0.87340245  0.38250818  0.79706876  0.16726823
  0.76594398  0.29718543  0.32798458  0.40810663  0.72127146  0.33830794
  0.37684781  0.95504987  0.6532296   0.12170326  0.63530507  0.66636372
  0.21418794  0.59914798  0.13366876  0.24872597  0.42581696  0.26257325
  0.47880526][ 0.39714945  0.766261    0.9368005   0.5993277   0.676704    0.45717462
  0.84359646  0.0818531   0.72436674  0.26811986  0.9589732   0.60679598
  0.91847598  0.07627112  0.91568352  0.60696269  0.61335583  0.94029561
  0.27596362  0.59741877  0.35943029  0.29872706  0.63576045  0.49402056
  0.31910111  0.41558343  0.03762257  0.46751285  0.89481473  0.48048615
  0.4800873   0.26357638  0.83805483  0.22874384  0.84477793  0.56439437
  0.89364856  0.63133812  0.10814937  0.56007345  0.50487339  0.38973293
  0.83863815  0.50756469  0.24148814  0.53559316  0.52398963  0.34617902
  0.79352925  0.53442362  0.21054238  0.97386937  0.26277273  0.30534825
  0.48439332][ 0.96260862  0.14962218  0.95103236  0.58278779  0.16230456  0.92265236
  0.31110059  0.17026593  0.27780871  0.96497275  0.73880054  0.7199984
  0.30260807  0.78527795  0.67819016  0.53074376  0.93656081  0.5876211
  0.55707827  0.26716433  0.55456906  0.83105101  0.67749726  0.63287716
  0.43230353  0.47218474  0.87501581  0.51402029  0.9438263   0.77318009
  0.24330262  0.69605609  0.8244575   0.53295141  0.23743004  0.53401957
  0.8855024   0.93915399  0.05139334  0.79877084  0.76196094  0.20704331
  0.21354851  0.19670648  0.39956345  0.93550964  0.96543773  0.5540651
  0.65084504  0.02740782  0.49551668  0.29282781  0.5132957   0.68749304
  0.05350182][ 0.47987076  0.55857303  0.23641732  0.01568152  0.15116228  0.51475227
  0.63537122  0.37069333  0.09614017  0.05385516  0.69814342  0.42551281
  0.51983898  0.29673219  0.13417207  0.85058912  0.72546546  0.8197634
  0.89553498  0.49840768  0.05272174  0.39623653  0.58407045  0.86837104
  0.70944781  0.90913963  0.53871197  0.830503    0.56483374  0.12776238
  0.94178021  0.30112153  0.52951809  0.39170339  0.30596174  0.19073753
  0.63672817  0.14133958  0.53012226  0.93894753  0.68226488  0.45093349
  0.39347121  0.81073987  0.05837493  0.54406161  0.61859595  0.65678737
  0.49945682  0.91314738  0.52840657  0.46587268  0.79679301  0.46590511
  0.21233986][ 0.7299603   0.7083916   0.44356616  0.89727635  0.38859666  0.69526892
  0.54793816  0.21246694  0.29645158  0.83755644  0.67198917  0.62443822
  0.18391106  0.05464324  0.7361544   0.39591286  0.58009821  0.84377645
  0.28684957  0.90732911  0.77219217  0.54585866  0.86160949  0.15300405
  0.45619825  0.46479335  0.58557174  0.50509953  0.99258195  0.59909238
  0.63088121  0.01519939  0.26362971  0.56104267  0.35831996  0.01823365
  0.51936023  0.2919963   0.19998988  0.212558    0.32482481  0.34225159
  0.42100531  0.46209388  0.13373532  0.07845036  0.26498653  0.57204707
  0.36289297  0.54006826  0.96724059  0.76655249  0.32626269  0.05898327
  0.94652815][ 0.78621246  0.13612628  0.28262036  0.36376967  0.93560612  0.45080292
  0.58963828  0.30751135  0.34011212  0.78033186  0.88623154  0.88468945
  0.49272279  0.19659385  0.26928612  0.95826925  0.90208478  0.76210347
  0.79468083  0.90696324  0.3796947   0.97074109  0.45696507  0.27756783
  0.64725157  0.52081099  0.91785546  0.2194599   0.04191235  0.50318723
  0.19488479  0.91644783  0.16907198  0.34165255  0.73633902  0.79601817
  0.291441    0.45891014  0.03996455  0.24923301  0.71400624  0.30423407
  0.36439895  0.8795712   0.90034728  0.45791033  0.57529981  0.50060402
  0.85556649  0.8825533   0.38246523  0.65868694  0.08192748  0.89590374
  0.98907503][ 0.71523546  0.41325506  0.93319327  0.38332001  0.0689059   0.82639756
  0.90462994  0.58231658  0.70773013  0.30417876  0.62121503  0.67145423
  0.02695612  0.48331372  0.17383591  0.11752599  0.04077174  0.87575742
  0.74183766  0.19902505  0.46054197  0.16307383  0.79962218  0.85961552
  0.64530929  0.94917569  0.10913028  0.00873362  0.72356636  0.11291524
  0.94950028  0.9412816   0.02542579  0.32433272  0.53506938  0.02874554
  0.20985535  0.85027522  0.66731448  0.59043189  0.88269258  0.75513772
  0.47616458  0.52700357  0.85275282  0.93591031  0.86758994  0.33985104
  0.94307036  0.27132104  0.40528126  0.72467584  0.37849353  0.78118897
  0.38730978][ 0.98885228  0.37293426  0.32500915  0.2029676   0.24170153  0.92258934
  0.56169805  0.90288967  0.33801441  0.09664974  0.26593744  0.08652226
  0.10212726  0.88163263  0.35882738  0.48740163  0.99423333  0.63359256
  0.84774318  0.71130079  0.48746647  0.72887846  0.62046406  0.27498981
  0.11252647  0.40065788  0.98443861  0.92791171  0.83845547  0.31350922
  0.63118738  0.31492272  0.68613334  0.64124737  0.08589761  0.00993599
  0.07883945  0.9522962   0.76389648  0.13543157  0.26821479  0.43945107
  0.61137274  0.80287507  0.39419317  0.60502696  0.30185143  0.10064196
  0.38923002  0.17891578  0.94283804  0.04768322  0.60502819  0.26050703
  0.66326333][ 0.72692507  0.80832018  0.7529612   0.12402323  0.55395899  0.86740625
  0.86420048  0.69865915  0.5958806   0.63798434  0.97584006  0.83197035
  0.80955853  0.35145814  0.24133725  0.14991063  0.8878666   0.96309836
  0.66936337  0.15336686  0.24428614  0.71144142  0.10337532  0.6991033
  0.48809512  0.06710658  0.58954694  0.62383433  0.48824268  0.11229176
  0.45914882  0.80650171  0.31797607  0.39723575  0.86106906  0.38428804
  0.6242198   0.77086692  0.7667642   0.60061085  0.51203668  0.20601805
  0.49695886  0.0320066   0.95606173  0.37897805  0.15618662  0.52116116
  0.14761922  0.74151552  0.74694155  0.1493007   0.67891375  0.88030976
  0.04169621][ 0.69029195  0.91893575  0.7739731   0.45788725  0.46506778  0.14982423
  0.5514519   0.20049239  0.62377156  0.15805913  0.80565466  0.70231984
  0.15228397  0.21631278  0.33047143  0.83437647  0.47912197  0.75952385
  0.85945157  0.28312839  0.04689304  0.12652299  0.20251089  0.94471647
  0.32426136  0.7181497   0.90594725  0.67743166  0.07638373  0.95118246
  0.22867409  0.62890215  0.49183309  0.72657268  0.49249502  0.02366535
  0.56938987  0.37535782  0.70018697  0.98444724  0.46039942  0.33130671
  0.12825317  0.54577072  0.38750833  0.39337382  0.59098273  0.37417617
  0.15717763  0.37844536  0.68783797  0.80459122  0.94577498  0.18735763
  0.75233679][ 0.41797112  0.2855501   0.22726532  0.92556699  0.17968745  0.15175408
  0.05518948  0.07412604  0.81739155  0.17528916  0.39343808  0.47224913
  0.9261649   0.8171768   0.8137503   0.06045555  0.61576604  0.58791259
  0.79077283  0.42433754  0.27854269  0.79613665  0.22726865  0.8591548
  0.11048821  0.49277977  0.18486628  0.12817506  0.20092729  0.52013348
  0.38730628  0.73881711  0.76845151  0.25445033  0.58563867  0.36910007
  0.66061624  0.92187136  0.1406395   0.45801084  0.72351788  0.63065424
  0.69273287  0.25507491  0.16971224  0.03841448  0.40087492  0.67505628
  0.55683261  0.34175508  0.48793028  0.24761577  0.52431308  0.76988284
  0.14606154][ 0.5037081   0.56157332  0.85032899  0.167352    0.12765493  0.2062649
  0.52017881  0.85568465  0.77174093  0.71796677  0.53516     0.35828728
  0.64400362  0.33835208  0.29806675  0.3678709   0.43837005  0.90030535
  0.08812676  0.99251182  0.26998849  0.73040901  0.52559893  0.46271069
  0.52011494  0.69464279  0.02629657  0.39405434  0.72576217  0.75974177
  0.27436914  0.40968897  0.37365626  0.14325256  0.23148356  0.45418167
  0.54351213  0.62428418  0.58771448  0.04599411  0.27278344  0.20926188
  0.77300061  0.41047994  0.51624203  0.90777905  0.91256922  0.56801992
  0.95788886  0.55025631  0.91194207  0.5081049   0.74184692  0.10621723
  0.0116346 ][ 0.05962927 -0.01045301  0.36939995  0.76629471  0.97104128  0.59471212
  0.21827635  0.72215098  0.12413782  0.99452278  0.53588337  0.41526081
  0.4011367   0.13982446  0.36387088  0.39013283  0.64981094  0.94304768
  0.82304357  0.31125656  0.12853041  0.61379528  0.89233384  0.33151097
  0.25002574  0.42812442  0.68529627  0.83632371  0.73063609  0.52062217
  0.23805754  0.08188286  0.56197881  0.45045743  0.33487277  0.94461174
  0.58847254  0.94470297  0.51199574  0.34695613  0.10797647  0.87641195
  0.75987335  0.58172923  0.72558306  0.40533805  0.50803389  0.78335192
  0.63207478  0.25581087  0.06184246  0.07263012  0.07675408  0.94209248
  0.39479057][ 0.55976095  0.95667043  0.99264838  0.84779101  0.07209429  0.36596412
  0.26849866  0.86641501  0.94433528  0.2952894   0.81688913  0.10217482
  0.97411894  0.74497541  0.80773997  0.1801312   0.52855095  0.02310454
  0.88221798  0.39561954  0.26429744  0.53228153  0.39362401  0.56704181
  0.63004248  0.94931864  0.07794324  0.74340694  0.14769658  0.92830397
  0.85046009  0.43302608  0.81222862  0.16824879  0.96721905  0.29156967
  0.05252705  0.28862764  0.61296714  0.17033981  0.18244612  0.66594367
  0.65558604  0.49807064  0.50581919  0.59910478  0.30514799  0.16545059
  0.75689918  0.23374282  0.5118756   0.69203178  0.98128619  0.92580496
  0.78761345][ 0.89029783  0.93691492  0.48271999  0.82948471  0.87318372  0.31482105
  0.90176318  0.14409587  0.76432636  0.20304575  0.98420521  0.25890329
  0.51464136  0.95249819  0.49145331  0.60214072  0.60326458  0.14179022
  0.0494507   0.8246117   0.51602026  0.34442725  0.65932735  0.27839827
  0.23310602  0.1413386   0.36024838  0.48094745  0.22659639  0.26497491
  0.88804951  0.79585404  0.57044255  0.65218249  0.64783475  0.84300458
  0.22141038  0.13272015  0.52715011  0.66159089  0.4584083   0.20240174
  0.68602628  0.48954491  0.44311765  0.02917811  0.7332443   0.80218261
  0.89734934  0.27157868  0.18985245  0.80904016  0.13110384  0.57658429
  0.14058629][ 0.76834785  0.02679723  0.82209303  0.56849398  0.66560357  0.46003118
  0.33044733  0.24610842  0.07034821  0.43563627  0.9696796   0.22234819
  0.15566406  0.1475698   0.67432038  0.45721266  0.1456744   0.91912318
  0.86521426  0.03700534  0.20056716  0.37341128  0.46252926  0.80181044
  0.54821814  0.25231448  0.88349375  0.87238117  0.82100425  0.55645751
  0.84399254  0.91905101  0.30154638  0.17747567  0.19850455  0.21268929
  0.87832586  0.40661865  0.19868353  0.0796027   0.41604234  0.70900727
  0.64425003  0.373332    0.91723304  0.98290482  0.73861935  0.17512974
  0.41895022  0.35727803  0.36268875  0.92136115  0.60228822  0.31913576
  0.63640883][ 0.44271732  0.40190932  0.58870117  0.90294191  0.71896582  0.68814695
  0.93454395  0.71364585  0.08548909  0.96089686  0.23702798  0.236004
  0.67260112  0.93046805  0.56124538  0.21254384  0.91099916  0.71912886
  0.23820789  0.97753915  0.03028436  0.22352864  0.88017272  0.84406656
  0.40904879  0.18037172  0.11435772  0.22341102  0.98721809  0.11258845
  0.85717064  0.63988477  0.14245577  0.8166213   0.97325201  0.71956606
  0.09074869  0.15948724  0.03896027  0.40084518  0.77475886  0.53652019
  0.83314969  0.02782092  0.96754405  0.00699736  0.11702955  1.00240856
  0.38452778  0.01693197  0.87154341  0.10779485  0.98976783  0.83382136
  0.61289011][ 0.78448117  0.30032973  0.04528073  0.0283769   0.09813494  0.4871366
  0.59628563  0.49446359  0.89507418  0.05872081  0.1840756   0.11602584
  0.20370576  0.87012197  0.82011907  0.01148808  0.97536346  0.48721095
  0.85979588  0.25060184  0.30997919  0.36046195  0.41977237  0.71145657
  0.75439892  0.96393387  0.66356227  0.93875476  0.12933048  0.22177054
  0.54463535  0.79346808  0.21941979  0.78341491  0.45214994  0.85009315
  0.70781254  0.75898063  0.34863814  0.74970237  0.73882224  0.02642674
  0.40223717  0.04270371  0.01884207  0.61067734  0.02624138  0.30185837
  0.19969988  0.26742057  0.53110169  0.19515704  0.36977189  0.75941455
  0.98207824][  1.69454731e-01   8.30778831e-01   6.41036143e-01   3.61803714e-01
   7.04757756e-01   4.40465452e-01   1.47634262e-01   2.15652197e-01
   5.99110006e-01   6.10942112e-01   7.30740428e-01   7.70502800e-01
   8.71133042e-01   3.76425532e-01   8.12235954e-01   7.52415893e-01
   7.16823274e-01   8.90707158e-01   5.57536453e-01   3.14845799e-01
   3.32840529e-01   3.26205233e-01   7.77142310e-01   3.16545382e-01
   8.94266466e-01   9.48560769e-01   3.01220661e-01   2.41142925e-01
   4.61608154e-01   3.68152398e-01   3.10124980e-01   5.86075296e-01
   3.19228990e-01   2.90095739e-01   1.38088267e-01   1.82579007e-01
   2.10035774e-01   3.98642045e-01   7.87526137e-01   2.87564073e-02
   6.75384695e-01   3.86311577e-01   6.13593073e-01   6.41217895e-01
  -9.27414642e-04   2.71705618e-01   6.89625325e-01   6.70502729e-01
   9.43541108e-01   9.80428781e-01   5.08341077e-02   9.60903732e-01
   2.31899193e-01   7.82272763e-02   6.36962104e-01][ 0.74125013  0.9719443   0.85319745  0.92654244  0.84092681  0.17436576
  0.38541408  1.00365485  0.38799338  0.82606467  0.67075695  0.57420285
  0.50061209  0.48407227  0.78741384  0.16115677  0.09066318  0.25490739
  0.76755928  0.6186704   0.88915075  0.86706077  0.28305811  0.44301989
  0.75760097  0.75501605  0.21638109  0.54182218  0.13194324  0.83178649
  0.48193747  0.51709783  0.85508652  0.71106835  0.32997985  0.26249963
  0.81215019  0.26771612  0.33289328  0.77948429  0.26658984  0.66992134
  0.95546063  0.29083428  0.29619173  0.21750451  0.11264624  0.98004412
  0.19438119  0.96908135  0.65498742  0.43181237  0.34410174  0.97817791
  0.9131337 ][ 0.86596562  0.35847175  0.70659349  0.62345781  0.72307143  0.52634086
  0.88315229  0.81449376  0.87031859  0.63162714  0.66680014  0.72166806
  0.29767983  0.11816583  0.73902075  0.34495865  0.44623228  0.21805475
  0.9491476   0.55799929  0.07501917  0.59904877  0.50678225  0.35062026
  0.65820826  0.6371991   0.26916124  0.23857663  0.92704871  0.04858004
  0.19899049  0.19088664  0.08462353  0.61062078  0.80524147  0.67280307
  0.57899217  0.06060657  0.86480748  0.10958589  0.84048613  0.96398415
  0.29836848  0.45458088  0.16707686  0.46299263  0.43258314  0.1494351
  0.8676572   0.51914183  0.55914609  0.60527126  0.56116809  0.12142363
  0.94455585]
 pesos capa salida[ 0.86743062  0.70012386  0.96997687  0.79985845  0.30732962  0.56371126
  0.57740188  0.04685193  0.3876669   0.57260449  0.75182844  0.43421046
  0.96320123  0.62908024  0.26723431  0.64991813  0.47907869  0.25388166
  0.44211686  0.60222597  0.61470039]
 mejor error47.77953698156121
 precision con todos los datos:0.5308427454387489