pesos capa oculta 1[ 0.73655832  0.75871322  0.06556259  0.25071954  0.0173742   0.82710671
  0.97373319  0.66774915  0.9140538   0.18873722  0.27188436  0.73180454
  0.78359142  0.69162232  0.37844491  0.20800204  0.90001192  0.76636582
  0.71855998  0.1665232   0.43596052  0.18932828  0.80874015  0.78569168
  0.52289522  0.74952124  0.13809549  0.05193112  0.93815332  0.30645928
  0.97393376  0.56233887  0.58630045  0.29794899  0.31947924  0.71063959
  0.27824678  0.18376061  0.44529526  0.63338482  0.33393401  0.24229025
  0.76704927  0.87683683  0.93425843  0.69737772  0.91280103  0.0602987
  0.6951846   0.79676161  0.42768196  0.80745255  0.55897491  0.46998445
  0.09760552][ 0.16469967  0.00825808  0.5158213   0.07540913  0.9100884   0.47918805
  0.8958253   0.23518423  0.56923341  0.62111882  0.05908403  0.47845388
  0.87867168  0.16139262  0.44242862  0.55132378  0.30166804  0.79713041
  0.229738    0.57409493  0.0047862   0.77672107  0.24885737  0.34549339
  0.63680387  0.66568201  0.82796323  0.54279649  0.60039275  0.59849789
  0.19840848  0.67622538  0.00291044  0.39786168  0.95360029  0.73457421
  0.40881154  0.34952277  0.1424199   0.44089945  0.20479176  0.07372775
  0.52791096  0.37216235  0.68306602  0.44404878  0.76938511  0.515871
  0.19530925  0.53804388  0.21018635  0.64131847  0.56434531  0.47739782
  0.16483732][ 0.62023817  0.94725244  0.17703671  0.74372026  0.20413968  0.90158396
  0.01525471  0.35970245  0.45670511  0.7164868   0.90932692  0.85238829
  0.09118152  0.27536366  0.14527414  0.22328877  0.25203897  0.33358133
  0.32976457  0.32240551  0.42324239  0.46010077  0.27847118  0.16607894
  0.96687086  0.8155111   0.73229636  0.71538088  0.28752417  0.04356604
  0.8118225   0.74151383  0.91314026  0.40198514  0.09455699  0.69037672
  0.53676525  0.67250126  0.06117586  0.58979095  0.89037772  0.13270822
  0.10796943  0.03912898  0.16296778  0.29428455  0.65333441  0.49819552
  0.21944833  0.56163749  0.62823141  0.04816014  0.20716701  0.45134513
  0.99739847][ 0.57171661  0.07568087  0.87480897  0.26743165  0.69240385  0.00936178
  0.34192691  0.5054451   0.60362937  0.88002594  0.45606011  0.06043806
  0.1102692   0.71593218  0.43027813  0.65175502  0.96462013  0.39035367
  0.49556286  0.62308614  0.87825716  0.83382753  0.13035313  0.19682947
  0.32487391  0.74254036  0.81865953  0.55109208  0.68461021  0.65385896
  0.9469949   0.50862657  0.8924506   0.28410387  0.56141311  0.20909397
  0.22370714  0.3760096   0.69448368  0.64366614  0.3125084   0.4678384
  0.73726526  0.74429686  0.70092214  0.47087758  0.41409877  0.2913415
  0.35718368  0.03507509  0.01054489  0.63765471  0.30406675  0.65220436
  0.5990918 ][ 0.13829824  0.07183765  0.96724068  0.79740767  0.95735161  0.30424202
  0.83203127  0.22295518  0.7251694   0.53629715  0.08368337  0.99628467
  0.78445582  0.91796793  0.268855    0.77351814  0.57076067  0.33751817
  0.63224032  0.68319848  0.41171155  0.59640125  0.090785    0.02117685
  0.22193811  0.33800245  0.22239517  0.71671397  0.16560751  0.83821366
  0.49934604  0.87315935  0.323057    0.72682057  0.60914063  0.98816193
  0.93724574  0.16368595  0.1029331   0.4477397   0.41022864  0.31177852
  0.46389813  0.98331675  0.31644331  0.37981518  0.84890904  0.14365391
  0.58655019  0.22057977  0.3318659   0.23775076  0.65460248  0.48585078
  0.9214208 ][ 0.38865998  0.82707614  0.94303116  0.00688542  0.38117676  0.45192466
  0.20133492  0.30347723  0.70304903  0.34275637  0.79819912  0.99706246
  0.13637311  0.98295347  0.81534469  0.16083473  0.00983131  0.99345269
  0.7351601   0.49704947  0.76819961  0.20281159  0.48699365  0.37824535
  0.38159469  0.85423617  0.12776135  0.95989218  0.18241447  0.18170821
  0.33926509  0.93705312  0.52537804  0.9915627   0.38313479  0.46014848
  0.26849327  0.94968821  0.61115117  0.93398501  0.15747004  0.61158678
  0.94764903  0.90508278  0.95731092  0.80560897  0.90470694  0.82892354
  0.21080935  0.33616537  0.18418181  0.03930334  0.83747164  0.59629176
  0.77768977][ 0.9772361   0.95058671  0.9637718   0.16296509  0.83044811  0.99626676
  0.55791263  0.94786328  0.91726115  0.73819051  0.63660763  0.79763353
  0.54720097  0.44870425  0.1044177   0.01665316  0.55130658  0.90395341
  0.15082658  0.39577213  0.17295151  0.11011544  0.13045623  0.40786323
  0.61660259  0.10309425  0.00138541  0.84229094  0.90774894  0.5447298
  0.95371954  0.44002374  0.06972096  0.20578525  0.00568933  0.04835669
  0.2792723   0.23447151  0.02462832  0.72107116  0.96338893  0.70823721
  0.44124626  0.64246343  0.91118155  0.55116553  0.62684756  0.77817609
  0.06698957  0.18987469  0.42473821  0.68032571  0.38592881  0.29783864
  0.61696435][ 0.97942038  0.57902363  0.73018315  0.40470493  0.12752825  0.17708881
  0.9670642   0.07348784  0.17204719  0.77635382  0.55227083  0.43995774
  0.35984806  0.06758255  0.08337125  0.41380706  0.21011613  0.03724442
  0.60867526  0.9955676   0.56221218  0.66471988  0.10551331  0.87384017
  0.68189389  0.76539824  0.07067325  0.73514464  0.34859119  0.39126519
  0.86756689  0.15298543  0.01225599  0.9985282   0.84794117  0.10830115
  0.50334927  0.39089694  0.22037716  0.43543017  0.01388348  0.75060551
  0.61598017  0.90204455  0.05990033  0.88595866  0.40082025  0.46242557
  0.91674532  0.55875737  0.10100766  0.10900576  0.94304918  0.71621246
  0.0592642 ][ 0.75088667  0.52111227  0.79559194  0.46669213  0.6543191   0.16804298
  0.29344076  0.694619    0.83141298  0.63327275  0.29026502  0.34951133
  0.37302193  0.48001514  0.29339688  0.79717905  0.35819499  0.76439188
  0.00712658  0.742453    0.30562867  0.57687006  0.36216952  0.17931477
  0.43277195  0.01887532  0.19938312  0.47508893  0.08349386  0.13204477
  0.25550881  0.54441218  0.45374795  0.30453854  0.21191971  0.29881488
  0.63532157  0.72409498  0.79000586  0.70981131  0.84294201  0.73008198
  0.01286743  0.00768859  0.19354483  0.07654144  0.04821724  0.54133523
  0.05085683  0.48894761  0.91453567  0.40848024  0.25269557  0.95407778
  0.88812604][ 0.40965337  0.74864942  0.2209423   0.11432078  0.8278405   0.69933035
  0.02133197  0.4247898   0.23785062  0.02027109  0.14574398  0.22117507
  0.90502565  0.20731766  0.95145406  0.73108676  0.00391652  0.36702183
  0.39648618  0.59209437  0.86373077  0.86528828  0.53963025  0.03739014
  0.20604249  0.1024899   0.36042278  0.80507     0.23862907  0.11558805
  0.0346912   0.25445751  0.76099996  0.80195731  0.14715895  0.58668208
  0.47833093  0.61709469  0.7110606   0.87762992  0.04241401  0.9405171
  0.4599135   0.67812708  0.66779885  0.38749564  0.3273122   0.32827121
  0.40346234  0.18158728  0.12009337  0.9173331   0.28777763  0.63024811
  0.34474588]
 pesos capa salida[ 0.70947086  0.300391    0.04501295  0.06990666  0.08212348  0.61010658
  0.09129113  0.45039627  0.76655713  0.17725964]
 mejor error198.26842915755688
 precision con todos los datos:0.5308427454387489