pesos capa oculta 1[ 0.7683976   0.3319203   0.75098832  0.51498182  0.16647166  0.67362786
  0.66769896  0.65150432  0.83255086  0.46397263  0.28701209  1.00005746
  0.91233981  0.16650844  0.83803939  0.73061906  0.42034428  0.97219358
  0.6122729   0.07910409  0.21786163  0.02232822  0.87126798  0.33505983
  0.69811426  0.97618971  0.61922728  0.78220653  0.03081358  0.41630082
  0.75473203  0.7923897   0.40653439  0.91481102  0.38222557  0.91536261
  0.78282777  0.31344041  0.94830817  0.19003205  0.51388112  0.86764185
  0.12146654  0.80304564  0.36750869  0.64506783  0.22179263  0.28774128
  0.63064056  0.01424455  0.01850527  0.35782525  0.36590834  0.03539475
  0.7686257 ][ 0.65344511  0.48563878  0.38102041  0.86409613  0.50407577  0.30440729
  0.87364601  0.47140423  0.47985432  0.53557839  0.09964124  0.0283682
  0.50090387  0.65269648  0.7533429   0.65999095  0.68097655  0.73220358
  0.48734168  0.68452315  0.10530478  0.66435185  0.24306562  0.01206002
  0.21577578  0.92292099  0.31583205  0.52315155  0.57119497  0.82580674
  0.13692577  0.85751458  0.30028236  0.21891755  0.49326115  0.39119898
  0.39873104  0.76758217  0.67541186  0.01179341  0.86752497  0.71186065
  0.73917189  0.65175125  0.95120728  0.83413403  0.93413081  0.65043969
  0.75076844  0.6036279   0.67972667  0.09623165  0.65439208  0.33697749
  0.33260416][ 0.64668725  0.86047302  0.37837031  0.55378388  0.76744187  0.47701428
  0.18474557  0.23652364  0.15983738  0.39944196  0.14553875  0.04400254
  0.86054667  0.52263655  0.08718895  0.43297739  0.65882407  0.65920848
  0.51319778  0.45585963  0.9163411   0.1044592   0.62480796  0.19514894
  0.79695768  0.1188629   0.88260001  0.70770427  0.41765122  0.40783518
  0.61775371  0.11115633  0.91661599  0.86170054  0.1539909   0.37991562
  0.72572053  0.44438412  0.73222403  0.2979198   0.44261518  0.43977168
  0.99855148  0.20684604  0.565134    0.39843054  0.06011712  0.68517485
  0.97562555  0.25725173  0.99254425  0.12241786  0.66845128  0.95449414
  0.97188063][ 0.21775396  0.26090382  0.10750985  0.37025231  0.36282273  0.43621609
  0.57531129  0.79259505  0.95047009  0.66900429  0.27852707  0.6667248
  0.75550991  0.1453262   0.13006899  0.41811924  0.66900454  0.23080824
  0.88391827  0.95789046  0.63972321  0.28324516  0.08341667  0.62737303
  0.79028063  0.72098441  0.69335162  0.16588234  0.10404714  0.06039016
  0.17173153  0.7431307   0.54932246  0.36372804  0.80122925  0.39525432
  0.91520325  0.20566894  0.60615447  0.67061156  0.04002978  0.97091145
  0.30290613  0.92076808  0.65069538  0.2158807   0.90888174  0.77265957
  0.89283608  0.53057123  0.83679967  0.01823152  0.33064481  0.79877728
  0.80679964][ 0.54668125  0.7137282   0.8000597   0.31045142  0.61859719  0.90277913
  0.69051809  0.59287027  0.88844428  0.40436518  0.1108826   0.03954701
  0.92674314  0.14200622  0.14591616  0.02501624  0.3312138   0.14332871
  0.55594541  0.04022677  0.97110205  0.57493726  0.46499155  0.0410705
  1.00217966  0.05322929  0.86006303  0.44076449  0.5656379   0.06914806
  0.77134966  0.43543115  0.67900331  0.61374366  0.78142031  0.00433363
  0.70163492  0.95082791  0.87937892  0.58161806  0.4143694   0.20281156
  0.63748247  0.48956021  0.49893607  0.46211849  0.87150434  0.531123
  0.5857975   0.61405499  0.12450664  0.17526861  0.34258219  0.17497805
  0.80699694][ 0.24690537  0.89049441  0.55072063  0.80307083  0.1740422   0.76857611
  0.15877071  0.9923078   0.00518091  0.36783901  0.36104616  0.63855373
  0.51068692  0.21456883  0.07885352  0.74635622  0.92348074  0.69656217
  0.02491123  0.95525049  0.57496942  0.73966653  0.40651084  0.3084115
  0.3572546   0.26077208  0.97034519  0.61528292  0.35811212  0.888955
  0.03084463  0.39673663  0.81872642  0.87355222  0.07968898  0.63593524
  0.1158925   0.21927217  0.41667695  0.86284061  0.42710703  0.61955111
  0.18663202  0.49180505  0.34958844  0.13026509  0.33698461  0.6112991
  0.1364725   0.29615829  0.53089943  0.09455502  0.58880941  0.0188813
  0.65333934][ 0.41292384  0.53726454  0.37384653  0.71585784  0.01913959  0.7096769
  0.52717426  0.37603923  0.66854565  0.76261835  0.77540214  0.82882997
  0.97425531  0.57889988  0.93269552  0.40114246  0.56199928  0.32950108
  0.85951671  0.56948868  0.28663595  0.28134657  0.73366849  0.46970084
  0.55077677  0.88917018  0.71270854  0.02811623  0.4374347   0.3264913
  0.37002335  0.68542853  0.19337934  0.31943743  0.46354483  0.10804645
  0.79093837  0.46694429  0.28074442  0.02183738  0.09399692  0.87323205
  0.68929618  0.48120208  0.63800879  0.05444637  0.76809881  0.43205456
  0.40951488  0.73470628  0.68314892  0.87005802  0.22237275  0.87836492
  0.94835296][ 0.2804489   0.68807208  0.18947491  0.8566749   0.6692754   0.63419171
  0.25130873  0.11508171  0.50396817  0.13866186  0.58518886  0.02840601
  0.01233728  0.58917267  0.49207996  0.5456498   0.46375586  0.18677711
  0.85564532  0.91419117  0.28363961  0.83615245  0.90639504  0.89804115
  0.70637133  0.70634314  0.19912918  0.73032454  0.82403284  0.62009524
  0.96314109  0.34912911  0.44365087  0.71087944  0.36059994  0.6896862
  0.98978444  0.43020038  0.25725743  0.91436475  0.94312565  0.44333215
  0.92092098  0.23320713  0.26871261  0.1142261   0.61554573  0.22227267
  0.24040978  0.49040844  0.92431084  0.45198692  0.59043024  0.82961205
  0.84585905][ 0.37171452  0.8248813   0.52967529  0.42041526  0.4893443   0.06359747
  0.42264675  0.05114446  0.05569171  0.36338976  0.8400389   0.91717995
  0.62512619  0.24194536  0.52375465  0.15567415  0.08897826  0.65292039
  0.17622579  0.62209836  0.68814402  0.75886917  0.22439032  0.17612785
  0.93847042  0.66453658  0.75772259  0.29369157  0.86308659  0.10553829
  0.17658422  0.06121792  0.27184892  0.4238209   0.41546712  0.66124971
  0.48902495  0.59400073  0.5965647   0.43526428  0.56025625  0.15222574
  0.20844174  0.58835547  0.88317724  0.05880555  0.67849694  0.2797849
  0.27803054  0.6550744   0.52151139  0.61219373  0.54175744  0.11502769
  0.45420514][ 0.63312646  0.97067783  0.78358682  0.24261993  0.87940975  0.13561983
  0.42508122  0.40995703  0.12814658  0.33527542  0.31072702  0.22191111
  0.76055077  0.49848589  0.99840411  0.10742166  0.79883712  0.85870086
  0.96552021  0.38609013  0.51615899  0.68447734  0.34730981  0.61944367
  0.84196366  0.22361771  0.19909448  0.90737759  0.7028329   0.85303339
  0.60556619  0.64907595  0.79441873  0.4764337   0.96318351  0.07079246
  0.86406587  0.58055374  0.87499259  0.1363808   0.66305644  0.85483363
  0.06713583  0.27564128  0.05882124  0.77802858  0.92953415  0.61196849
  0.5561801   0.85891657  0.09101239  0.95372894  0.14874843  0.29521405
  0.38568045][ 0.19912233  0.94090529  0.49145327  0.27130765  0.26906144  0.01424183
  0.63432349  0.00246647  0.91012399  0.43755195  0.33463244  0.20404612
  0.88051024  0.20527637  0.171675    0.34465615  0.66305783  0.80932775
  0.61555679  0.05488324  0.44509673  0.72033236  0.21779982  0.3223297
  0.49420418  0.92312759  0.5989417   0.11035996  0.49625461  0.04877224
  0.19381287  0.99584432  0.25542847  0.91967928  0.14108928  0.51611862
  0.24691051  0.28156971  0.52593597  0.30680072  0.41929355  0.44336963
  0.41397791  0.60893807  0.27856605  0.89472812  0.95816835  0.55190792
  0.70238998  0.07808595  0.37119793  0.70164214  0.34535142  0.68728424
  0.86036705][ 0.08515809  0.88497521  0.76935408  0.33639587  0.50134309  0.90960649
  0.91028156  0.80101097  0.57635294  0.97614322  0.2828868   0.66257701
  0.31837552  0.53999863  0.15243766  0.11152441  0.98296348  0.51557961
  0.88296133  0.7492764   0.20877602  0.81606268  0.40477627  0.74221999
  0.10369242  0.64356877  0.87411011  0.66871265  0.22507939  0.7846396
  0.98356432  0.77552496  0.81317866  0.62225449  0.79290978  0.46577661
  0.26457989  0.10615082  0.17343541  0.63039005  0.92344267  0.71578516
  0.99636134  0.53474367  0.68068077  0.22754938  0.96797799  0.53498587
  0.7286401   0.21676034  0.06255633  0.74491431  0.58791191  0.09643005
  0.28453214][ 0.09738906  0.23241952  0.96547378  0.85768787  0.39367146  0.8901845
  0.58798261  0.8880119   0.84338206  0.25116826  0.33875057  0.58646949
  0.69481913  0.95106919  0.78588635  0.86727224  0.74673321  0.83588719
  0.65408745  0.69672197  0.21357491  0.88498508  0.36718068  0.07433176
  0.83129532  0.05653258  0.45603026  0.87501155  0.56506647  0.50384959
  0.44454433  0.94130952  0.07794749  0.37913311  0.86212248  0.44497372
  0.10229612  0.53098813  0.42411606  0.25411924  0.66788838  0.37512096
  0.29839142  0.63297376  0.30262404  0.29186587  0.84783282  0.31345601
  0.44918753  0.99616434  0.53737399  0.07564843  0.14550831  0.68297606
  0.3088849 ][ 0.31350332  0.72455043  0.37382547  0.56507589  0.38230268  0.50946153
  0.71166835  0.78393969  0.68648559  0.93547654  0.88001309  0.11438604
  0.53756662  0.20597138  0.4181863   0.85656136  0.58662179  0.89655443
  0.04070806  0.57604717  0.8824857   0.02498816  0.64634486  0.06100089
  0.52916206  0.64758976  0.27731977  0.16889646  0.71741041  0.42795309
  0.56622202  0.9415353   0.4636033   0.64487923  0.4928985   0.99424796
  0.05964066  0.59182659  0.17296116  0.21875202  0.01679821  0.06181422
  0.99099782  0.03851485  0.27274472  0.70833349  0.23910432  0.92235215
  0.63357644  0.47873254  0.81458339  0.5314992   0.98715981  0.76637232
  0.24794669][ 0.56601515  0.40481455  0.97430516  0.01144309  0.66384737  0.94773275
  0.05535828  0.58503109  0.52571337  0.22456636  0.80977156  0.86757246
  0.50244236  0.59406675  0.63737231  0.04659633  0.26630932  0.81196718
  0.04920274  0.24427107  0.36833447  0.35873786  0.53576443  0.90655255
  0.48681077  0.84401667  0.01477952  0.04942061  0.02535437  0.6319942
  0.28621426  0.01603706  0.73353131  0.89796968  0.3778188   0.47537776
  0.69442258  0.58065775  0.39067331  0.48719777  0.92693475  0.65123196
  0.81077409  0.51215662  0.32506426  0.12466637  0.66927741  0.25791855
  0.86126087  0.39101528  0.08503287  0.9873796   0.31207319  0.80079923
  0.6825554 ][  6.65533921e-02   3.44176145e-01   5.71652537e-01   4.17370319e-01
   4.58727891e-01   8.86780504e-01   2.45356407e-01   6.53283369e-01
   9.68650252e-01   7.07265157e-01   6.72102736e-01   2.33264387e-01
   8.90613223e-01   1.48972189e-02   3.10432371e-01   6.18710701e-01
   1.40987605e-01   5.43027362e-03   4.27192695e-01   1.73332043e-01
   9.40234506e-01   8.22864451e-04   9.44879492e-01   3.03863590e-02
   6.24376452e-01   6.79582762e-01   4.06816780e-01   6.93969175e-01
   4.20979361e-01   3.56958726e-01   6.41842621e-01   4.33505848e-01
   9.98339612e-01   7.32826019e-01   4.86603103e-01   7.40870221e-01
   9.48134868e-01   9.74570544e-01   9.16763936e-01   6.74732441e-01
   7.62086043e-01   8.80031887e-01   7.85531612e-01   8.95141876e-01
   3.77476558e-01   7.04492413e-01   4.82465772e-01   4.90647314e-01
   7.10872294e-01   6.96894395e-01   1.54784326e-02   8.55623559e-01
   4.74444055e-01   9.50974463e-01   3.12267892e-01][ 0.47622387  0.73822277  0.1494647   0.24889549  0.39305887  0.17863464
  0.75124964  0.1063007   0.29829634  0.65387685  0.89094069  0.1187901
  0.610889    0.06323775  0.10934642  0.75673541  0.67568668  0.69984826
  0.47228322  0.55150791  0.76792102  0.83140987  0.6659063   0.30473414
  0.5815559   0.14232172  0.87490309  0.20391126  0.98080793  0.85702792
  0.76574849  0.07204337  0.61410998  0.47431546  0.4173914   0.2011325
  0.54045828  0.14040419  0.44698035  0.33035853  0.1526967   0.20002973
  0.93935512  0.18038082  0.67935265  0.12338647  0.3088851   0.59948178
  0.86750741  0.64327005  0.11276987  0.72741058  0.41841217  0.16301982
  0.68258351][ 0.03936582  0.27351096  0.89580584  0.84921318  0.27414091  0.82227096
  0.41559266  0.86020975  0.38152752  0.2075415   0.70553588  0.65293172
  0.55478678  0.11537304  0.08477488  0.72010495  0.44307516  0.68815155
  0.12719903  0.87625451  0.67279964  0.31125549  0.61684414  0.7993864
  0.89838877  0.38121219  0.31672776  0.53307751  0.22322195  0.42789422
  0.4874451   0.88967268  0.05281621  0.26025075  0.07165145  0.85409785
  0.47138556  0.42110204  0.38786063  0.3914901   0.84707656  0.03193518
  0.24195393  0.59338357  0.11700653  0.34351777  0.05051836  0.05293674
  0.78657649  0.12925648  0.28154698  0.14427481  0.98414311  0.25244907
  0.53762742][ 0.66593427  0.3052896   0.13975555  0.66369175  0.05814327  0.43764998
  0.96522724  0.52807149  0.89956487  0.30695693  0.87677819  0.46067807
  0.94838923  0.0448464   0.73060858  0.42783711  0.75947614  0.19880197
  0.35651793  0.84325892  0.79654321  0.47975985  0.05796498  0.99498752
  0.52313491  0.81848912  0.1002753   0.72129146  0.7788411   0.68747436
  0.34733247  0.89630655  0.28266559  0.0700438   0.79695804  0.55170098
  0.73924463  0.68494974  0.04456099  0.50174818  0.86516081  0.58296559
  0.03124249  0.0965697   0.05364384  0.68279855  0.73258777  0.4566006
  0.87591555  0.20126917  0.28816085  0.4584815   0.01188015  0.71888582
  0.34443522][ 0.11198942  0.91919845  0.42916363  0.89830584  0.8873039   0.57989007
  0.53031595  0.9366113   0.16923779  0.34831859  0.95619061  0.13749219
  0.42420988  0.1204432   0.56371545  0.70718468  0.59827981  0.34901296
  0.38919528  0.81314473  0.57816647  0.47785188  0.37232792  0.64254432
  0.31587587  0.73289795  0.1043194   0.13524116  0.13197104  0.09260974
  0.05494808  0.29444489  0.81770211  0.15838598  0.85876121  0.38818233
  0.30078544  0.48973781  0.10468231  0.45614667  0.69865973  0.68218895
  0.79065024  0.59186587  0.25205579  0.21662041  0.28259885  0.62560261
  0.75851163  0.81075118  0.56079754  0.68036485  0.53049714  0.96582321
  0.69237576][ 0.93879987  0.31816232  0.53908215  0.14005911  0.85943296  0.90158463
  0.9037966   0.3169086   0.98631737  0.24346113  0.69829839  0.0143496
  0.47967853  0.59935471  0.39552728  0.59397183  0.89291941  0.12405029
  0.59901136  0.67219734  0.73373657  0.09141042  0.74298293  0.14061225
  0.42155586  0.37184077  0.49484738  0.99243487  0.59561676  0.37995005
  0.2041506   0.43947828  0.32582861  0.48218908  0.55446345  0.24566949
  0.90560188  0.69626835  0.84136919  0.05102051  0.52798775  0.96721002
  0.85139966  0.92113403  0.85290831  0.25708855  0.35155758  0.13507081
  0.54546152  0.72640949  0.60926004  0.84798075  0.99781479  0.04911462
  0.28016337][ 0.33326831  0.30660071  0.71390119  0.38018009  0.55449269  0.72889796
  0.13134649  0.66145747  0.97151412  0.55728954  0.13902777  0.7495513
  0.21171302  0.29071109  0.74509642  0.4042151   0.73888613  0.56972535
  0.52466218  0.36506262  0.57276769  0.10379832  0.64575025  0.0252678
  0.38732095  0.98651844  0.34352634  0.99830115  0.12388423  0.7851527
  0.79515396  0.04044814  0.58737795  0.32446984  0.79041102  0.65824081
  0.38997667  0.65439059  0.9931678   0.55500085  0.8588392   0.91140838
  0.45407636  0.97023699  0.59982474  0.93677267  0.26620245  0.80542228
  0.34337581  0.12615398  0.25519925  0.81563133  0.58350873  0.23115944
  0.23472757][ 0.13107811  0.56482165  0.25115869  0.63512109  0.08850001  0.43680458
  0.93328564  0.86132425  0.14444984  0.92326133  0.86721315  0.779818
  0.98447512  0.58510704  0.45587636  0.63567841  0.94031439  0.16813276
  0.38507409  0.45557664  0.03711553  0.01123341  0.84372909  0.37571679
  0.19234668  0.56351013  0.17524141  0.03915575  0.52575455  0.07522658
  0.83643479  0.93947435  0.3100496   0.77349051  0.20700165  0.96106582
  0.74193329  0.5072692   0.80677124  0.8290745   0.74980403  0.53218993
  0.11045579  0.07363279  0.47075602  0.11490513  0.97699688  0.78760066
  0.93402187  0.03773717  0.35631744  0.56411605  0.31103609  0.51770327
  0.71310489][ 0.09280916  0.67353685  0.86117531  0.41480444  0.03914171  0.87194549
  0.00410834  0.08366644  0.52860718  0.01014757  0.71149686  0.55995691
  0.67487547  0.05448183  0.57845279  0.81418421  0.17554972  0.43607666
  0.80892393  0.38248017  0.53327479  0.36259156  0.42521946  0.15092853
  0.18795615  0.89074108  0.2260069   0.68565569  0.40710837  0.89976072
  0.22842506  0.17084945  0.13123835  0.76342706  0.50307862  0.24144566
  0.9015081   0.43625199  0.74744299  0.52990979  0.99831505  0.47290608
  0.62054952  0.06011635  0.82053789  0.63454607  0.51264664  0.91429768
  0.58798774  0.07312458  0.85796167  0.53440641  0.75366888  0.73263472
  0.07508277][ 0.52510926  0.42285986  0.96123672  0.02371952  0.34762015  0.46371199
  0.68448533  0.74130638  0.22208288  0.57161009  0.73711027  0.76546374
  0.59392711  0.56458177  0.87226643  0.43136264  0.94366997  0.60192471
  0.35997339  0.69481674  0.34250633  0.18714313  0.78520377  0.20847361
  0.53921781  0.67712207  0.09735252  0.1997157   0.0898464   0.28388719
  0.72170474  0.93534699  0.43069549  0.54550031  0.98069172  0.25014865
  0.24305822  0.02211238  0.03952448  0.83436293  0.54259305  0.47746501
  0.51928805  0.51335237  0.59389773  0.17732754  0.06931533  0.92331734
  0.66865697  0.63142207  0.66326631  0.92237445  0.96130235  0.31829094
  0.94544202][ 0.75044048  0.75475851  0.32974937  0.95457688  0.93692771  0.99008192
  0.1610812   0.22086607  0.68794313  0.78538477  0.91266424  0.73150836
  0.36814153  0.06517811  0.56632738  0.269068    0.76018918  0.12908464
  0.42040646  0.04918821  0.10908329  0.45625748  0.98566677  0.03557823
  0.62871225  0.99643213  0.28609194  0.40930035  0.29494191  0.93032409
  0.98612605  0.96476683  0.48027501  0.0279962   0.13292348  0.12529662
  0.61286917  0.92953046  0.68940747  0.92551194  0.58511611  0.19488206
  0.1467278   0.95121883  0.7993095   0.81892886  0.25711113  0.08692244
  0.00632144  0.71567764  0.51680401  0.21757786  0.30276255  0.22272176
  0.08939186][ 0.09532191  0.11794454  0.24251212  0.7511875   0.09211576  0.51603275
  0.81985913  0.39023761  0.21451286  0.62770382  0.38711508  0.61689328
  0.19045478  0.81438827  0.6692085   0.52476994  0.26944473  0.84657142
  0.63025491  0.39673244  0.36977656  0.42697017  0.80086678  0.59161386
  0.77134153  0.03781467  0.19608101  0.81797209  0.53721441  0.29143269
  0.61275351  0.52585156  0.02890063  0.17156726  0.70763693  0.00841583
  0.1054011   0.98333202  0.9615359   0.58214276  0.72384359  0.65042069
  0.78832683  0.59493516  0.22472207  0.40439592  0.81932433  0.36709466
  0.63399232  0.5491429   0.03204257  0.19007209  0.441182    0.03061389
  0.45513207][ 0.97092359  0.03521575  0.96771015  0.37341894  0.6978524   0.90331055
  0.25406285  0.17249803  0.36984642  0.5610614   0.97469267  0.88393828
  0.97031082  0.49524919  0.81411311  0.69560102  0.74750446  0.18441595
  0.44074138  0.74610354  0.31769841  0.95758801  0.88064084  0.42615506
  0.16453391  0.87446397  0.95026924  0.4180653   0.4093661   0.34269459
  0.01614055  0.66934222  0.75013944  0.15356029  0.06634054  0.0094034
  0.85241804  0.44479513  0.58181204  0.46939074  0.60058967  0.26810592
  0.36526624  0.7040295   0.07131357  0.63327378  0.87324962  0.83609069
  0.72952447  0.59106044  0.34705878  0.4592667   0.06737012  0.39616288
  0.55495461][ 0.66332376  0.24331208  0.71684185  0.17984023  0.75747114  0.74317507
  0.78167599  0.58202932  0.91571866  0.17319544  0.25122122  0.51863082
  0.27938282  0.24608382  0.13789667  0.27336748  0.30130089  0.44071105
  0.86390096  0.96295534  0.26835974  0.31388297  0.90175358  0.15492373
  0.47640888  0.79904297  0.89281676  0.39473311  0.13888039  0.96776679
  0.64951298  0.78419192  0.64763373  0.88778403  0.2177262   0.5418582
  0.6506657   0.49055552  0.60661765  0.42833701  0.69712251  0.30485861
  0.58370434  0.90292966  0.10200377  0.63332986  0.05775563  0.70316185
  0.78204462  0.0433393   0.45344432  0.40517025  0.36910901  0.30944794
  0.21019073][ 0.06807429  0.12788664  0.64172588  0.73497722  0.20189347  0.8403495
  0.14363922  0.12377401  0.7299316   0.27826899  0.04474282  0.67265912
  0.78307135  0.74606061  0.37968719  0.10860733  0.1233606   0.73323021
  0.94404614  0.36830858  0.96495814  0.93939804  0.70407799  0.96079625
  0.07189667  0.78050467  0.41898329  0.07813176  0.51715882  0.69515623
  0.48140392  0.33158798  0.98379757  0.12220124  0.88755206  0.26415765
  0.68353177  0.7336606   0.1695238   0.46016201  0.37558959  0.1075914
  0.08857968  0.08995521  0.86329472  0.31867003  0.62025945  0.55746567
  0.57432512  0.11643807  0.44140922  0.09626726  0.85831585  0.86776163
  0.31314277][ 0.3518311   0.63264818  0.35619498  0.96390496  0.72389639  0.93104504
  0.57087827  0.96841411  0.49466212  0.3374156   0.25904886  0.79552405
  0.97150032  0.14349129  0.28067452  0.81229895  0.91508167  0.37354959
  0.02445805  0.36317357  0.13278565  0.62941746  0.3258222   0.60258373
  0.89790951  0.5983219   0.43977666  0.01157875  0.51785539  0.26182418
  0.62740854  0.67105044  0.46806839  0.54211719  0.56014981  0.91069114
  0.03267063  0.20011193  0.68434382  0.36940352  0.06083188  0.57592067
  0.19434426  0.82358494  0.51724106  0.15008621  0.32906628  0.2789428
  0.11571537  0.91687862  0.31866308  0.26563447  0.96796606  0.26223229
  0.56627697][  4.29822529e-01   5.55902077e-01   9.94584519e-01   4.88441861e-01
   9.24964890e-01   4.74886464e-01   4.27926484e-01   9.17236650e-01
   7.67606784e-01   9.00265322e-01   3.32753488e-01   8.54169425e-01
   6.77347616e-01   5.96060360e-01   4.90801092e-01   3.70891692e-01
   8.57955853e-01   6.33151055e-01   8.95396567e-01   6.53132091e-01
   6.62533765e-01   7.07068723e-01   8.80104846e-01   6.76418322e-01
   7.52632660e-01   7.44186437e-01   1.70273985e-01   1.24911252e-01
   4.78941527e-01   1.76807918e-01   8.59545695e-02   3.12428494e-01
   4.15811876e-01   1.71690392e-01   1.75909607e-01   5.75174297e-01
   4.61588799e-01   6.59384347e-01   4.36722090e-01   1.75631576e-04
   1.11855399e-02   6.18711606e-01   3.62366686e-01   3.30625103e-01
   5.87410375e-01   4.74352294e-01   2.90092461e-01   5.23833907e-01
   8.82209804e-02   1.70739885e-01   6.15395437e-01   7.50817729e-01
   2.85783668e-01   5.93138877e-01   6.81794223e-01][ 0.81669118  0.94356439  0.52544711  0.22815846  0.7700039   0.89319251
  0.59684854  0.32583802  0.50945835  0.26731325  0.28867189  0.63621299
  0.3680202   0.34799358  0.37651881  0.01667854  0.49997905  0.17846591
  0.36974106  0.15652733  0.76016339  0.60120594  0.22135975  0.06113211
  0.19878282  0.93359853  0.98764718  0.306482    0.3265733   0.67313035
  0.20331423  0.12951454  0.32466951  0.57085669  1.00351658  0.39085208
  0.19331327  0.91246161  0.49149932  0.49772452  0.42028746  0.47423426
  0.48397756  0.85836296  0.61068673  0.11073721  0.24863241  0.74288144
  0.41355627  0.85852826  0.78661366  0.69963132  0.78454676  0.59803752
  0.92210122][ 0.58461832  0.05721007  0.62536386  0.94712977  0.55030578  0.65455854
  0.94306306  0.62503955  0.09567975  0.36657563  0.55100214  0.50125405
  0.16378591  0.71582604  0.59096095  0.72195988  0.14224446  0.57844341
  0.52822092  0.63976983  0.75831508  0.83803694  0.64302887  0.5009264
  0.34775526  0.16635323  0.50740371  0.25514781  0.9031348   0.61588747
  0.86563216  0.36815415  0.87064343  0.12152313  0.95882201  0.45603888
  0.37552153  0.13307729  0.80843351  0.44399177  0.97278925  0.98724401
  0.26961205  0.0826032   0.68230417  0.34864241  0.35981866  0.98615386
  0.74727245  0.18720306  0.08029999  0.42881728  0.27547109  0.6590794
  0.41608083][ 0.11618604  0.18809324  0.56005603  0.41130475  0.56037986  0.32880686
  0.0373567   0.93229445  0.28101602  0.23347264  0.50401136  0.56108296
  0.33834442  0.51965887  0.57500908  0.95468216  0.80335079  0.7408898
  0.10905786  0.69860934  0.78693473  0.03674267  0.56784908  0.69355249
  0.8277371   0.13882483  0.07949328  0.64343888  0.44940209  0.53687249
  0.89318472  0.00298887  0.9641436   0.63228068  0.38327015  0.12236576
  0.8457709   0.5012549   0.9125369   0.07765242  0.55333857  0.42886947
  0.03887283  0.95792995  0.63542342  0.9133768   0.96760931  0.91318896
  0.98641576  0.08928683  0.10735577  0.38283298  0.8040553   0.82060212
  0.56529424][ 0.84335485  0.28225087  0.90263676  0.6494191   0.48737172  0.06620453
  0.10655895  0.76674247  0.15198047  0.9800216   0.99932815  0.90677431
  0.34249908  0.49361445  0.13155192  0.82374048  0.21428512  0.64881931
  0.32981035  0.51165047  0.50888765  0.94417548  0.77998828  0.46095428
  0.29413668  0.37615976  0.62764759  0.13222718  0.44785284  0.71805207
  0.19286654  0.77493671  0.109464    0.55968738  0.90029657  0.14409052
  0.46298036  0.83955563  0.70961905  0.87936076  0.59495642  0.19113008
  0.78159017  0.16224978  0.18723212  0.05422159  0.16590121  0.02420687
  0.71135595  0.87103925  0.27496133  0.30201731  0.32176437  0.29488387
  0.99585745][ 0.36239445  0.07377435  0.03381002  0.89638166  0.41304305  0.46754336
  0.66247945  0.00748694  0.82792744  0.53861433  0.72973768  0.34316614
  0.94567677  0.96187968  0.93049009  0.62625427  0.91439671  0.59700383
  0.17310665  0.27807534  0.2280209   0.6992213   0.87803831  0.94411128
  0.18753043  0.06857524  0.2013851   0.54297338  0.53591946  0.71611843
  0.36167346  0.6485599   0.16810571  0.35494033  0.84241892  0.97793327
  0.9582577   0.98894237  0.87441319  0.53795245  0.44687545  0.35039294
  0.91930937  0.20306123  0.46178004  0.21688428  0.82852596  0.84546805
  0.21095225  0.63236103  0.5326083   0.6933927   0.42479728  0.65530941
  0.80319292][ 0.31473109  0.32420108  0.90546443  0.98913626  0.69222916  0.76167724
  0.82788745  0.09503018  0.42090707  0.53473444  0.51025395  0.11281782
  0.03255213  0.8516913   0.47841767  0.68570238  0.85204374  0.09461917
  0.94785095  0.91768393  0.59010994  0.89355129  0.332444    0.10134552
  0.93811558  0.69533402  0.04910345  0.91438603  0.61592794  0.25784084
  0.59859787  0.66814746  0.83942676  0.65122985  0.18117829  0.2528078
  0.3289909   0.04639519  0.70959289  0.26311377  0.15663476  0.69681479
  0.75627186  0.73549435  0.08199566  0.73131908  0.11369262  0.1090268
  0.36046676  0.64279267  0.28414915  0.07414705  0.43398417  0.54921658
  0.45056914]pesos capa salida[ 0.23371747  0.38308269  0.29693006  0.32126502  0.6450924   0.84213053
  0.66360436  0.9350654   0.83234173  0.12234476  0.61824173  0.5431152
  0.26103054  0.55971689  0.64061775  0.18136266  0.13210051  0.11602131
  0.10499447  0.89684165  0.9919984   0.59302262  0.50372566  0.67936496
  0.69832395  0.61266067  0.96518105  0.72632367  0.95661917  0.01408521
  0.92324028  0.62693835  0.9340242   0.00117799  0.56246739  0.26698905
  0.35932516  0.389424  ]mejor error35.70293980925428