
 fecha de inicio Mon, 15 Jan 2018 03:55:16 
 fecha de la generacion Mon, 15 Jan 2018 09:47:04 
 generacion: 3165
 pesos capa oculta 1
[  0.30380075  -4.14464697  -0.9013822   -0.06839376   3.45431764
   2.14547374  -2.24262658  -1.01728696  -8.22078446  -0.20369859
   4.28991788   7.40310953   1.63725147  -4.27872836   3.0375484
   4.89793836   2.60214722   5.4071331   -4.06890569  -4.56206475
  -5.09112613  -2.72148421  -1.74106771  -0.42071143   0.97750378
  -3.11586101   6.35396692   1.57830876   1.18612226   2.92506461
  -1.92743039  -6.23581084   1.63542699  -1.60558406   0.79717258
   3.4139104   -1.97234105  -1.23219271  -0.74056609  -4.39978431
  -2.43220179   3.25460371  -6.91088993  -4.96245547   6.19100156
  -2.34991202  -1.75869703 -11.40407941  -3.48979645  -1.24838063
   2.40108291  -0.30873295   3.14249304   2.94637732   1.04815158][-0.42010972  4.77124517  5.30939276  3.26017159  2.92739757  1.90145966
 -1.81061988  2.82221704  3.30409721  4.23983861  9.10021245 -7.24422235
 -4.12483089  5.73697333 -3.98324923  0.78380466  1.37370312  4.81205224
  1.06980362  1.83346309 -0.42458552  1.14210266  5.73737107  1.86619339
 -3.51016816  1.04581179 -5.20543975  7.48932353  0.27718002 -6.40242553
 -2.5991103  -5.67830628  0.45890897 -0.56800947  7.4498948   2.34642301
  1.80754015  5.3693568  -0.6612138  -0.11617819  0.1754778   8.36538183
  7.01985175  1.25294139 -0.30637181 -0.63887581 -1.34625705  2.66247517
  8.70008987  5.7369271   2.38603307  4.23676295  0.14714654  8.83593325
 -4.65726887][ -2.36743127  -0.1061802    0.41441049   0.08279922  -2.47820731
   4.99767286   1.2977586    5.83907944   1.06123169  -3.03211916
  -1.77985267   6.20635997   3.62734275  11.07384359  -5.98296675
   0.80759459   2.13878708   3.59037283  -3.09472682  -2.94259497
  -0.58644868   5.22460281   3.38570042  -3.98336008   3.55058666
  -3.34502287  -5.56490021  -3.40531828  -2.82981165  -3.23667448
  -4.03323209   0.70276951   0.29303468   1.75496686   0.12060081
  -1.20541334   6.66280143   0.48040498  -0.76367412   5.09757607
   3.59848102   9.36830222  -3.59362084   2.06291992   0.80006522
  -1.63522915   2.06030174   3.52264031  -4.89457968  -0.20065941
  -3.52142126  -1.20944464  -2.80573418   2.11276244  -1.44070769][  1.01205512e+00  -4.80320826e+00   1.61126482e+00   1.19536458e+00
  -2.76747060e+00   5.73637685e+00   6.58757915e-03  -5.96095870e+00
   3.51577981e+00  -5.22828293e-01  -2.03896046e+00  -2.29419785e+00
   5.57286916e+00  -2.55925491e+00   2.34016169e+00   2.30188314e+00
  -2.93030680e+00   6.17802894e+00   1.58167712e+00   7.11127806e+00
  -1.59179694e+00  -2.36531463e+00  -3.37516850e-01   1.59006005e+00
  -8.79594462e+00  -3.34584321e+00   4.20756693e+00  -1.15852168e+01
   1.49003572e+00  -2.04688119e+00  -2.68672645e+00  -6.17593259e-01
   2.51284117e+00  -4.07350533e-02   2.18327905e+00   4.79698722e-01
  -6.89114344e-01  -2.77352325e+00   5.52126808e-01   3.17241747e+00
   6.09205785e+00  -2.33431147e+00  -7.03119211e+00  -4.48700631e-01
  -1.77076670e-01   4.83670234e+00   1.71701563e+00   2.84387761e+00
  -3.42928966e+00   6.40376946e-01   3.98136924e-01   1.28784641e+00
   6.41123821e+00  -2.20696006e+00   8.26713506e+00][-1.7618264  -5.19680254 -8.73722078 -1.8989027  -3.2101937   3.27014837
 -3.02198127  1.80791256  2.00864889 -6.33928638  4.18564659 -3.22058031
  2.60984318 -7.09104932 -3.78143729  1.97076173 -5.58914122 -0.11662505
  3.11925487  3.93387566 -3.86148474  1.60556704  4.9653687  -0.16727899
  3.86926531  1.32097617  3.03896776  1.34614981 -1.76161769 -5.29555693
 -0.97506932  0.29763257  0.10185931 -0.62275952 -1.48190129 -3.04358592
 -1.3109931   1.66269496  6.05088282  3.59165855  1.40614543 -0.29404963
  5.36682163 -1.15296106 -4.7674561  -2.25820323  5.48645052 -4.58072691
  0.38487625  0.10141278 -0.97108413 -1.24886979 -2.32190251 -6.10211972
  3.5940605 ][ -0.9698969    3.92693019   8.04040907  -2.39428163   0.03088114
  -0.816475     3.13878465   2.89987442   1.49284555   1.22375408
   1.19573698   0.89502808  -6.03361729  -0.15594793   2.89080088
  -0.57568714   2.51664195  -2.07174131   5.40394416   0.09344952
   3.73751644   4.1952933    2.97225601  -0.18824849  -2.16551051
  -6.40956035  -3.52938259   1.07169878  -0.20122861  -4.30065156
  -0.67296707   0.44869098   3.57132241  -2.4546044    1.17392646
  -4.7883651    9.2234111   -6.99677054   3.02631364   5.43828919
   5.62673091   6.24213032  -1.20458307  -1.83268979  -1.95648058
 -13.22845416  -2.40147012   0.98114196  -0.91774103  -5.78221751
   1.92133153  -7.58094555   9.22910105  -3.13575574  -0.0980951 ][ 4.26458579 -0.3881687  -0.6296576  -7.86840673  0.19517918 -3.68752484
 -8.89910728  1.97130283  3.81766548  5.6432644  -1.79671969  0.70520984
 -0.96009154 -1.52654934 -0.38921129 -3.16636741 -6.69115602 -2.02689439
  0.21102329  0.42460675 -4.98742103  3.63488731 -7.58987338  1.55458466
  3.72259146 -3.07982477 -7.534802    0.66972726 -0.76058384 -0.4988094
 -6.33136615  4.27730694  0.54841993  1.15797731  0.9514254  -2.93036066
  0.751611   -3.2012564  -8.2903191  -0.52320224  3.2737309   1.47541106
  6.95610484  1.58836172 -3.56494794 -3.86648252  3.90436903  4.58301105
  0.05906434 -7.43036978  2.47872731  6.14967369  6.0297293   0.94617602
  3.62181225][  2.26502413 -12.85867251   0.7758527    2.69122542   1.65951316
   3.01576263   1.02688528  -3.20797838   1.38781566   2.77704463
   3.72478878  -6.34565218  -6.798863    -3.95574318  -2.20728404
  -2.6979199    7.44933659   0.09077965  -2.15192664   1.76422726
   6.93081945   4.20203348   3.87647677   0.41184616 -10.3312011
  -0.6459685    1.42145867  -3.03971141   3.19394836   1.44679583
   0.20761746   3.06872345  -2.16030976   2.05458268   1.91182108
  -4.46478517   0.72166714  -4.54308923  -2.94089097   1.5318241
  -1.12652421  -0.93789121  -4.92208417   0.7693499    5.53715473
  -1.48300663   4.82305397   2.24751216  -0.78785658  -1.11409462
  -1.62973316   1.61899365  -2.58365356  -1.78491256   2.39430343][ -1.09987728   5.10970545   1.24156652   2.5418797    4.44482025
   1.64107976   1.44416199  -1.91460748   4.99724591  -5.15388196
  -1.42483088  -3.29683211   6.94267077   0.43387383   3.45947491
   3.39039075  -2.73992674  -4.58995857   1.60680043   4.77608507
  -2.04813348   4.11588027   9.34842044  -5.65077522  -6.05350913
   6.92433262   0.83784425  -6.04976306  11.17021566   1.76048487
   3.67494399   2.24634692  -1.58481925   2.98690273   0.09592341
   0.26308125   3.32748223  -6.07389967   1.38389354  -2.6431061
   0.33031017  -3.2762309    5.78541692   2.58793244  -4.42790597
  10.9664172    1.65978654   7.50939085   9.0777858   -3.00972842
  -5.52544678   4.7784167    0.41105369   5.74214834   2.34092896][  0.93766675  -1.83819871  -3.35291205   0.63041279  -4.86768168
   4.60448158   0.87484105  -1.41635556   0.44181911   0.08006854
   5.69124693   9.55807112   0.33887515   6.90123951  -5.34730695
  -3.61602254  -0.83149328   0.79425136   0.06628098   0.57763394
  -0.80764075   5.62800667   3.07542128  -6.55656923  -0.07455537
   2.44384025 -10.54025477   2.24994938   8.2921224    6.45418211
   1.85422197   2.83837954  -2.0510319   -2.15813565   7.05033254
  -0.44998097  -0.89056446   1.44599625  -5.33891217   3.06014567
   7.69312452   2.11384818   2.79181405   4.99598441  -0.46848045
  -4.74817045  -3.16327098   7.05481079  -1.39380619   2.90814504
   2.21930167   2.15155614 -11.36767911  -6.0983773    2.5582365 ][ 2.43536223  5.65895225 -4.01187906 -6.60602899 -0.4263423  -3.66433929
 -1.66373706  2.36277854  3.41402072  0.11174139 -0.49514262  2.21224437
 -5.57463535  2.64942166 -0.86730125  2.98701726  3.31141579 -8.04252085
  0.2799874   0.32636884  1.79477696  6.89487533 -2.55744547 -5.98840406
  0.91187662  4.49597714  2.98566075  7.14795096 -5.07711335  5.25127812
 -9.08495799  0.05637424 -5.54556847 -1.60764862  5.7597668   2.96060942
 -1.27577829  2.17661066  6.17939106 -5.02845726  4.00210031 -1.12311585
 -8.06345145 -5.54127052  3.93606063  0.38736537  4.35892841  1.50073162
  1.04104578 -4.60016813 -0.73967101 -3.219593    3.14095795 -1.5452206
 -5.26303243][ -3.21387552 -16.24781535  -3.0306415    2.50212692  -6.30155418
   3.7884739   -3.97735328   1.59708819  -6.71285414  -1.3900138
   1.69115213  -4.40965938  -4.11526241   6.2387499   -1.84544858
  -2.70899889   4.07198498  -0.38268153  -0.59744441  -2.81271139
  -9.1552715    3.49268976   3.48108584   0.54174734 -10.39785492
   6.58940097   5.62435385  -1.72504818   0.20724256   0.98487718
   1.36024571   0.47698942  11.82735648   0.44796228   9.22509826
   2.19661833   3.50455376  12.98960789   0.45991392   1.2301964
  -4.66557355  -8.42650216  -0.65630864  -5.94771015  -2.80930693
  -0.91589949  -0.83671365   7.74905433   5.77412201   4.30121476
  -2.58116577  -0.37748738   4.5357486   -1.28825155   6.03053935][  3.9103113   -4.94680797   0.40021833   4.24320322   1.73118158
   5.46853516   1.61111643  -4.47995441  -2.62689635  -6.6317605
  -2.18453138  -2.99489345  -3.65853241  -4.63282389   5.63041731
  -1.95532823   3.61304591   4.05400982   5.43242485   5.53570006
  -4.20564214   4.33214796   0.60016286   4.94775074   2.01583418
  -2.25942215  -0.52246208  -1.8395642    1.89600771  -0.51535418
   3.23787895  -4.09337098  -1.44243776   0.5050298   10.52549242
  -0.70833125   3.25442692  -9.74258759  12.55473669  -0.66313106
   4.58403635  -1.60915409  -3.19650092  -6.98976018   1.47707543
  -0.96662214  -2.90885454   4.08964509   4.27259442  -3.13388159
  -1.76121107  -1.18579609   4.45655566  12.18774496   3.29619826][  4.97796718  -1.58764583   1.30634633   3.91617617   4.02681112
   2.87791687   1.25248733  -0.15884215   0.7862442   -0.96736899
   0.38064445   1.43559037   3.71030619  -1.553336    -2.06999822
   1.03375662  -3.33626615   9.8571867    2.11391099   1.69022099
   1.93371933 -10.95215333  -8.8931362   -1.3108788   -0.12505392
   0.0908906    2.10389548   3.76941926  -6.3149093   -3.10936208
  -5.08760401  -1.32311869  -8.11275247   2.54047555  -6.84394949
   6.01611238  -3.97718711  -0.41201834  -0.63831364  -6.93908692
   3.83817348   1.22954773  -6.24084877   3.33793298   4.30093561
  -1.45879551  -6.1809012   -4.03047613   2.07605643 -10.13107973
  -1.05300582  -2.66445775  -3.71706691  -3.99857342  -3.63418579][ 6.54301542  4.88267949 -1.78790068  1.78167595 -7.28641993  4.43870355
 -3.59481895 -0.91506739 -8.27141021 -7.21000621 -3.87317264  3.77005921
 -4.93427225  2.45482037 -5.62940304  0.74172765 -6.10468507  3.45737501
 -1.70838001  0.49139075  3.42118717 -2.27304268 -0.07504344  2.58123411
 -0.36442158 -2.62572457  2.04308398  0.02516421 -0.79202612  6.40319852
 -6.995219    0.55378785 -2.51532195 -6.35330908 -5.44193463  4.89330511
 -4.72138875 -7.04246862  5.10946262  1.62866597 -1.58824148 -0.97414385
  0.56416022  0.21293383 -3.73816146  0.40547018  3.62986786  0.14885627
 -0.26255145  0.29521948 -7.27068052  4.13292019 -3.95369962  5.01864217
  5.81768334][-5.65415937 -3.68625642 -2.41346499  2.98569108 -5.27054226 -2.14715807
  1.78286653  6.06111952  2.21788011 -0.47564401  2.02361377 -0.93563687
  2.44869659 -1.76035856  4.07067593  0.40216102 -5.97628504 -3.68936501
  3.86757894  3.75155576 -2.92682715 -8.53968537 -3.41264395 -1.8617926
 -4.55452128  1.91785639  2.23713987 -4.87574201 -4.64945037  0.35257688
 -0.44181965 -2.89541933 -1.17558727 -0.43079938  8.45585088  0.35965018
  4.47824595  1.89469109 -3.68314452 -2.45006298 -0.20931726  2.88751481
  0.11937531  2.87676467  1.45042318  1.66079736  0.95158091  1.91928741
  3.62988618  1.55491445  2.5153916  -1.45376323 -7.6470747   5.57841652
  0.25902689][ 3.20661593 -0.15619423 -4.40931901  4.18266465  2.09401831 -2.07432464
 -8.15228905  9.16163547 -0.5999219  -9.49960076  4.04792273 -8.42214872
 -2.41029869  6.78995716 -4.74764101 -0.02332525  2.60151344 -6.20601416
 -5.20559374 -7.14972072  5.84326468 -0.61960406  2.86926107 -2.18183296
 -0.48534743  0.03969987 -2.99946727 -0.85832512 -1.10826252  0.8554796
  0.52753757 -2.90325742 -8.53212555  8.3027379  -0.77524379  3.38472511
  2.26882693  3.45322313 -1.83256673  0.92144876 -2.2191547  -5.41817323
  0.15210075  0.37488913  0.02965429 -2.89276893 -2.7327913  -2.73049097
 -1.87177503  0.15282292 -4.31681567 -4.58967717 -3.19462617 -6.08687301
  1.85277634][-1.00991419  2.70035965 -1.79176048 -2.28304984  1.33953294  4.38881247
 -4.0322963  -4.26468233  4.97628191 -3.44326923 -3.34567203 -1.64840349
  0.17378522 -0.41668731 -1.69153665  3.76553611  5.14108198  0.47138864
  0.45873392 -4.04303862  6.23586202 -4.90892182 -6.35067646 -0.30547789
 -2.24119143 -2.42198049 -3.48746553 -2.7772655   3.09729111  1.09904733
 -9.88361174  1.68324808  4.74461657  4.49486581 -2.06810109  5.06508567
 -5.87073467 -2.50280164 -1.40208253  2.06288628  2.57484817  0.27020872
  0.24486739 -5.06442221  8.87562135  1.26528492  0.95610294  2.89360282
 -2.63132836  1.95542744 -0.47616749  1.34326783 -0.19280545 -0.02021888
 -6.01680027][ 2.60449138 -0.35997031  9.86969469 -4.0896619   5.12371815 -7.31279368
 -3.66627377 -1.22230851  3.8229314   5.63542143 -6.21926567  0.67839859
  4.51896329  2.83042104  2.71204127 -5.27755091  5.48791853  5.42492287
 -3.15362771  0.71713472  0.49696097 -1.89943752  0.63923482  5.85276166
 -2.86012746 -1.34625469  4.53659434  2.2492338  -5.79331492  1.52470571
  1.81833829  4.54091616 -0.66084363 -0.28811795 -0.56718665 -4.13882229
  1.17249929 -3.27049082  3.62544633 -1.4575848  -0.68424908 -3.92099244
 -2.81050966 -9.14725055  4.48349019 -7.70992259  2.22093304  0.64085629
  1.71167109  5.4072003   4.82470406  3.4438853  -5.16387118 -2.29082314
 -1.96160619]
 pesos capa salida
[ 0.98338976  1.33915267  0.27001216  0.08155563 -1.03365551 -0.12839511
  0.70132561  0.222365    1.06280936  0.20801978 -2.21153744  1.42318853
 -0.60166019  1.79613665 -1.39540886 -0.20180375 -0.71138199 -0.7812739
  2.11336704]
 biasCapaoculta
1
 biasCapaoSalida
1
 mejor error
118.72680584159478
 Precision 
0.6976542137271937