
 fecha de inicio Thu, 09 Nov 2017 04:59:21 
 fecha de la generacion Fri, 10 Nov 2017 23:01:09 
 generacion: 914
 pesos capa oculta 1
[ -5.12825379   2.25948909  -0.27064031  -3.39536661  -5.35799931
  -3.76647237  -0.85842835   2.21650298  -6.93855243  -0.92399961
  -0.94085634  -4.03187511  -0.42323336  -5.87756655  -1.9063958
  -1.50647493  -5.50781797   1.96070512  -0.06314488  -2.58731666
  -2.21079218  -5.14569681  -0.72785002  -4.11049353  -3.65440009
  -1.30042165  -2.58913688   1.9149053   -0.37224748  -6.79829355
  -3.51131469  -4.80390345  -6.36689416   1.44584646   2.41910959
   1.44431947  -1.69812271  -3.82462842   1.78890653  -2.81869725
   3.08504738   0.0707246   -3.18371286  -0.9160123    1.5997893
 -10.14323583   5.9281847   -3.06417373   2.45656833  -7.16959382
   3.36562164  -7.94095974  -3.6588377   -0.3275215   -4.48753691][ 2.93357407  0.51372594 -2.37299577  1.9376154  -0.87214861 -1.78807213
  8.48501923  0.03590719  1.19570046 -1.15201854 -0.28599617 -2.93022859
  0.20158567 -3.52777248 -0.99642562  7.1559299  -2.49287758  0.69599413
  1.99021341 -1.58185222  0.38499094 -1.3265873  -1.7687168   5.72548831
  0.55116472 -2.79866221 -6.30215358  1.19992362  4.28023332  3.40266289
 -8.65668716 -5.51380277 -1.72586429 -1.16822278  1.66655078 -4.93859601
 -4.38806811  1.54440336 -4.06026929 -6.43465357  1.71183852  7.75014307
 -1.0305877   0.65866906 -5.98069083 -9.45810881 -6.6195038   6.02072358
  2.58509918  1.55150475  2.91525957 -3.85396165 -5.30214262 -1.79010107
 -1.31863285][ -2.23914299   4.13078777   8.77474551   5.873784   -14.7615349
   4.89401065   2.2793631   -0.04801404  -0.32674883   2.70911738
   2.61744138  -1.57191131  -1.77755939   4.50145235   1.25459715
   3.52102503  -2.40251856  -1.84450511   3.49762215   5.34516529
  -4.25828269  -4.39025422  -2.16065237   8.99307626  -2.98468866
  -0.2312482   -5.48254833   0.42881064  -3.1806775    0.20614992
   4.75968603  -4.34593404  13.21288723  -2.59373829  -3.06264275
   0.53981615  -0.58886662   4.16966852  -0.15870376  -2.51035325
   0.27277126  -4.89364087   0.02108865   3.81719184   4.65377498
  -0.76763061   1.23019976  -3.35823535   2.18751615   2.17627068
   3.09829917  -0.04655429  -1.81582953  -3.83783123  -1.97070707][  0.29246625 -11.46222031   2.47721205   0.5020748   -0.81119614
   2.47165101   2.9526653    3.87421876   7.29728908  12.45671491
   0.03523596   2.27323928  -2.81355846  -2.16815917  -4.79107498
  -1.15627907   8.60848109   0.19404137   1.30974677  -1.5857411
   3.38021527  -4.0447783    0.74667202   8.78795384  -6.96525997
  -4.4566601    0.56427805  -1.63831903   1.02157046  -2.50887449
   2.01608099  -5.18305233  -3.26828866   0.21698866   2.28032506
  -6.24671666  -3.38693107   1.19177913   0.12146778   2.67161777
  -0.49107969   3.26129269  -1.10207884   3.4626632   -2.64876974
  -0.83249149  -1.08013514   3.14527225  -3.80912503  11.5677462
  -4.79066739  -3.0468205   -0.88657534   3.87214891  -2.10611324][-8.78589583  3.99811586  4.56787269 -2.7648515  -1.33657655 -1.01318693
 -5.28348393  1.10010246  5.26633481  5.31233701 -1.10027414 -1.40666827
  1.93485932  1.68697679  3.85779805 -2.05870282  1.53036971  6.30167277
 -1.63160144 -1.4709197   0.07400253  1.60921687 -1.06871179  1.76604729
  5.15224175  9.21004148  9.53859971 -5.21896239  2.42013328 -2.84590036
  0.69416454 -0.28600815 -1.27869197 -3.16713611  0.56306585  4.66894138
 -1.06635852 -2.59135459  0.52224488  2.76296465 -2.53372004 -3.42021826
 -0.3792697   1.95700615 -3.65435306  1.52534977 -6.48421428  0.51283826
  0.86619761 -3.30585085 -1.56721881 -5.15680115 -2.31002569  2.84958567
 -4.33265153][  2.58257773e+00   3.08290759e+00   8.24564077e+00   1.85254951e+00
  -4.03836648e+00  -4.39050340e+00   4.64390955e+00   5.05957030e-01
  -1.26140015e+00   3.29506734e+00  -2.12672605e+00  -1.46538720e-01
  -3.00872397e+00  -7.41700745e+00   2.71042416e+00   3.07311634e+00
   1.20408057e+01   3.13301155e+00  -5.18572877e-01   6.02993831e+00
  -3.91373905e+00  -1.44603181e+00   4.25117283e+00  -6.72654008e+00
   2.93985380e+00   5.38988682e+00   2.53443561e+00   3.21650077e+00
   2.58261564e+00  -1.61139134e+00   7.53985758e+00   8.04580291e+00
   6.34685284e+00  -3.02943626e+00  -2.98976854e+00  -5.98866917e+00
   4.47238591e+00   2.38955548e-03  -5.38876547e-01  -3.78301604e+00
  -2.69526934e+00  -2.22723157e-01   4.42377583e-01   9.61434687e+00
  -3.05844586e+00   8.76130483e+00  -1.83971674e+00   8.13960037e-01
   2.21413868e+00   4.75190271e+00  -1.26258960e+00   6.37451722e+00
  -1.45793240e+00  -9.34310729e+00  -6.03001742e+00][ -6.71238475e+00  -6.84817639e+00   2.59666370e+00   3.85031152e+00
   7.84588818e+00   1.99175208e+00   4.32747719e+00  -9.62447258e+00
   7.05587485e-01   1.84466419e+00   5.29338561e+00   1.80068280e+00
  -4.70108777e-01   7.30996594e-03   5.11267949e+00  -4.31833817e+00
   3.98515693e+00   2.34608539e+00  -1.89935847e+00   3.71457836e+00
  -3.02388356e+00  -2.12966216e+00   9.21127179e+00   1.72135302e+00
   2.45744312e+00  -1.49124174e+00  -7.45702184e+00  -3.74873856e+00
  -3.86928146e+00  -6.75852388e-01  -1.01342553e+00  -6.08555766e+00
   6.24387337e-01   1.79677220e+00   1.95309628e+00  -3.92823178e-01
   3.08131404e+00   1.47554191e+00  -9.23544741e+00  -1.11858813e+01
  -6.38226352e+00  -3.55691206e-01  -1.24858001e+00  -1.44196813e-01
   1.28328503e+00   4.77985534e-01   2.60637464e-01  -3.13676448e+00
   3.93851304e+00   3.21108747e+00   2.29179753e+00   7.18068387e+00
   2.23705658e+00   1.05024944e+00   7.12607300e-01][ -8.93534916   5.47195702   5.82209281   2.40865251   6.03661957
  -6.38516932   2.45401116  -3.44566643   0.31243362  11.71218441
  -1.2848497   -5.50504769   4.39524634  -0.57531036  -1.63955749
  -4.01164674   2.15965601   1.60502882  -1.79811574   1.93618995
  -2.77090634  -1.18667087  -3.33164423  -3.44682591  -3.58307663
  -5.11319102  -2.26259004   5.61462976  -2.26051867  -1.49836608
   5.14171901  -4.28721194   7.52830403   0.77617893  -2.44357806
  -1.82323653  -0.53090668  -2.8699324    5.12877825   1.50485704
   3.36619161  -1.27251838  -0.56436735  -4.83618227   0.66294493
  -0.98269911   3.02683302  -4.41265652  -0.829416     1.81466137
   2.87197902   6.14856452  -2.55479213   0.69360794   3.99997898][  1.22444403   2.93313014   0.10325634  -5.90052538  -0.8433027
   2.6770091   -4.5536931    0.81886491   1.12215865   0.86798784
  -1.36937409   5.62885556   2.04029228   0.40244926 -12.37928555
   0.40219411   3.13813944  -2.62861316   1.30895001   1.32776375
  -1.10149849  -1.0348575   -0.35083706  -3.18267727  -3.7378304
  -0.54341832  -9.66858594   2.96348572   0.56601659  -0.76002445
  -0.80255127  -3.31351311   0.17228745  -6.61480326  -2.46025809
  -5.85806852  -2.34255061   2.09778604   2.63855952  -7.44072646
  -5.46355664   0.14412821  -0.15623499  -3.95652143  -4.63624434
  -1.33045767  -0.06472674  -2.08115851   8.24131522  -2.99232547
  -2.3082332   -8.23089206  -1.8165434    1.52557084   5.66592295][  6.22756403   0.33809969  -5.29214874  -3.37536122  -1.85034745
  -5.30382342   1.36177995   3.21288125   2.97115778  -7.41590383
  -4.10855184  -0.23139943   0.52307398  -4.72518311   1.90326121
  -1.5290009    2.62795654  -2.87728074  -0.60476442  -5.95289463
  -0.74773711  -0.49134992  -1.14172982   2.94582688  -9.41080711
   0.5018207   -1.14730755  -2.83376431  -2.96888165  -3.76429387
   5.73177085   2.58379355  -0.66274639   4.13343505  -2.0386371
   1.89206839  -1.39084941   4.85346544  -1.47008816  -1.75706056
  -6.41377708   9.53222968   3.48116595  12.1390946   -5.26137835
   3.27125262   1.2259644   -2.89559609   1.72476259   2.94650461
  -4.68445748   1.55074659   2.81791488   2.38857706  -0.21110197][  7.32340384   2.66695865 -18.23330455  -0.33536788  15.60371481
  -1.37949055   1.01093566  -2.2867787   -3.72925447   2.53204795
   5.07766481   0.43403879  -1.12077306   0.54790113   2.97812623
   3.50633247   3.71545699   4.20481565  -1.19109953   1.32582608
   1.97594737  -4.09291757   7.66208824  -1.33654628   3.54789308
  -1.77656439  -1.33144545  -2.28624378  -1.70240576  -2.09184947
   5.30403399  -1.52806227   3.11916643  -6.08078684  -2.01643357
  -2.6638591    0.64797293  -0.93303221  -1.62470963   0.42532773
  -2.02079916  -5.27744768  -0.16424751  -0.22090885  -2.56536741
   6.16519919  -2.72635309  -4.71524679   2.81783025   0.35589403
  -4.95431128  -3.92076261  -3.13909722  -2.43716111   9.5339013 ][ 2.03983389  1.01050572 -0.70951958 -0.82135082  3.2229824   2.3327265
 -1.88428343 -1.81846098 -1.57843117  7.28582716  0.25780388 -0.76827348
 -3.61585015  0.0184174   7.26288442 -0.40218111  1.1973261  -2.19019177
 -3.14129845 -6.1899605   9.23790752  2.98908587 -9.224182   -7.20026415
  1.91630244  4.00620659 -0.45319186  7.88915019 -5.67094327  0.9393505
  1.81350346 -4.91275832  2.91503969  5.59099384  0.19076255  1.46228483
 -7.28741016 -5.78722112 -3.68224509  0.32356509  9.33062298  2.90077643
  6.88366742  5.52677056  2.16082765 -3.31555268  2.07551233  3.96998216
  1.09582239  0.80954135 -3.09748148 -1.32100318 -3.79207505  0.37803291
 -7.12560879][ -6.21403618  -4.4904635   -1.53545021  -8.4365604   -0.19124455
  -3.32892623  -0.55915429  -1.14267297  -2.90003067  -0.21279353
   0.81401047   3.65919114   2.05998753   5.20036643  -5.17211645
   7.04046624   3.08825556   0.65501202  -3.09716745   3.40743043
  -7.55203063   4.12579793  -6.06117476   7.35717684   2.86420685
   2.74854299   0.22584822   4.35427212   2.36451099  -2.49635785
   1.9421952    5.47138655  -4.36641488  -3.25421218  -0.17315979
   3.471909     1.09895297  -1.09247709   1.37134072  -2.06867866
   6.87490757   3.10950061  -5.38013315   0.79671129   1.47461639
   1.67061597   6.2011513    1.26903883   5.45005644  -0.71765021
   4.12625935  -1.20975151  -8.84220983 -12.3452696   -2.53182414][ -2.04604057  -0.18510541   3.88059373  -1.83612876   3.38656168
   2.15494327 -11.40254458   6.95189903   5.01845299  -4.46285864
  -5.51059806  -1.83096007   3.025149    -1.42775354   4.90693421
  -5.79521981   4.84591661  -0.2298094   -1.16692565  -1.31701716
  -1.3797972   -0.28380224  -2.456259    -3.97478938   1.92453521
   0.10600261  -6.52721061   1.86424127   1.42453042   1.70064119
   1.99164735  -0.56566547  -2.67210748  -5.55665083   2.80350449
 -11.74043323   5.73329346   1.26354349  -3.76018826  -2.06649006
   3.28780518  -5.8229909   -0.67638005  -8.56312552   7.47803475
  -2.60218365  -2.78655463  -1.56941627   8.24875225   0.78503594
  -8.01674256   3.10875125  -5.65916927  -1.32559502   2.02798897][  1.92240747  -3.03758692  -9.39230799  -1.17360955  -4.44885777
  -1.45796246  -5.81495926  -1.03474024 -17.28744184  -2.70931441
   0.89938224  -2.19478161  -0.98638272   8.8816746    4.19470313
  -3.9453421   -4.52776457   1.10329584  -1.9355715   -2.78583221
   7.25554254   1.42861954   6.73285967   3.85166925  -9.65754317
   1.03832109   5.61683319  -2.84684233  -3.41645881  -0.72225397
  -1.43098329   5.00583248  -3.39307037  -2.14502453  -2.07922992
   1.2642464   -4.312155    -5.07463478  -4.9762861    0.91087331
  -3.76328346   2.11590412  -3.57943192   1.85035435  -5.89457904
  -2.17701256  -4.12604378   0.62066196   2.51534131   2.10334076
  -4.34327413   1.33916258   0.79222654 -12.33118643  -1.68467477][-9.91278918 -0.87550437  7.62630388 -0.34433903  3.91301239 -4.42691242
  5.22126443  6.35776898 -0.75981051 -3.31890499  8.48038348  4.32370831
  6.35003669  1.36585561  1.13227305  6.61627673 -0.59028238  1.5170879
 -4.96347482  4.65955801 -6.29486294  3.38674766  0.8072822  -0.41817223
  1.95770501  2.08903897  3.48229299  0.52910121  8.92520344 -5.07029768
  2.54595686 -5.05576344  1.08660444  0.19498243 -2.99853472 -1.31933617
 -1.56416597  1.67650302 -1.5409237   0.19903632 -1.55442547  5.51121042
 -4.56434732  4.93351848 -1.69416235  2.75125945 -3.96696676  3.3858821
 -8.8166557   3.27509784  3.72697929 -5.97973388  9.55675733  5.36646917
 -2.95225871][  1.63219869   4.87894597  -2.48461905   1.33499442  -4.98808392
   1.76413169  -0.21283388   5.38396478  -3.7234934   -2.85711548
   2.20558251  -3.82336446   0.6685654    4.18930616  -3.65725338
  -2.06967078  -6.62364169  -0.5154537    9.77598323  -2.90097358
  -2.1157833    0.90640546  10.62213953  -1.02779966  -0.91488743
  -3.44325633  -6.3883672   -1.86559215   1.36963696  -1.39006068
  -4.97890617  -1.92220494   1.76987329   0.97887437   5.52989196
   2.4542847   -1.06716276  -0.21939109  -0.8699733    1.11934258
  -3.53951134  -4.20965764   6.63021104   2.09833896   0.40146807
   6.35058611  -0.86947654  -1.64843223  -0.79437462  -9.0624624
   1.8255255   -2.91603929  -1.44352267   2.26971796  -3.6874517 ][-4.40453061 -2.6579666  -5.54343053  1.23585946 -6.40107407 -3.50049916
  2.46649822 -2.73395848  3.74229203 -5.23606723  3.98856922 -1.1828675
  0.5312086  -6.59581259 -1.32762675  3.82783864 -6.75946737 -1.14906643
  8.08257373 -6.90229204 -2.75458353  2.19170199 -1.70217233 -3.80213731
 -0.92198009  0.96135577  3.84707978  4.7650605   1.13664717 -4.53728714
  1.51322878  1.9394533   0.93153493  0.94045731 -1.32978521 -3.98134309
 -2.40134166  0.55017249 -1.1291162   1.50000229  2.32744463 -5.63524173
 -2.00356167 -4.32495992  3.53418063 -6.1315303  -4.12711634  2.76666323
 -2.76674751 -4.65771477  2.91353178 -1.25525364 -6.17830123  3.71799575
  0.02940518][ -1.84838092  -4.19085392  -2.22527054   9.23312119  -2.9692518
  -4.16591039   1.53687386  -0.16575891  11.82432999  -4.61491161
   3.21984984   3.70372197  -4.15968835   3.70881937  -2.47986138
   0.18815922  -1.8597761    1.71872898  -0.29160936  -5.68442452
  -0.97716886   0.24190241   4.94391552   3.28191972  -1.40413622
   0.62357174   1.33294808  -1.15419351   0.93424766   2.3854137
   1.50933271   5.31129015  -7.00111943  -2.10801606  -2.06528389
  -1.61932723  -1.43406454  -3.39673274   2.83697623  -3.71670347
  -1.77338729  -0.03608266  -0.87799986  -3.48043406   5.87230626
  -3.81707247   1.7913134   -6.25964885   7.54524722  -1.36785305
   1.68744386   2.48698202  -1.21130978  -0.58836519  -2.34120864]
 pesos capa salida
[-0.78563732  0.30672933  5.75796855  1.09494555  0.78240307  0.06292438
  0.75991053 -0.75872379  0.16562273 -0.6689534  -0.37346274  0.32962912
  0.1058289  -0.25233555 -0.41553141 -0.17655774 -0.4477694  -0.48049281
 -0.38695009]
 biasCapaoculta
-3.9692594508245893
 biasCapaoSalida
1.6235538939817191
 mejor error
117.54631238035905
 Precision 
0.6681146828844483