
 fecha de inicio Fri, 12 Jan 2018 22:03:00 
 fecha de la generacion Sat, 13 Jan 2018 04:00:48 
 generacion: 5525
 pesos capa oculta 1
[ 10.23941698  -2.77775562   1.79890476   3.62419551   3.44329644
   0.18213223  -2.18076129  -8.14406721   0.9264383    0.01751913
  -3.20864677   2.87754253   1.42004173  -0.33400692   2.72315575
   3.62307879   2.03948839  -2.26612805  -3.18374256  -0.20993197
  -1.81228243   0.48637135   4.20896586   3.68308988   1.13972356
   0.8917343    1.86559987   1.49706567   0.67181499   2.43252385
   0.3174714    1.05369987   3.56408108  -2.7239991   -3.48558099
   1.36336278  -1.04709989  -0.03655942   0.31177821  -0.26454307
   0.74931998  -3.94350061   6.30238602  -0.98403786   2.99641958
  -6.77740909  -3.59276177  -4.0524862    3.7470621   -2.35090172
  -3.12658098   7.67287716  -1.90079889   1.5671329   -1.5005088 ][-5.35598693  6.44657514 -3.76195994 -2.07471535  0.21599622  2.94091257
 -2.62918334  4.73667073  0.90787037 -0.01755189 -2.83268864 -0.36660633
 -6.61610082  1.48230277 -0.39252116  8.16770945 -1.6422782  -3.28017537
 -3.04530517  2.58080616 -0.76609442 -5.26042264 -0.80519815  0.12978003
  3.22674901  6.41353237 -2.596778   -3.09120917  0.84236086 -2.8660523
  6.90085164 -0.64943862  1.66645971  1.71260876 -1.94209256 -0.87122232
 -4.97975391 -5.92891308 -6.62948398  3.39453509  5.41349688 -2.96564868
 -2.04153804  0.75700558  2.40708451 -3.18254946 -1.7012006  -5.25745553
  0.3722413  -1.1959761  -5.5387936   0.48528521  0.42620804  0.37334898
 -3.58519372][-3.5698477  -1.26089611  1.36457161  2.8030411  -2.13910297  0.99186453
 -0.14133768 -2.53403417 -0.38964438 -2.01323558 -2.57489507  1.30289401
  2.15759993 -0.81052937  2.30104008 -1.72530688  1.24103855 -0.92009926
 -3.19904084  1.48920252  0.40846462  0.78151635  0.83499276  5.28921811
 -1.46977945  4.89982507 -1.896475   -7.10666966  4.05523188  3.5658296
 -3.48213315 -0.10987252  3.79120357  2.19212485  1.63928893  0.43913107
 -7.04584437 -0.67006233  0.1923965   4.91991179  1.89642787  1.53829499
  7.10781797 -0.58890914 -0.52449806 -0.95387355 -1.57538379 -2.71818246
 -0.34420687  1.40682526  1.9363324   7.00435254 -0.1211533   4.05621782
  2.07031623][ -2.87939471  -7.24666814   1.45651128  -0.55410526  -0.27108702
  -4.70162371  -5.22030649   4.52630634   0.29200445   5.3872731
   0.65627852  -0.24835439  -1.10881595  -0.37315075  -3.43228638
  -5.65739537   3.48897844   2.67619069  -3.58574601  -2.09304659
  -0.75567897   3.5149762    3.85614794   0.8320239    0.48706624
   4.24292712  -8.14821304   1.23602737   2.17031282   1.0133946
   1.27046999  -4.8029235   -1.98109852  -3.41558125  -4.39119752
   2.21740818  -3.08159675   3.16282398   1.21391506  -1.42070332
   0.65337011   1.22138262  -3.33022848   2.05033152  -3.54282267
  -4.44684527  -7.70659629   0.98746654  -0.90341298  -2.8662109
   2.12143287  -4.29761383   0.12609398   1.62622824  11.30869759][ 5.97473368  1.88307185 -2.37972984 -1.68432416  3.16368918 -2.86919393
  1.95420598  3.53585626  4.1781528  -6.3735176   2.06184314  3.7478781
  1.67787706  1.20178004 -2.3056571  -2.60329222 -4.42431443 -5.73491811
 -1.01072985 -1.39365643 -0.28320956  0.07118578 -3.1395898   4.37220701
  2.08101271  5.85281556  2.06897457  0.59610918  2.37949586 -2.03225486
  9.187201    6.05764479 -0.12983168  2.18050858  2.46841338  2.35061999
  2.19456461 -1.82509572 -2.41004756  3.08415537 -4.60489494 -1.28450614
 -0.07915123 -3.01615919  0.10150914 -1.62799595 -0.07446881  1.18072556
  2.81189329 -7.62153828 -4.85827482 -2.74545014  0.51325191  1.54440835
 -1.42621937][-1.67829028  5.34733439  3.78338652  4.34010277 -0.51154109  0.91578274
  7.16814164  2.76284396 -5.43929484 -4.38196218 -0.70865946 -3.42676709
 -4.76930144  0.40625487 -1.78754608  2.82137452 -4.98736628 -1.65911153
  4.8178701   2.85631253 -3.44304724 -1.92191661 -0.18482823 -6.53941098
  5.93864267 -0.11730759 -2.285986   -4.7265077   0.04337751 -2.29082676
  0.54427776 -6.27042943  3.11432061  0.84926184 -3.25222485  1.39465164
  4.52917491 -0.75035373 -2.48843582 -3.44932214 -2.31107718  1.11189919
  2.07490441  1.25797548  3.80618057  5.62729889  2.73651467  1.10678959
  9.73750693 -2.90206229 -0.63721847 -2.97008164 -2.31373263 -0.19589941
  1.05418422][ 9.99577347 -4.96013671  6.0970136   6.29059144  1.671757   -1.50040765
  2.0516431  -0.70286937 -2.53365899 -5.27608096 -1.1827826   5.69277448
 -6.69988935  3.09547827  1.46325821 -1.72874785 -2.12429587  1.80999152
  1.51649506  2.55533484  2.25331157  2.1536404   0.87272062  1.24469724
  0.3024981   1.40553884  0.87554378  1.8699159   0.11173913 -2.78112796
 -5.58790309  0.93320361 -0.92183617  4.67278829 -3.00803272  1.16439956
 -4.85828531 -4.50270824  3.26880417  4.80819859 -1.24831035  3.78295108
 -3.89036351  1.48572186  3.94935341  3.87121267  1.78046772 -5.24868313
  2.60723233 -0.83425594 -2.16667802  0.87505989 -1.08631843 -2.14038062
 -4.15906455][  1.75670397   1.18331494  -7.19099092   0.21382554   0.55102056
   5.67816884  -1.59285232  -2.5480948    1.17880053   4.97627797
   5.78191586  -1.0088957   -1.99754212   1.31160679   2.16432512
  -2.25944806   2.58741962  -3.24089186  -2.34502241  -3.9475686
   4.3820646   -2.980572    -6.29320629  -0.60223756 -10.47788645
   8.26199826  -2.06325952   2.49111426  -3.47536494   1.73201031
   2.01464221  -3.23601512  -5.99147461  -4.10146298   1.12630015
  -3.40909856  -1.37890271   1.18095554  -2.73409424  -0.90358917
   0.08734144  -1.35719742   1.11035538   1.10573112  -0.66409205
  -2.64023342  -4.06837835  -7.21026193  -4.27155772  -0.2404824
  -2.72689224  -2.4758545   -0.63975767   2.67534329   3.85427105][  4.73505301   4.10429172   2.72497296  -2.66705314   3.42658426
  -1.55867514  -1.59238772   3.78844062   0.68698849  10.66277914
  -2.83639001   5.60977949   1.99413342  -3.59138837  -4.98025018
  -1.15444152  -1.33399291  -8.90129338   2.96679707  -6.67061928
   4.8055148   -2.83860973   0.75124429  -2.1337146    1.02286116
  -3.00440687   2.20763206   5.48992858  -3.04868776   2.48416926
  -2.38314661  -3.98259332   1.52386339   3.30775889  -5.40067003
   1.06584672  -2.39091997   3.8643032    7.34480007   1.04468314
  -2.54579558   6.75764743   2.93109463  -1.24853318   3.5001147
   2.27516223   1.31488353  -1.78123804  -2.63079513   8.74216938
  -4.4795812    4.40067111   5.00301646  -4.30759552  -2.34636102][ 2.98637566 -2.12353928 -1.04742548  3.95587989 -0.39614266 -1.97803839
  1.04333517  3.1191312   0.18937511  0.35336829  0.36368294  4.48019547
 -3.66517968 -2.79356848  0.59891251  2.72941293 -3.27339368  2.09084259
 -1.01049191  3.44922754 -1.36631009 -0.51180621 -0.44339012 -1.32490445
 -3.12862621 -3.04042753  2.11936048  1.16625152 -0.2837508   1.13373073
  0.18862921  3.85031793  1.37994279  5.69144764  4.47822457 -1.49419215
  4.50265149  4.44833881  5.13416657 -2.15171764 -1.13187289 -5.75587461
 -0.97214438 -2.79335544 -0.83432007 -2.0914678   2.62899389  1.4005494
  2.10961621  1.89806886  3.02331391  0.68616314  1.02353764  5.23176861
  3.37959868][ 0.54027449  2.85613215  0.49762891  1.47468813  0.78869822  4.20026911
  0.59553639 -3.51435695  5.04857407  5.55412283  6.97629938  1.72564893
  4.22568163 -1.35263394  4.23187331 -3.64300739 -0.12915424  3.50982798
  3.26459     2.76005965  0.38802938  0.54680771 -3.15303159 -3.47834627
  4.86043995 -0.63066014  3.28098852 -0.84385109 -1.86347453 -1.25451492
  0.51022252 -0.8300007  -0.4655722  -1.94213925  0.96844398 -2.80035489
  2.05953893  3.40973782  4.63729163  1.43341581 -0.29870016 -3.07943809
 -3.71130857  2.61578187  0.31062579  3.42442963  1.83362982 -4.02083929
  8.62277435  0.67881582  1.40691822  1.15645498  5.45657575 -0.85337614
  3.76560559][ 2.28762868  5.29303767  3.1004088   1.29259822  4.63065762  0.81779456
  0.58584484 -7.72367904 -1.89858055  6.92938692  0.0655635  -2.09051026
  1.18861163 -2.96619188  0.63603436  3.8002699   3.02945451  3.94569844
  0.62051802  1.13280503 -6.03472601  1.6454367   0.38158515 -2.23345733
  0.82039786  3.49055976 -0.21331874 -2.04271604  4.0763659  -1.45389759
 -1.89153568 -5.3145359   9.71002202 -6.09494594 -1.23415615 -1.08678042
  3.29814457  7.86541705  0.01804468  0.90287486  2.13173157  2.72274924
  0.70951734 -2.10112653 -3.33814878 -3.0510005   3.29404613  0.97298011
 -0.06416114 -1.81960745  0.60974473 -5.87516127  0.96508814 -0.31651918
 -0.93703216][ -0.28265414   5.13843185  -5.91006947  -6.28560559  -5.13779442
   0.0437564    2.18310598  -8.20689612   4.19325026  -0.71386751
   0.90670549 -10.64956329  -0.6836725   -3.46407846   1.92934565
   0.78123319   1.77784943  -1.34427245  -2.95103629  -2.57360809
  -3.58930827   1.90447751  -1.8363441   -2.23820721  -0.03025837
   0.84990358  -1.17490607   0.84962767  -2.65501297   0.08530182
  -5.95520742  -4.6466794   10.29270564  -1.48576813  -2.20772491
  -0.81222511  -3.137447     1.61170093  -4.25853367  -0.09127751
   2.70592096   1.68289972  -1.93346953  -0.63579651  -3.942814
  -3.13303793  -3.99204163  -2.0325589    0.5784784    0.55864627
   5.67807285   2.29374442   0.5414966   -2.1884158    1.77577252][ 2.58778326 -0.15569559  1.91333976 -4.84206838 -1.4223766   1.31775819
  1.93169677  2.89874428  1.6837314  -1.30193676 -2.49914226 -1.94385189
 -2.42019869 -1.25453309  0.90107814  3.63201311  1.56072124 -3.86088091
 -4.39622447 -0.24829511 -5.69826535  1.19599997 -6.74683949 -1.92273598
 -1.96804788  6.26476962 -2.31177275 -3.3282512  -0.03694307  2.40805204
 -0.41274615 -6.11815993  2.758072   -2.73020355 -4.36603075  0.86322227
  2.92551945 -9.92786313 -4.36074857 -1.20860168 -3.68181976  0.88159347
  0.09477158 -1.77478028  3.44073294 -5.63576267  0.85737281 -2.11102367
  2.97644664  6.78112177 -0.33757481  3.52644361 -4.60829555 -3.99799851
  3.36708228][ -5.21611472e+00   1.06612775e-01   5.75763567e+00  -1.99503190e-01
  -2.74575667e+00   1.34371986e+00  -7.97688580e-01   2.54211596e+00
   4.29079596e+00   4.99557501e+00  -2.88616832e+00  -6.99497366e+00
  -1.59903016e-01   1.13031684e-01   2.23839987e+00  -3.40819867e-01
   2.74647426e-01  -3.38449336e+00   4.84873109e+00  -4.72530022e+00
   8.33412749e-01  -3.74183461e+00  -2.24715518e+00  -9.77072028e-01
   6.18821517e-01   1.96060316e-01   1.25624692e-01   6.74837587e-01
  -6.68217597e-01  -3.88908956e+00   7.70381200e+00  -1.48092620e-01
  -1.32742590e-01  -2.11050177e+00  -4.51573303e+00  -1.19964245e+00
   6.20609689e-01   2.60178268e+00  -4.27550521e+00  -3.09982209e+00
   1.13353764e-01  -1.07931385e+00   7.71523091e-04  -2.14198553e+00
  -2.32678271e+00  -2.31229981e+00   1.30197486e+00   2.08382168e+00
   2.04138263e+00   2.92748792e+00   2.51992255e+00  -5.93859260e-01
  -3.99410565e+00  -6.88347436e+00  -8.68086784e-01][ -0.42915848 -10.65143718  -1.43627625  -0.07840626  -4.13995338
   4.47623669  -7.16137973  -0.81084267   1.28287362   1.7510391
  -1.65725924   2.71612816   3.64433937  -1.07000094  -0.88627805
   2.38779837  -4.74110932   1.58146631   2.67271958  -2.57144868
  -7.26358163  -3.40523338  -0.52228873   4.91742988  -2.89160561
   1.1125707   -0.06044085  -0.75497117  -1.93087546  -1.60568869
   1.1463554   -7.12047638  -0.04136231  -1.94118685  -1.5406503
  -2.8698879    2.17457232  -4.84380554   0.52135404   4.92429523
  -4.76079787   5.27670855   4.52742975  -0.27647202   3.10745237
  -0.43858084   0.35254471   2.87748345  -1.00567287  -8.7663453
  -2.65665517   3.02676276   5.39448052  -1.58708813   0.53715451][  3.43063950e+00   2.67438982e-01  -4.56719216e+00   1.05994846e-01
   4.82300251e+00  -2.55464741e+00   4.62184516e+00   4.40969235e+00
   1.79024386e+00   2.07226451e+00  -4.25710259e+00  -2.66697289e+00
  -3.80657986e-02  -4.95893806e+00   5.60634698e+00  -2.67040336e+00
   1.62208529e+00   9.41509374e-01  -2.72213657e+00  -1.64436895e+00
   1.94343307e+00  -1.18041397e+00   2.43079454e+00   1.10732310e-03
  -1.32300449e-01   3.11951904e+00   2.77385775e+00  -2.83979698e-01
   8.46722448e-01   5.75738992e+00   2.34583068e+00  -1.13088177e+00
   1.05354984e+00   2.06612474e+00  -3.46675270e+00  -2.31879387e+00
  -2.88447444e+00   8.23886446e-01  -2.78288435e+00   6.41647157e+00
   1.62442841e+00   3.77686372e-01  -1.41454075e+00   3.51863330e+00
   2.76220968e-01  -6.95142496e-01  -1.48182360e+00   2.68591948e+00
  -3.19930765e+00   3.52027137e-01  -4.36877124e+00   2.79962271e+00
  -1.63131809e+00   7.00126087e-02  -2.83145645e+00][ -4.08514306e+00  -1.34991173e+00   2.31542748e+00  -7.76936331e-01
  -5.51912539e+00   1.17690089e-03   6.84155515e-01  -2.57779524e+00
   2.02610553e+00   4.13894465e+00  -5.91686295e-02   4.67429401e+00
   3.38895327e-01  -3.54623429e+00   1.62256163e-01  -5.47590086e+00
  -1.32277765e-02   8.02408998e-01  -1.94964063e+00   2.42115846e+00
   2.40703923e+00  -4.66857218e+00   1.14187717e+00   1.02745994e+01
  -2.81428826e+00   1.49274300e+00  -1.99477869e+00  -9.38243569e-01
   8.87886503e-01  -2.31527464e+00   3.27174574e+00   3.70108546e+00
   4.05599581e+00   1.90466017e+00  -5.99462818e+00   3.45370797e+00
   5.95107925e+00  -2.07304592e+00   7.36227464e+00  -2.61650623e+00
   2.09897380e+00  -4.58588947e+00  -3.30151540e+00   7.93623877e+00
   2.13346393e+00  -2.66652555e+00  -2.77849820e+00   1.08553456e+00
  -1.36125058e+00   3.71888442e-01  -2.57345503e+00  -6.98775844e+00
  -1.81403512e+00  -3.39052966e+00   7.44444927e+00][-1.53223911  0.22706327 -0.80341392  0.06595389 -1.35771808 -5.21370111
 -3.55790464 -0.33379943  4.90980531  4.54675804 -2.6131484  -1.74716494
 -1.34414739 -2.15864022 -1.24239702  0.86867738 -3.08199926  3.52890365
  0.12545199 -0.92252382  0.71132622 -5.35609301 -1.79342341 -1.34076817
 -2.242314   -6.03097236 -1.54640844 -5.26810871 -2.58103132  0.23291072
  4.69250264  1.36492945 -1.02389775  1.4012513   0.97140404  1.4595
  0.77996286  1.42783983 -3.60618727  3.65797208  1.40913653 -4.36771042
 -0.87636267  1.8886779   1.07325915  0.8488735  -1.93334152 -4.79104785
  2.41211109  8.93422199  0.01937149 -2.1184774   2.84991265  3.69364704
  0.12334065]
 pesos capa salida
[ 0.19429956 -0.97175286  0.31928852 -0.5376121  -1.25471148 -1.64205922
  1.60271904  0.0349671  -0.76864848  0.06640543  0.88115515  0.81602093
 -1.91962611  2.95623027  2.50486847  0.21628374 -0.46662875 -0.74016667
  0.322175  ]
 biasCapaoculta
1
 biasCapaoSalida
1
 mejor error
104.7731828338623
 Precision 
0.731537793223284