
 fecha de inicio Thu, 09 Nov 2017 04:59:21 
 fecha de la generacion Fri, 10 Nov 2017 22:24:53 
 generacion: 381
 pesos capa oculta 1
[ -3.87284604e+11   1.79634173e+11   1.14387977e+11   3.22538518e+11
  -2.58754552e+11  -1.08464215e+11   5.55947480e+10  -2.51309778e+11
  -2.24167338e+11  -7.75077897e+11   7.58711194e+10  -4.56919075e+11
   2.91915165e+10   8.89283532e+10  -6.03750204e+11   5.24053084e+11
  -1.64721672e+12  -2.27583826e+11  -2.70671399e+11  -7.55467368e+11
   2.41834515e+12   4.53931902e+12   1.37960523e+12  -3.93388483e+11
  -1.14830777e+10  -5.07959025e+11   4.22567972e+11   5.73355998e+11
  -3.89656833e+11   3.70681457e+11   1.07834957e+12  -2.01883144e+11
   1.34247139e+12  -3.69548069e+11  -6.41110056e+11  -6.81988163e+10
  -4.08331434e+11   3.49434841e+11   3.53037281e+10  -2.19848797e+11
   1.74069004e+12   7.22180171e+10   8.22307662e+10  -9.54589364e+10
   1.31904488e+12  -5.83339828e+10  -1.79067683e+11   1.13570511e+12
  -1.18326711e+12  -1.79665593e+11  -1.11615112e+12  -1.59454394e+12
  -1.97849433e+11  -2.20004172e+11  -8.22764182e+11][ -4.48128707e+11  -1.95092897e+11   1.04259366e+12   4.78733267e+11
   4.52072357e+10  -3.26376680e+11  -1.99097126e+11   2.25832470e+11
  -1.26819132e+12   1.72620895e+11  -2.76769944e+11  -1.41391770e+11
   1.94525384e+11  -7.87191984e+10  -4.07502811e+10   2.18450236e+10
   6.84428280e+10  -1.38242459e+10  -4.53165806e+11   4.35419312e+11
  -8.78594365e+10  -8.80781763e+09   6.86147019e+11  -1.37729668e+11
  -2.25397859e+12  -6.01247317e+09   7.89094984e+10   1.31881246e+12
  -6.37719201e+11   3.45864231e+11  -1.72011487e+11  -7.26561423e+09
   2.77229436e+11  -3.55546155e+10  -2.34545554e+11  -5.38614367e+11
   2.79068930e+11  -1.95099588e+11  -2.55294783e+11  -1.38378990e+11
  -8.79364644e+10  -6.65019308e+10  -4.29916360e+11  -1.04998447e+12
  -2.88386942e+11   9.91602034e+11  -4.66307810e+10  -4.41449562e+11
  -1.18719705e+11   2.72646634e+11   4.70568000e+10  -2.41002584e+11
  -9.56481350e+10  -5.01229802e+11   6.39984093e+10][ -2.79806920e+10   1.37912386e+11   5.96368994e+11  -3.81938999e+10
   4.93242604e+10   1.69596433e+12   2.76317123e+11   1.58993048e+11
  -2.35039504e+11   5.00690354e+12   1.23295087e+11  -1.16234845e+12
   1.22745293e+11  -4.06016160e+11   3.05218578e+11   5.84678768e+10
   5.67347211e+11   2.15907096e+12  -1.48646194e+11  -2.20759213e+11
  -2.00912930e+11  -1.40793656e+12  -6.06536603e+11   3.97475335e+09
  -1.21488935e+12   1.10673025e+11  -2.81316510e+10   2.35024999e+11
   9.14195823e+11  -9.83621789e+11   2.40329608e+11  -1.58203181e+12
   4.40936346e+12  -1.32466495e+09  -3.01013873e+11  -1.06153485e+11
   2.22267243e+11  -9.82915477e+11  -4.42162607e+10   2.42500869e+11
  -1.18229017e+12   6.56148901e+11   1.66335190e+11   9.78561007e+11
   1.35926817e+12   1.03158978e+11   8.36317050e+09   3.34394573e+11
   1.20133069e+11  -5.44414205e+11   3.78952409e+11   1.62982319e+11
   2.82302955e+11  -1.60765707e+11  -1.26893349e+12][ -1.38962473e+11   5.52680224e+11   3.71066725e+11   2.20244238e+12
  -6.67779299e+11  -3.61368487e+11  -1.31703302e+11  -1.58715621e+11
  -2.14795537e+10  -2.47163404e+11   1.41899672e+12  -3.22485418e+11
  -7.59472353e+10  -4.33818285e+10  -1.36066360e+11   1.49997155e+10
   3.86418094e+11  -1.12812079e+12  -1.63027447e+12  -1.28985080e+11
   2.93341811e+11   5.74156190e+10   1.02940129e+11   5.43266697e+11
   2.95962933e+12   5.50321256e+09   4.24386925e+11  -5.82825586e+11
  -1.69195492e+12  -8.26102472e+09   5.65445319e+11  -3.22624194e+12
   7.28650384e+10   3.26310026e+11  -1.12993663e+12  -4.14044928e+12
  -1.03900776e+11   1.84886585e+11   2.18790702e+11  -3.41298389e+11
   1.30948165e+12   2.72662845e+10   8.14010253e+10   1.40380290e+12
  -3.19696644e+12   1.01541979e+12   5.76180320e+11   1.10215177e+11
   2.40270594e+11  -1.34244051e+11  -2.76241753e+11   3.08841954e+11
  -2.93740400e+11  -1.39624638e+12  -1.54531633e+12][  2.25811232e+11   4.91327442e+11  -9.51135569e+10  -2.68490929e+11
  -1.39532757e+12  -7.20387299e+10   3.87115826e+11   8.52951056e+11
   7.34083957e+10   1.12280139e+11   6.32674048e+11   2.68694024e+11
  -1.64012276e+11  -3.30453991e+11  -2.99704403e+11   3.85590510e+11
   3.15264183e+11  -2.12869850e+11  -1.60373670e+12  -6.42259381e+11
  -7.13107104e+11  -1.35510396e+11   1.73478544e+12   1.73723247e+12
  -2.24532141e+11  -1.34581511e+11  -8.22897725e+11  -3.82856037e+12
  -7.02562883e+09   2.81406040e+12   1.24436519e+12   8.09094611e+12
   3.53346035e+10  -2.98184493e+11   4.05871521e+12   5.24879420e+10
   6.30787738e+11   1.00074539e+12   4.49414915e+11  -1.10444827e+10
   1.59992732e+11   4.91288928e+11   4.90034461e+11  -7.34068397e+11
  -1.99402064e+11   3.79151801e+11  -4.53023761e+10   2.57634875e+11
   2.73775712e+11   1.16349655e+12  -2.63766291e+11   6.52549693e+10
   1.95565232e+11   1.91395298e+11  -1.03862758e+11][  2.28995374e+11  -1.66370296e+12   5.89781551e+11   9.46352338e+11
   3.71843005e+12   7.60663700e+11  -2.98951429e+11  -4.14751038e+11
   1.44224511e+11   4.09647602e+11  -1.69795632e+12   1.40198154e+11
  -1.35567273e+11  -1.38019480e+11   9.18403683e+10   3.96844884e+10
   4.14808843e+11  -4.91259860e+10  -1.07371851e+11   6.75365615e+11
   4.28386121e+11   8.91642180e+11  -1.52103030e+11   2.14234910e+12
   2.23793139e+11   5.67254727e+09  -7.54578968e+11   5.21666813e+11
  -1.89592257e+11  -1.14408222e+12  -4.19076636e+11   1.84944619e+11
   8.49013188e+11   1.08117239e+12   2.46468239e+11   2.42318628e+11
  -7.20989638e+11   8.00888833e+11  -1.27914403e+12   2.87884060e+11
  -2.30085227e+12  -3.22675713e+10  -7.60161884e+11  -2.26523628e+11
   4.60093197e+10  -2.07442759e+12   2.39449437e+11  -1.89251550e+10
   9.16135853e+11  -1.27770049e+11  -4.61701048e+11   8.76866530e+11
  -3.20433511e+11   8.38169818e+10   4.13459064e+10][ -2.74867347e+10   1.31849507e+12  -2.18130176e+11   9.02215797e+11
  -1.34526808e+11  -7.82980858e+10   2.14264333e+11  -1.57219200e+11
  -1.67707920e+11   3.40203156e+10  -4.32717675e+11   1.67855339e+11
  -6.01866848e+10   3.53713690e+11   1.19107260e+12   4.16645912e+10
  -8.02530856e+11   1.27028871e+11  -1.00941256e+12   7.38261319e+11
   6.44086525e+11  -6.82232897e+10  -1.65443322e+10   3.00654385e+11
   2.42715195e+12   4.63823144e+11   7.14067727e+10   5.74208186e+11
  -1.65985631e+11  -1.04686479e+11   8.14117046e+11   5.16666966e+11
   3.09017252e+11  -1.29819563e+11   1.58924211e+11   3.74740619e+11
  -1.21505803e+11  -1.14388582e+10  -1.01103704e+11   1.24454078e+12
   2.84203001e+11   5.67270898e+11   9.69610938e+11   3.87721942e+11
   1.63642066e+11   1.20001291e+11   2.54695174e+11   3.90232479e+11
  -9.06250633e+11  -7.53423075e+11   3.56508496e+11  -7.17683989e+11
   8.39284220e+11  -6.16133117e+09  -5.14452707e+10][  1.41579961e+11   3.27869632e+11   1.55134043e+11  -6.06084225e+11
  -1.42759766e+12  -4.14468602e+11  -2.98353529e+11   2.67978547e+12
  -2.58028618e+11  -2.25974104e+10  -1.91684802e+11  -3.59722516e+12
  -7.49897010e+11  -9.63735495e+10   1.03421869e+11   3.82408112e+11
   8.11560500e+11   1.19932281e+12   5.60704581e+10  -2.45261171e+11
  -1.18205105e+12  -1.34497848e+11   2.53569951e+11  -7.07738549e+11
  -1.45910363e+11   8.32400858e+10   1.32693809e+11  -1.76094757e+10
  -3.03413572e+10   1.37950040e+11   1.11714611e+11  -3.52014553e+11
  -2.75622858e+12   1.43236670e+11  -5.70788451e+11  -9.49388889e+10
  -7.96541037e+11   7.35993952e+11  -1.49176959e+11  -8.46740393e+10
   4.23900671e+11  -7.21145267e+11   1.12057739e+11  -3.97222258e+11
   8.34924347e+10  -4.01983248e+10   1.46478824e+11  -1.06063448e+12
   4.16077882e+11   7.06087303e+09  -1.00406823e+12  -4.37343216e+11
  -1.93831039e+11   1.97047745e+11   6.81720786e+11][  1.88786034e+12  -1.94300175e+12   7.88391618e+11  -3.56392611e+11
  -2.60747930e+10   2.57179207e+11   5.33337701e+11   4.12434045e+10
   2.53063441e+11   4.22668930e+11   4.61986047e+11   1.84572996e+11
  -2.15965107e+12   1.27773253e+12   4.08690350e+10  -3.62709385e+11
   2.88982055e+12   3.61448841e+11  -2.81420355e+10   3.63999707e+11
  -3.67554418e+11  -5.23924175e+10   2.01645710e+11  -1.64085684e+11
  -2.67535055e+11   3.91351769e+10   1.75810089e+12  -1.38582691e+11
  -2.54101447e+11   1.38640726e+11   4.31684027e+12   5.82242268e+11
   6.88564251e+11  -5.74205514e+10  -5.60336537e+10  -8.60324576e+11
   2.94520402e+11   1.46492969e+12   8.41185109e+10   3.43060379e+11
   2.54404472e+11   4.92511747e+10  -8.09734069e+11   3.94272114e+11
   5.77125525e+12   3.42810647e+08  -8.49035528e+08  -2.70753436e+09
  -3.20377126e+11   4.13566805e+11  -5.23051642e+10   1.03441573e+11
  -4.71753621e+10  -2.41936970e+11   8.46902786e+11][  3.99257083e+11  -1.97950768e+11  -4.80920176e+11  -4.24354693e+11
   2.01418383e+12   1.81430214e+11   9.88636210e+10   5.49273094e+11
  -1.83133283e+11  -3.52712615e+11   3.05216128e+11   1.24335865e+12
  -2.04458811e+11  -3.82446130e+12  -1.03011239e+12   2.37414003e+12
   3.48856440e+10   4.75894873e+10  -1.50967049e+11  -2.16913984e+11
   7.24514850e+09   2.14453168e+11  -4.14906213e+11  -7.80876898e+11
   4.68218129e+11  -2.16371807e+11  -5.41759115e+11   8.42591092e+10
   2.67419759e+12  -2.70981763e+12   4.65195950e+11  -2.17063492e+11
   1.46094040e+12  -1.09103176e+11   2.22723304e+10  -4.48087127e+10
  -4.42977084e+11   6.08332539e+11   2.33898498e+10   1.17119598e+11
  -1.92038713e+11   2.15683126e+11   1.31779864e+12  -5.54793047e+11
  -6.01272372e+11   1.94527704e+10  -1.25823794e+12  -5.94633167e+10
  -1.85539553e+11   1.56951953e+11  -4.84009903e+11  -3.14445738e+11
  -3.94064126e+11  -7.84681926e+10   2.96858009e+10][ -2.74947597e+11  -3.25508336e+11   3.18989423e+11  -1.34254324e+11
   1.06069737e+12  -6.28276916e+11   3.43618599e+11   1.48243586e+12
   2.00593961e+11   4.33277363e+11   4.92975138e+11   6.67201211e+11
   3.92885321e+11  -6.85360215e+11   9.98458473e+10  -6.25096109e+10
   4.22436792e+11   3.35847944e+10  -8.50064555e+11   3.84046867e+11
   1.40245036e+12  -3.34871419e+11   3.42158807e+11   4.83115345e+12
  -9.70830009e+11   2.70794547e+12  -1.86371971e+11  -7.82833224e+11
   1.26828290e+12  -2.56334107e+11  -5.62269949e+11   2.32233482e+10
  -2.03186643e+11   4.59197600e+11   7.20258380e+11  -4.26578994e+11
  -1.78704632e+11   5.59092162e+11  -6.49723675e+11   2.51382262e+12
  -1.13919989e+12   2.16266671e+12   1.63452849e+11  -3.89272039e+11
   1.94814142e+11  -1.37390151e+11   7.03111090e+11   5.40054281e+11
  -7.30273847e+11  -3.47794805e+10   1.45552152e+12   4.89617610e+10
  -1.16567975e+11   2.68813342e+11   5.09732790e+11][  2.15846164e+11   1.66342719e+11   1.46487792e+11  -1.37397221e+11
  -1.50332295e+11  -8.03497542e+10  -2.97500754e+11  -7.17921147e+11
   3.93908111e+11  -1.54844168e+12   7.59539351e+11  -4.20281531e+11
  -6.47481038e+10  -7.87324510e+09  -9.44849171e+10   1.44425842e+11
   1.58462944e+11  -3.32573486e+11   4.76734963e+11  -6.22715690e+10
  -2.12314734e+11   5.03006003e+11  -2.79909856e+12   2.03056886e+11
  -4.88888059e+11  -3.24455129e+11  -5.38029811e+10  -4.77340751e+11
  -1.14793011e+11  -6.01987113e+11  -5.64193421e+11  -3.79819881e+10
  -1.81123099e+12  -1.70575369e+09  -7.94238673e+11   8.40037686e+10
  -4.49224837e+10   1.04849964e+12  -5.91441951e+11   1.14125180e+11
  -4.79964079e+11  -2.30336411e+11   1.93478228e+11  -1.24907692e+12
   6.67861811e+10  -3.56164942e+12  -1.99177973e+11   8.12515448e+11
   1.53882133e+11   4.40333904e+10  -2.11351802e+10   8.70425341e+11
  -1.60561839e+11   2.75596795e+11   8.64594317e+11][  3.50671670e+11  -2.24765046e+11   6.36534290e+12   3.89518342e+12
  -5.95851235e+11  -7.91964881e+11   5.07527883e+11  -9.80199794e+11
  -6.52599641e+11  -8.77981789e+11   3.86256547e+11   5.34310648e+11
   3.60070362e+11  -3.53405495e+11   6.32608088e+11   7.15957839e+10
   2.20036786e+11   6.25581804e+11   7.41589348e+11   4.74220737e+10
  -8.68394125e+11   5.50558312e+11   2.15067775e+11  -7.80920013e+10
  -5.86248616e+11   6.24137055e+10  -5.40422042e+11  -7.21170581e+11
   7.38427882e+11  -2.18528368e+11   8.31440839e+11  -4.22305466e+11
   6.26599376e+11  -4.53854120e+11   1.02711519e+12   1.34956089e+12
   2.99334715e+11   4.15432099e+11   8.02958047e+11  -4.85141829e+11
  -9.32622825e+11  -1.89139503e+11   4.64440614e+11   6.40566375e+10
   3.10797607e+11  -1.75341602e+11   2.81769702e+11  -7.48765728e+11
   6.27771854e+10   9.38220361e+11  -2.75127779e+11   4.22546130e+11
  -7.95093342e+09  -1.68403781e+11  -2.50315711e+11][  3.85409601e+11  -1.44615593e+12  -7.87583298e+09  -5.55137613e+11
  -9.81914403e+11  -1.22285430e+12   3.48109438e+11   8.36453506e+10
   2.38505064e+10   9.02861416e+10   4.25175963e+11   5.87602901e+11
  -1.59297893e+12   3.08269348e+10   1.60066629e+11   3.64545327e+11
   6.07318677e+11  -1.76916510e+12   8.73045125e+11   3.23249110e+11
   6.30686353e+11   6.87118176e+11  -1.75643993e+11  -1.38952738e+11
   3.34401563e+11  -2.04928289e+11  -2.11766718e+11  -1.90842829e+11
  -3.06619310e+11   3.64024982e+11  -2.00501204e+10  -9.47279637e+11
  -1.39089382e+12  -5.58743547e+10   2.49502780e+12   1.93217346e+10
  -2.41745709e+11  -1.09709080e+11   4.03518090e+10   1.28989293e+12
   1.23734100e+12   6.33445867e+10   2.92292850e+11  -1.25260332e+11
  -4.33972602e+11   1.20063836e+11   3.28858719e+10   2.14227023e+12
  -7.20148081e+10  -1.42554800e+11   1.07597083e+11   7.82158998e+09
  -1.03718731e+11  -4.20278674e+10   3.85221047e+11][  2.89926272e+11   7.26304488e+10  -2.17686718e+11   3.56206531e+11
   2.61581441e+10  -2.82317168e+11   1.05124532e+12   4.77366084e+12
  -3.18008565e+11  -3.70423489e+11  -5.17087304e+11  -6.44348220e+10
   1.45194416e+11   4.79753225e+11   3.95221005e+10   2.16070262e+11
   7.29474287e+11   7.37836565e+10  -5.13668236e+11  -1.27410179e+12
   3.93708634e+11  -1.41869282e+12  -3.97268379e+11   8.94545819e+11
   1.72802414e+11   1.72877579e+12   8.70092044e+11   3.13259048e+11
  -2.91613792e+12   2.03120215e+11   2.85851111e+11   5.11905946e+11
   1.08640297e+11  -9.60995721e+11  -1.46751167e+12   1.98126040e+11
  -3.34615962e+11   2.08205314e+11  -5.94977153e+11  -1.94638348e+11
   1.35554526e+11   1.48827293e+11  -4.23677140e+10   1.71831809e+12
   6.21409829e+10  -2.04027918e+10   1.06672445e+10  -1.73922310e+12
  -1.63755244e+12  -1.88911173e+11  -1.42891649e+12   8.50596239e+11
   1.31442772e+11  -2.20237382e+10   6.09434253e+11][  3.09293672e+11   3.19479465e+11  -2.38866871e+12  -1.33214949e+11
   2.18663094e+11   1.99629207e+12   1.14578420e+12  -3.44588135e+11
   1.99192095e+11  -1.92929278e+12   3.13284197e+11   7.58479953e+11
   2.51067755e+11   1.48758293e+12   4.55140370e+11   7.64190939e+09
   5.14896972e+11   2.49719259e+11   9.37287335e+11  -8.72307982e+11
   2.08423458e+11   1.99679363e+11   5.54649670e+11   4.32757331e+10
   9.15239643e+11  -2.78526718e+11  -1.36484113e+13   4.50835540e+11
  -3.32548429e+11   1.14084378e+11  -4.12171243e+11   7.80447317e+11
  -1.89450216e+12   4.36778250e+11  -1.48630762e+11  -7.01677982e+11
  -4.73910264e+10   9.23471749e+10  -2.18427091e+11   4.07470996e+10
   1.76366787e+12  -1.24216651e+12  -4.71729953e+11   3.27380672e+11
   1.28229851e+10   2.12691035e+10   1.47552242e+10   1.36319179e+12
   1.09616688e+10   3.09098793e+11  -5.98578793e+10  -6.55370689e+11
  -2.38256722e+11  -9.59022584e+09   3.72692615e+11][  1.31659411e+12  -8.39612391e+09   2.72139516e+11   4.28366784e+11
  -6.91396283e+10   2.80893757e+11   9.39259006e+11  -3.51919936e+12
  -8.35460587e+11   2.84249312e+12   6.75410255e+11   4.34849728e+11
  -2.11446554e+11  -1.53230800e+11   4.59704323e+12   5.54367041e+11
   8.92544940e+10  -3.11414521e+11   1.84309159e+11   8.58690984e+11
   1.05379713e+12   3.45485818e+10  -6.23968306e+11   6.94243975e+10
   3.28799330e+10   2.13554395e+11  -1.50029110e+12  -2.72262596e+10
  -3.18382745e+10   6.96436397e+11   3.15517420e+11   1.93400575e+11
   1.16847052e+11   4.88478082e+11  -3.36307521e+11   2.47560748e+10
   3.17733308e+11   1.18945694e+12  -3.80057644e+10   1.41606648e+11
   4.99845932e+11   5.86895893e+11  -2.13207826e+11   1.46684744e+11
  -9.09950406e+11  -1.88827451e+11   2.20333691e+11  -1.53669954e+12
  -1.12106436e+12   2.08017189e+12   2.18631537e+11   9.26425182e+11
  -3.03272158e+12   9.57552690e+10   8.68184967e+10][  2.40110459e+11   3.23791072e+10  -1.84352783e+10  -1.55545135e+11
   7.86554995e+11  -3.91655027e+11  -9.24674273e+10   9.78665601e+08
   2.77852652e+12   2.32900801e+11  -1.16569575e+11  -1.26553896e+12
   2.08275871e+11   3.31555191e+11   1.39062477e+11  -5.59229222e+10
   1.46634461e+11   8.63953424e+11  -1.22881244e+12   1.20146201e+11
   5.60960593e+10   1.07081919e+12   5.38591886e+10  -4.76804572e+11
   1.82660762e+12  -1.44276144e+11  -1.01973556e+11   1.77679078e+12
   1.23291314e+10  -3.51700683e+11   6.49189469e+11   1.13106210e+12
  -4.06701070e+10   1.43960021e+12   3.82588520e+10  -2.59807918e+12
   2.45307206e+11   1.12488979e+12   1.69382193e+11  -2.37441456e+11
   2.95834951e+10   2.18496800e+12  -4.13007236e+11   1.11402274e+12
   3.79692439e+11   9.82876501e+11  -3.55522614e+11   3.07119840e+11
  -1.02765655e+12   4.43087287e+11   6.55726764e+11  -9.30262533e+10
  -1.11555276e+12  -2.43558881e+11  -6.44868443e+11][  1.50360028e+11   5.20960044e+11  -1.14652697e+12   6.58334202e+10
   2.49310263e+12   3.85280313e+11   3.48557312e+10  -5.96651118e+11
   4.21020729e+11  -1.86141616e+11  -6.39600366e+11  -2.36750739e+11
   5.63978228e+11  -3.04278726e+12   1.15963918e+11  -4.35265541e+10
   3.24578131e+11   5.92490584e+11  -2.08257345e+11  -1.03496208e+11
   7.24565840e+11  -1.66271580e+11  -2.67994640e+10   3.36799036e+11
  -6.18327620e+09  -4.92466804e+10   1.83491498e+12   1.71844949e+12
  -8.98040709e+11   2.13186343e+11  -3.93934737e+11  -1.81687840e+11
   1.06675201e+11  -1.02050150e+11   7.29809631e+11   4.89371302e+11
  -1.08532346e+11  -3.00448270e+11  -6.38872777e+10  -3.82188417e+10
  -6.98291041e+09  -1.22418242e+12   7.12828865e+09   2.64749379e+11
   2.45008256e+12  -5.88896222e+10  -2.87560542e+10  -1.66413643e+11
   5.04315920e+11  -4.66670897e+10  -4.51873910e+11  -4.35063470e+11
   3.33799990e+10   1.06168135e+12   4.96500518e+11]
 pesos capa salida
[ -7.76163858e+11   4.33415758e+11   1.10898827e+13   4.89851485e+11
  -1.00713206e+12   2.26222802e+12  -3.34524433e+10  -1.47751116e+12
   1.75642390e+13  -1.34011861e+12   1.97525436e+12  -9.61709706e+11
   3.13002997e+12  -2.77913313e+11  -1.73945754e+11  -9.81532001e+11
   1.26259066e+13   4.46091933e+11  -4.39818598e+12]
 biasCapaoculta
-225402313319.68353
 biasCapaoSalida
187729767945.8673
 mejor error
146.5
 Precision 
0.7454387489139879