
 fecha de inicio Thu, 09 Nov 2017 04:59:22 
 fecha de la generacion Fri, 10 Nov 2017 18:25:04 
 generacion: 447
 pesos capa oculta 1
[ 10.81587314  13.93043633   5.47397496  12.39900138   5.19529073
   2.44484354   5.33327736  14.74486105  14.38770572   6.08989248
  -2.88859779 -14.71282615  10.90119531   3.4134665    1.14055684
  -6.81488331   3.43087656   3.1908626    9.36352931   0.13484965
  12.29385673  14.95349524   0.02495811   9.53304198  -2.31709169
   3.74026367  -8.40663922 -16.25229781  12.90825831 -12.67432602
   8.23764325   2.26306062   5.38843033   1.92337488 -10.58853237
   0.60197288   3.31001092  20.96940956  -9.76887997   9.16385161
  21.86111902   2.51428771  17.11111085  -2.67119012  -2.82395373
  -5.56393511   1.61125423  -3.32420329 -16.75447913  -6.26003069
   3.60284886 -10.53533615 -13.18203591  -8.36259096   5.78573968][ -4.7995254   -3.69638958  -7.33473063  -2.50341516  -0.48970464
   3.70064605   0.52974933   6.64059837  -6.56750016   2.96911732
   7.38460619  -6.39683002  -8.98642414  -5.98634979   0.98635037
   9.57783934  -6.81863244   4.35045076 -14.49870417   5.56188094
  -6.63092888   7.73900178  -0.92209366  -4.7764685   16.19368512
   6.7811534    8.33983909 -24.59037603 -10.63641971  -3.33406999
   3.68549862  -1.72138439   0.78541759   0.18921222 -19.41593637
  -4.6310885  -12.30717062   3.43389382  -4.84550546   1.61716572
  -0.93580628 -15.32130302  -9.18311992  -7.45076148  -8.17567761
  -3.06229186  -5.16434596   8.49189833 -17.36760716   3.32430706
  -3.73296731  -3.18293489  -9.735995     3.25799282   6.48803781][ -1.48126779e+01   1.52336063e+00  -8.90588651e+00   7.85632383e+00
   3.90285957e+00  -1.12025018e+01   4.27712650e+00   7.21304805e+00
   5.63926601e+00  -6.44028838e+00  -6.78204213e+00  -8.52611540e-01
   6.62430222e+00   6.29281211e+00   1.12383992e-02  -1.29819204e+01
  -8.12740060e+00  -3.67444587e+00  -6.03731532e+00  -1.88503047e+01
   8.21477523e+00   9.34346928e+00  -7.03337269e+00  -3.92538870e+00
   9.25420673e+00  -2.08579617e+00   5.28395310e+00  -1.25217164e+01
  -5.35616829e+00  -7.55761801e-01   1.57997614e+01   7.10323231e+00
   5.48266307e+00  -1.57173841e+01   2.55479421e+00  -2.56711816e+01
  -2.23129791e+00   4.85810798e+00   8.68177508e+00  -1.42671302e+01
  -7.09180094e+00   4.37937522e+00  -1.15135981e+01   1.05833658e+01
   4.02785898e+00  -8.55577251e+00  -2.38502720e+00   3.62287681e+00
  -1.48826951e+00  -1.04777658e+00   2.23700041e+00   1.47179561e+01
  -1.91239958e+00  -1.71387121e+01  -1.90055072e+01][  3.5118452    0.04367715   6.74751785  -0.89671957  11.73038659
  -5.66870462  -0.96176769  -5.81524161   9.8778352    4.18444273
  -1.88924741  -4.63883334   5.79384595 -10.13421248   3.01447022
   8.15819464  23.80047369   7.64957832   7.04794583  -3.59834892
   0.73943432  14.9869862   -3.98424302  -7.55619526  19.58995086
  -2.35899549  -2.81938285   0.72006757   3.08670871  -2.87717733
  -0.48581381  -1.32626721  14.94341383  -6.23523117 -15.13247477
  -4.32591998  16.90904927  -7.93930023 -14.14091617  -1.25020988
  -8.69444205  -8.57474781   3.83427957  -3.10852985 -10.61696079
  -7.55005825   0.58715861  -5.76098924   4.30980638  -5.88715725
  14.14097134  10.11534064   3.43974894  14.36771447 -15.42887301][-11.90017371 -11.02034401   0.30711159  -4.26677772  -6.19484653
 -19.13143943  -1.75409164 -12.92101128   5.14886951   0.55176973
   6.12497309  -2.55544404 -15.3407965   -2.74687801 -13.78047789
  -4.08405194  -7.10183976   5.36362704  -3.046345     0.6601952
 -11.21439675   3.54586074  -1.59147725   0.57737158  -1.59684501
   3.49205884 -11.63951042  -1.19195283 -15.66038824  -2.23285171
   2.71852362  13.74638526  -3.53241092  -9.21346087   7.72405001
  18.3480367   17.06541771   4.37244519   2.92234661   6.20323167
  11.96210083  -0.6355886    3.28282646   0.26125236  11.68100023
 -11.85264014   6.70204213 -11.64354589  -5.86596656  -7.60934193
  -2.38751275 -23.8291297  -11.4485178   -0.37520586   4.73321889][ -1.32696904e+01   1.04984931e+01   4.88786245e+00  -1.33111809e+00
  -3.29538319e-01   3.69484561e+00  -5.97324929e+00   1.32764537e+01
  -4.04803846e+00  -1.73382801e+00  -5.14931549e+00   1.06269187e+01
   6.86315220e+00  -1.00362037e-02  -9.06381114e+00  -4.21613236e+00
  -8.23026861e-01  -6.56215498e+00  -6.60545651e+00   4.30150434e+00
   3.63166695e+00   1.17872850e+00   2.97110264e+00   3.46720604e+00
  -2.40108413e+00  -5.66676559e+00  -5.84659318e-01  -3.81582973e+00
   1.01756425e+00  -1.03917593e+01  -9.71067158e-01   2.51397442e+00
   1.19914347e+01  -9.37711387e+00   5.97160901e+00   4.73253986e+00
  -6.04057751e+00   4.46687697e+00   5.49572768e+00   1.67512242e+01
   1.07889346e+01   7.61597442e+00   5.99653325e+00  -1.27004420e+01
   4.49334124e+00  -8.88990032e+00  -1.96116620e-02   5.27440456e+00
  -4.69217856e-01   1.77064023e+01  -4.48449340e+00  -4.28570548e+00
   8.22668328e+00  -8.53230008e+00  -4.32090665e+00][ -3.97388691   7.27965969  -4.57278619   8.08991631   8.67263291
  -3.84429115  -3.11889118  -9.25661751  23.24783505  -7.73237152
   4.74551791 -14.23158156   0.9010471    2.46125551   3.09788493
   0.65381518  -1.41021489   7.05767368   2.16295576   4.83292474
  -2.26185828   3.16200854   9.52626704  -2.23602488  -2.68404329
 -18.01821988   6.07156859   1.5356924   -5.19140065  -3.61563686
  -0.65026577  -0.51230601  -4.15139126   2.47556857  -2.40803739
  14.89774917   3.02918697  17.81440842  -0.60252913  10.59571941
  10.80418564  -8.94549017  -5.2473178    9.86902871  -7.90984724
   5.959241    14.84627576 -10.56004738  -0.15572848   2.23850445
 -10.13377954  -9.04385824  -5.88192377  12.42446293  12.58421036][  4.94911928   2.89731424  18.79896305  -4.00726622  -0.52051229
  -3.29860536   8.14453528   7.47090027  17.57554065   0.9419139
  -8.88236344   5.70700655  10.49891697   2.01780551   7.46724143
 -11.93911352  12.87771946  -2.06567385  -3.3226215   -6.95887028
 -15.87611013  -5.02700282   5.49854898  -1.55409139  -2.36288532
  -4.7993545    8.61269749   2.08217367   9.4501312    8.96552634
  10.96659331  10.04116304   4.5385543   -2.39532354  -5.18889395
   0.61546859  -1.48851173  11.22418902  -5.7159863    1.26287384
 -10.41683118  16.22156991  15.1888943    8.18120997  -5.18009793
  -1.43698365  -7.70497329  -2.33702494  -9.27739622  -1.25796039
   0.45648499  25.00365855  -6.05987041   7.76480144  -6.77120536][ -2.7011766  -13.06319418   2.15844573  -2.72847464   1.63150719
 -17.53344746  -4.57894534   2.11914605  12.81285679  13.5624836
   2.66215965   8.30784261   8.53381521  -2.16283034  -4.3768679
   2.13568539  -6.20089537   9.96766697  -0.20502108  12.88284125
   3.75900172  11.54350746   8.60386095   0.60201131   2.93998745
 -10.07018597   8.8302773   13.2673354   11.62183439  -2.81517232
   4.16354284   9.06213287  11.12657061   0.32628002  -0.83545611
  -3.62125923  12.99050556  -7.64275717   4.33547341  -9.79871354
   1.63031753 -20.58278766  16.12082274   7.81743372   4.23353363
  -1.25855516   0.81327303   6.95397644   4.47337777   1.07330738
  10.70222428   0.94564422  12.71201201   8.07116779  -0.3876853 ][ 13.61680332   0.35053541   4.93593914  -2.7450123    8.03005082
  10.62694779   7.32787162  -9.91834799   2.92947035   3.06062844
   8.34763085  -5.21043973 -10.1938007    5.00914192   3.71922566
  18.72847923 -11.41556951   4.79775137   0.6791219    4.25947126
 -16.97969836   9.76061693   6.94478473   0.81980205  10.42910527
   0.97365923  11.01121862  16.29531932  -6.56539506  -6.2695457
  -1.07217587  -7.79487991   6.09844085  16.0311558   -8.29900021
  -8.26060091  -0.5640716  -13.43266798 -11.98964995  -0.48893735
  13.13582718   3.91156296 -10.25524968  -6.95456059  -4.82347745
   3.81282285 -13.54611313  -8.29454545  -6.21448218  12.85120494
  -8.92689726   5.79201797  -8.92495215   4.5612049    0.82577211][ -5.52723583  -9.06738543  10.43313421  12.0622602   -3.53870648
   5.63735606   1.02077434 -16.31921405   4.47931962   0.52280576
   2.56463731   0.84260424  -1.98512837   5.09531975   2.28569032
  10.69544331 -10.62489844  14.04932609   7.29853463  -0.39298848
 -16.13925411   4.84261488  -4.12854458  -9.26342353  -2.95825051
   2.33585762   1.57175731   7.47180312   4.94577017  -6.63634064
  26.92185846 -11.50716672  17.8674557    7.62285602  10.03182144
 -10.36477458  -1.43363722   5.39443468  -4.53359624   7.36938226
  -3.83062238  -9.2622354  -15.08371277   1.97961106  -1.86667254
   4.6562034   -2.82752577 -13.18056065   3.79630605   5.05700741
  11.83103131  11.81729173   9.21068676  12.12504707   3.94358511][-14.88089374  15.75864404  20.51860873   2.65744666 -15.65452186
 -13.07418084 -14.05201807   2.75748167  13.2480074   -0.31508293
  -2.25264264  -7.9957869   12.85094433   8.89759431  -4.00765648
   1.74728291 -17.11670721   3.15529158  -0.5215173   -6.52821362
   7.0623944    6.71718745   2.43869811  -6.94610203  -4.96137844
  11.85361202  -5.06984584   1.84941978   2.82654937  -1.77457011
  -6.60884975   2.43554212  -9.57416075   3.73547114  -6.93013444
  -1.11202339  -9.66270858   1.39883617  -1.69340063   1.4859935
  -9.67185455  -5.53102024  -0.46626734  -9.63649559 -10.89252951
   7.20174272   4.77182431  17.6000396   10.17789084   0.49990516
  -2.20595589  15.67278151  -6.48763283   0.76143728  20.67014227][  4.16971436  -9.13585801  -0.24727018   2.06703648   9.45558381
  -4.3876885   10.52855715   6.34320563  26.21378364  -6.18316407
  -0.99331887 -20.4130656    3.21282941  -2.58948992  -9.98203311
   3.64875625  10.29671841  -1.24653765   4.2214394   -0.4503862
  -3.6109991    1.3896402   -2.33848897   9.32485021  12.32142753
  -2.33462952  -4.01140476 -14.55441596  -5.92923492   4.60340515
   2.87175233  19.55053585  -9.91806199  -3.45678942   3.69368215
   5.95498978   3.30755536  13.21681338   5.32163841  -8.17066205
   3.75322239  -4.91141955   8.53990136  -5.88483329 -10.04432354
   7.69437453   0.66921952  -2.04632787  -6.97246621 -12.8252064
  -4.52055299   8.78645447  -8.65920043   2.54997121  -7.83899405][ -6.2493614  -13.04261523   4.026525     0.55639838   0.53888263
 -11.48145124  -2.95033377 -25.41490443   6.58538846  16.54246455
   3.90387013  16.57054184  -7.12467126  11.42379656  -3.49802065
  22.17554464  -2.93176732   3.6477302    0.47989213 -11.53841455
  -4.05902256   2.82114365   0.98213726 -14.68961896  17.58971441
  15.11886092  -3.93772376  10.42646037   4.51938857 -25.580118
   7.72365011   7.24354485  -7.24934243 -10.35909739   2.52903255
 -10.73294434 -10.58476439   8.87461746  -5.27409596 -10.96222507
  -0.28929937   1.27405395   8.56357136   2.22585253   8.303298
  16.04058141  -3.17440885   4.52648123   8.2422532    2.45249058
   0.24321471 -12.9247928   -1.11456633   5.89372788  -9.64134267][ -0.83465808   4.01518101  10.37650959  -0.56576765  -7.37075993
  16.12643616   0.03315844   2.66897188  -6.25485116   9.81762906
 -12.82473738   1.05257007   5.04463933   6.77167421   1.80756984
   7.41637564  14.17633791   8.2424898   -4.10186117   5.85925301
   6.79963789  -8.3455972    4.5280745    2.68798068   4.03861522
  14.45558464   2.69038909  -0.30472339   0.31347559   1.37514574
  14.12114225  14.13986043  -5.34853796  -7.27739    -13.51268294
   9.69971081  12.11602534   9.66921578  12.07844733  14.48865869
   9.66393701   0.92459987  -3.76600947   6.60927523   8.81585359
   0.56047693  10.63087896  -0.14604498   6.898581    19.93277471
  15.97986886  12.53161339   3.63954477   5.03326136  12.70953716][  3.13900721   9.70270575  -4.18984828   8.00245426  -8.12398215
  -9.9808909    9.34813493   9.28317118   0.13597359   0.20269859
   8.81454612  15.53777556  -0.62090176 -10.54841439  -6.91139985
  -6.96475988   0.49264976   0.93996556  -7.20445445  13.7232682
  -7.62399879  -3.01695052  20.24889042  -1.0304778    4.47963643
   4.62679205  -7.90792431  -2.06216931  -3.3347726    8.60278141
   6.48431052  -5.49496514   9.17975498  -5.73492026  -4.5867263
  -4.64765594  -0.58970614   0.11888724   1.70216303   1.99529345
   6.41013803   4.01055216   0.85043652  -0.93854521  10.83138104
   9.57380751   2.45509464  15.27889348   3.98736076  -4.27137928
   0.90469864   4.87105453   4.30049697  -4.61266216 -11.87188425][  3.056727   -11.00857282   4.87093286   6.53641964  -4.87125067
  -8.23352677  -2.8805618    1.86318952   7.07485004 -11.14512981
  14.29398194   1.61359714  14.97471938  -3.94459144  10.63866026
   4.48606829  -2.43751996   8.09685977  -2.58154942   5.60412282
  -1.50563391 -14.06345303   1.47661     -4.56809631   4.27271525
   5.42791497  -7.30707962 -10.58365583   9.71402838   1.27187519
  -8.67732883 -14.74335434  -6.2207481    2.01501928 -15.52324852
  17.4767437   -1.01582298   5.59790521  -6.01382782  -5.91784653
   6.07928756  -6.59043455   1.65444006   0.6685299   11.71888812
   1.06013679   1.36561105   7.87330443 -10.36790595   9.89953637
   7.51678031   3.68660002  -5.00124541   7.63836383  13.65885224][-18.17373003   5.98413281  13.77159675  13.60062743  -5.28817201
  13.05973451  -1.12170313  10.80383398   0.2734227    2.82357548
  -2.5559246   -2.41349167   0.57080059  -7.47937889   3.28637606
  17.87619385   0.35795608  -8.57048652   3.57936662  -1.77638563
  -0.75460144   9.03992057 -11.01585875  16.06416896   3.46259633
  11.75828463  -2.1501498   10.7308735   -3.90189688   2.60243048
   6.14739567  23.32993106   0.57657405  -8.24482291   0.5608942
   1.87696326  -1.26506408  -2.56974946  -2.53254645   9.66181635
  -3.31074265   7.53551145  -3.1505791   -5.37216642  -4.92816181
   8.03696415   5.07677407   8.90065258   3.26582505  -4.97773455
   6.23967181 -12.58695665   4.2687384  -16.60975829 -17.87774194][ -4.3923887    1.32968786 -14.91637013   0.63939089   6.91261262
   1.76456228   4.94594763  -4.67880345  -4.76832672   4.97967345
   9.86440862   9.15943095   3.95129688  -5.90533712  -3.11826418
   1.94419074   6.2844418   21.12849923   3.53139218   4.69576251
 -16.97065514  -5.15925462  -0.95643542   7.02952839 -12.24349591
   0.73522206 -12.98839074  13.902234     4.60680001   2.49721347
  18.62918738   3.43213346   5.76840561  -9.90522072  -4.24834128
   0.93644239  -3.48301978   6.86265066   2.89225635   1.55101016
   2.00934493   2.63109928   2.61341626  -1.63066733 -12.24649515
  -3.94413061  15.23154254  -1.67651898  21.71611462  -1.60257727
   1.51791007  13.14565862  -1.45653751   5.64739627   5.15593307]
 pesos capa salida
[  9.99277641e-01   1.24292442e+00  -4.93419403e+00   1.02508822e+01
  -4.36178407e-01  -3.90917050e-01  -9.40883210e+00   1.25344552e+01
   1.31777751e+00   2.94451181e+00   1.14589140e+01  -2.99276733e+00
  -5.91136692e+00  -8.51545183e-03   1.75144778e+01   1.39049852e-01
   6.92494963e+00   1.41970534e+00   7.58469068e-01]
 biasCapaoculta
-20.560650974850475
 biasCapaoSalida
-1.9963892605494622
 mejor error
162.3060584403645
 Precision 
0.6785403996524761