generacion: 26
 pesos capa oculta 1
[ 0.55324682 -2.45094973  0.41511432 -1.95295382  0.4253715   1.55757465
 -0.72733651 -1.66244798 -1.18998777 -0.48237287 -0.35187336  0.24916513
 -1.48555763 -1.69087157  0.92228899  3.73714191  0.03770265 -0.79534589
  0.55496156  3.74914682 -0.21582909  0.29392827 -1.97591347 -1.69154901
  1.1408718   0.12003968 -3.69562374  1.44025331 -0.79807928 -2.57576355
 -0.5272951  -1.63151899 -1.23956892  1.19688622 -0.91693042  0.56469988
 -1.77702864  0.85294057 -0.41460054 -0.5444293   0.56299545  0.89479179
  1.05845743 -0.2999465   0.256738    1.60732156  0.57668626  0.39592841
  1.45276345 -2.64732253 -0.75770218  0.86774127  1.16799866 -0.16945149
 -0.64734547][ 0.52677428 -0.3008756   1.08428846 -0.77215189  0.14560416 -1.09290138
  1.27225966 -1.39879497  1.5149249   1.08505099 -4.13962114  0.79725043
 -0.4360278   0.02875847  4.33844819  0.77654968 -2.26964209  1.85779893
  2.58097562 -1.59049438 -1.95978869  0.31399421 -0.65871294  0.6334319
 -1.92734611  0.56706375 -2.22869088  0.72404252 -0.24549301  0.28032728
 -0.11636862  0.37942493  1.44301961 -1.30838595 -0.07522307 -1.23392338
  0.55451048  0.58288511  1.85153472  0.66230806 -1.319713   -0.5717903
  0.42617203  2.0069816  -0.36305709 -0.63671566 -0.20808065  1.75697996
 -0.60077429 -1.06921706 -0.07597398 -0.82456058 -0.189082   -0.49154307
 -0.29230658][ -2.88349062e-01   8.76229628e-01  -1.11510338e+00   2.42039497e-01
   6.30827877e-01  -7.32740339e-01  -1.10793298e-01   3.98125674e-01
   1.51455274e-03  -4.65903351e-01   6.70564045e-01   2.05283151e+00
  -3.19406744e+00   2.84279933e-02   8.80764356e-01  -1.50874202e+00
   8.38873089e-01   6.76091479e-01  -1.67790630e+00   3.35427279e-01
   6.11025975e-01  -1.03892542e+00   3.00198389e+00  -1.07779171e+00
  -6.14954286e+00   5.25250856e-01   1.37802115e+00   8.30198469e-01
   7.03943100e-01   3.53040574e-01  -1.13933276e+00  -1.76572801e-01
  -1.31342955e+00  -7.35147264e-02  -1.31226121e+00  -5.17505450e-01
   1.19568210e+00  -5.63559039e-01  -9.55000306e-01   2.66038183e+00
   9.98991005e-01  -1.08871372e-01   4.25757902e-02  -2.91681202e+00
  -2.80320195e-01  -4.31482153e-01   1.96853622e-01   2.85672166e-01
  -8.34922390e-01  -8.47253441e-01  -9.14062061e-01   5.50025941e-01
  -7.05240480e-01   1.68871180e+00   4.95335645e-01][ 0.68157946 -0.27287387  0.17589869 -0.3383287  -1.42017009  0.06857272
  2.72729173 -0.48301305 -0.90972429  1.12675796 -0.73155349 -0.46248119
  0.63589243 -2.30597672  0.12995697  2.13317517 -0.70348798  0.21416558
 -0.61520255 -1.97927812  1.42876993  0.74252638 -1.88855907 -3.92735861
  0.66664406  0.95572599  0.6240397  -0.62000677 -0.29501408 -0.77977852
 -0.07696937 -0.2480552  -0.45896908 -2.5176817  -1.901483   -0.46512907
  0.09449241 -0.91874372 -0.07122209 -0.82255372  0.76045676 -1.35180678
 -0.34370363 -2.17539965  1.89847867  0.21034363 -0.34499323  3.0121948
 -1.10420338  0.14167113 -0.67750404 -1.48921222 -1.83453716  3.09856527
  0.14767861][-0.86780017  2.56554928 -0.23015856  2.43804461 -1.96522641 -0.56341358
 -0.37955456 -0.83425185  0.83345263  0.50313412  1.33726327  1.02713701
  0.50273432  1.35112124 -1.5768322  -1.21040799 -2.88977137  1.93382456
  0.9706417  -0.86764837 -0.98443777  0.58014165  1.72600704  1.89443532
 -1.57738809 -0.78342501 -1.04095787  2.07191447 -1.13500522 -1.14402669
 -0.4749892  -0.68529231  0.73043117 -1.75574695  2.2959017   0.70433817
  1.18821355  0.55249656 -0.81455005 -1.05847765  2.20984764 -2.35469301
  2.29841121  2.46950507  2.58627884 -0.18167736  2.59040169 -2.49522228
 -0.35542988  1.17114516  2.87629353 -0.82661505  0.41311571 -1.30783656
 -4.13066217][ 1.84508514 -0.81179934 -0.27333882 -0.56193486  0.88855261  1.37011684
 -0.17259849 -0.28515878 -1.69053461 -1.20033061 -0.93257852 -0.02060895
 -0.5253715   0.03618625 -2.92034041  3.01109075 -0.94647153  0.41934086
  1.12799991 -0.69370365 -1.30942795  0.12867536 -0.14660323 -1.94412075
  1.20483053  3.6847716  -0.79758601  0.03782211  2.27244825 -2.11489448
 -0.67823628  0.89256932 -0.07685976  1.14731602  0.62990928 -0.50379817
  0.36470843  0.61660942 -0.54519042 -0.73842376 -0.85022955 -0.29588195
 -0.52129642 -0.35138048 -0.30438406  0.36349783 -2.09781528 -0.26878768
  1.6340515   1.12155663  0.11802434  0.43175397 -1.88480856 -2.52759818
  0.5423598 ][ 0.07816785 -0.45575087  1.17384414 -0.32192941 -0.84890231  0.26852518
 -1.06660898 -0.11438211 -1.11948915 -1.74306808 -1.24884046  1.084603
 -0.91775277  0.23429156 -1.08205128  1.45861973 -0.96791411  0.85481005
  0.46815493  0.01788237 -0.67593048  0.21201618 -1.06069565 -0.77567749
  2.31733655 -0.5236443   0.89395316 -0.65925889  1.78065023 -0.95640052
 -2.10008236  1.10217739  0.68937402 -1.63288876 -1.98360617 -1.28100033
 -0.7627696  -0.09631911 -0.25306444 -0.88805687 -0.55209746  0.07339582
 -0.06937876  0.86201802 -0.71799216  0.79004339 -0.9804932  -1.0704532
  0.22836198  0.96186376 -0.92212085  1.16498828  2.01946385  1.45455696
 -1.74732634][-0.03298805  1.84642594  1.89432898 -0.05734841 -2.32555293  0.88333787
 -2.48255339 -0.08525202 -0.53252924  0.62880257  0.87015908  0.7533918
 -1.53526557 -2.02264956  0.44606884  1.19749274  0.56260782  3.90194562
  0.7127601  -0.50667766  0.85415122  0.44792846  0.77043006  1.22784377
 -2.63893241 -0.23343719 -0.81421546 -0.24431511  0.57107736  0.07517947
 -0.62598599 -0.93852467  2.82974121 -1.28589185 -0.25998963 -0.82184895
  2.72903042 -0.17086747  0.3870809  -1.35843312  1.32843117  0.06660297
 -0.84888964  2.7855908   0.77135162 -2.19542454  0.82934795  0.31303397
 -0.50485166  2.83616595  4.9542659  -0.6619367   1.91152726 -0.31937098
 -0.15841665][ 1.32888656  0.25635479  0.31838138 -0.16820206  2.37482314 -0.89356273
  0.27826854 -0.40254336 -1.63655904  0.314081    1.78335314 -1.26647625
  0.23314356  3.7729457   0.69736144  0.91407513  3.10265934 -0.84332709
  0.69108285 -0.73335088 -0.82887052 -0.71454207  1.73937312  0.64550283
 -2.06418821 -0.55420164  0.62198785  0.61019136 -0.03560368 -1.15041404
  0.55141855 -1.68988116 -0.36134929  0.70070966  0.52420705  3.13153841
 -0.18484296  0.28608198  1.74381585  0.94494658 -0.37955663 -0.42712188
  1.5173234   0.71425685  3.58345751 -0.47343092 -0.03414227 -0.89326135
  1.02451091  0.45860691 -1.24337982  1.57958305  0.15654187 -2.32426673
 -0.76650308][-0.09010588  0.34486418 -1.27409214  1.54006568  0.40039494 -2.23831989
 -1.543355   -0.08820852 -1.37386458  2.30567134 -0.99805131  0.78201871
 -1.09636293 -0.56336681  3.16182222 -2.19461583  2.62398872  0.39769543
  0.21716226 -1.60686009  0.36940434  0.12870522 -0.5260725  -1.12072878
 -0.09542217  0.83605389  2.17982964 -3.55479149  1.96639958 -0.42894615
  1.28645498 -0.95994527  0.70436535  0.40010851  1.02252039 -0.0671887
 -0.08473808  2.51108097  0.81724645  0.591019    2.06895309  2.18209535
  2.16197518 -2.05442021 -0.41214175  0.75305928  1.635078   -0.81933345
  0.36959093  0.66477531 -0.84072974  3.72794653 -0.7105283   0.44982291
 -0.1690609 ][ 0.60732137 -0.26934334 -1.79508439 -1.05447176 -0.5004551   0.67145645
  0.52416032 -0.89369028  3.17814919 -1.74579553 -0.22577419 -0.53559023
  2.9658573   3.8413078   2.90222797 -2.19498355 -1.61178979  0.30377032
 -0.61999936 -0.60092906 -0.55976567  0.51141989 -0.10754003  1.12184221
  1.26283705  1.62682179  0.82567389 -0.44783133  0.54081189 -0.68803951
 -0.43620256 -0.54846464  0.26106426  0.6317589   0.66974517 -0.23059712
  0.08542407 -0.11928186 -0.75182242 -0.32246777 -0.4550281   0.87630979
 -0.31676361  0.02173177 -1.34663607 -1.24873843 -0.72436376 -0.00592984
  0.51639344 -1.71404497 -0.02357442 -0.9035541  -0.15728506  1.34214885
  0.5719064 ][ 1.26061698  1.17268406 -1.31046387 -1.62666003 -0.41870333 -3.04278388
  0.39739152 -0.18117233  3.12687927  0.3252426   0.54481516  0.88175431
  1.11496447 -0.08051168  0.36767887  0.29084904 -0.87900179 -1.65749497
  0.17431881 -0.04652798  2.24608121 -0.07373401 -1.32621122  1.77928959
 -0.57318899 -0.46637962 -0.82577405  0.28758229 -1.82835181  1.46129891
  0.81614072 -0.76575067  1.21642676  0.36818891  1.21593081  3.14644844
 -0.46283971 -0.57936618 -1.45321696 -0.95480328  0.14487284 -0.988386
  0.6760865   0.43693808 -1.66372109 -1.81591221  0.06983461 -0.8345443
  0.2439071  -0.6977754  -1.87698524 -0.64280839  1.99229325  1.96326723
  0.62508021][-0.92958824 -0.67311538  0.04422299  0.87844258  0.23018946  1.84453562
 -1.85836096  0.96455758 -0.83657506  2.06487106  0.60540865  0.69427192
  0.17720155 -0.97931583 -0.19216393  0.78782872  2.374598   -0.70877367
  0.69214604  0.61023633  0.21908125  0.68749024 -0.68186229  1.33335761
 -2.86245063  2.49273471  0.69946469  1.56207828 -1.86657062  0.00799746
 -0.51061511 -0.779332   -1.84479746  1.47921617  2.19189049 -1.27774988
 -3.29008593 -1.76604911  0.89898216  0.47412306  1.77468145  0.17767698
 -0.12738338  0.88568956 -1.06520899  0.28735452 -2.23889967  0.07386061
  0.68690425 -0.10394906  0.21121207  0.91955624 -0.33871735  0.04514225
  0.77301674][-0.56059301 -0.20583126  0.105895    2.04135139  0.46493857 -0.00823063
 -1.41915898 -2.10496356 -2.97762756 -0.46466365 -0.24422794 -2.31348368
  1.16394649 -0.98082357  1.90496124 -1.93641724 -0.97697641  0.66538509
 -1.04494455  0.13292737 -0.48090245  0.69285372  0.60268279  0.34247012
  1.68034327  0.43495359 -1.52758625  0.01734632 -0.10726798  0.48170892
  0.88909767  2.92669383  0.27937483 -0.110508    0.57602013  1.23821845
 -0.39445547  3.20983782 -0.12159329  0.83754988  0.61270531  0.35429908
 -0.38506845 -1.05723167  1.58762952 -0.82334897 -0.59008161  1.48571195
 -0.58782332 -0.27897187  2.57978743 -0.60955077  0.77790331  0.4551713
 -0.07010204][ 0.77528278 -0.78013316  0.0594584   1.81115265 -0.78239488 -0.03212749
 -0.27596281  0.41623624 -2.19714179  0.79365821  0.01132215  0.90780107
 -0.58788928 -0.93505265 -1.53902603 -0.08442767  1.67861221  0.77691914
  0.49023046  2.34331948  0.53723376 -1.57740505  0.05498078 -0.9810872
  0.96863558  0.23231525  0.1770786   1.60283724 -0.14630425 -0.22703783
  0.45481087 -1.8964783   0.36026888  0.34740877  2.60514258 -0.74519763
  1.09245174  0.83321195 -0.62272463 -0.26740916 -0.44142783  0.4662695
  2.94687742  1.16484361 -0.59642153  0.94076056  0.73427133  0.86722951
  0.48089902 -0.23161373  0.04711685 -4.33258397 -0.9237123   0.14028245
  0.18309379][-3.79909006 -0.92826276 -0.94458387  1.41967466 -2.42870265 -0.32401253
  2.03535802 -0.18900223  0.56705969  0.83314691 -0.39789458 -0.92068893
 -2.0714657  -0.33720965 -0.98845203  0.07484341  0.20824762 -0.30428132
 -0.06740491  0.76833138 -0.87863295  0.7079138  -1.6822873   0.31280381
 -2.5344093   0.57209183 -0.07277327  1.02610711 -2.18828591 -0.86953806
  0.78666823 -0.26448637  0.44080918  0.6469923  -1.09654069 -0.55707744
 -0.10898239 -0.37043608  0.82473823 -1.49334756  0.99800019 -2.34128507
  0.48594154  0.41017932  0.42055372 -0.66912517 -0.35798484  2.23838189
  0.01899042 -0.97906064  0.21848493  3.58206786 -0.55010745  2.6216445
  0.91240613][-0.76888825 -3.28642162  0.61901201  1.56445432  0.84434857 -2.311379
  0.60889296 -0.20122821 -2.66625723 -0.2779783   0.48884691 -1.25642745
  0.15612713  0.70481482  0.29388704 -0.32777257  3.15908017 -0.43156211
 -2.42654352 -0.0606747  -1.59773762  1.05738548  0.43560895 -0.73278127
 -3.31255931 -0.69016053 -1.31968637 -0.32874473 -0.59173486  1.26963058
 -1.28560936 -2.39947922 -1.04612161  0.95940911 -0.24183683 -0.9237055
 -2.60519825 -1.11346903 -1.51683832 -2.09836328  0.50605786 -1.24764927
 -0.57210226  1.61005241  1.97613276  1.24345824  0.79307246  1.17729067
  1.33862425 -0.26787269 -0.19645624  1.19995198  0.71648269  0.26019951
  0.79516604][-0.83932889 -0.11886399  1.19604315 -1.37227971 -0.63940564 -2.27887824
 -0.34604692  2.10936792  0.36061594  0.14185462 -2.10130022 -1.43704555
  1.11031319  0.69135488 -0.09759879 -1.37188207  1.02105381  1.1115052
  0.53078566  0.22944799  1.31696813  0.00417129  0.01739186  0.38870453
  1.84059334 -1.92405072 -1.02345471 -0.83228912 -0.63855453  0.43753195
  3.10773114  3.42897412  0.75907605  0.77812826 -1.55615812  0.1526184
  0.01308739  2.83602326 -1.06128292  1.75462666 -1.30355701  1.12262171
 -2.43189663  0.78610113  0.67322286 -0.38427892  3.00001965 -0.41132942
  1.29261377  0.37097827  0.14440765  1.53266871  1.68823024 -0.61965941
 -0.32348001][ 3.65124556 -3.48913405 -1.06101311  2.32121923  2.58289702  0.66683372
 -0.71625564  3.28828654  0.4411231   0.23916433  0.74158129 -1.86382981
  0.50715916 -0.73934713 -5.03408094 -0.6000679   0.09746884  2.55325253
  1.96294396 -0.35649321  0.42559973 -0.03257904  1.83837434  0.92633993
  0.01397738 -0.66242365  0.3285515   0.97863603 -2.01101476 -4.1224234
 -1.31115941 -0.81986513 -0.1738935   1.28871619  3.90171069 -1.31148708
 -0.66334357  0.13839486 -0.72613056  0.45871725 -1.35602035 -0.93134658
  0.22455335  0.12924123 -0.95179896  0.77450233 -0.09852305  3.29793107
  1.32955605  0.94915676  2.21568283 -0.24267776  1.57506434 -0.2708061
  0.49115242]
 pesos capa salida
[ 2.38400613 -1.60815452 -4.89115258 -5.17979856  1.9110682   4.37463947
  0.99405589  5.61792709  2.81388388  1.96177552  1.51751579 -2.51256735
  3.70737823  0.22842391 -3.54235303  2.77031592  3.01448963  5.77612283
 -5.39847551]
 biasCapaoculta
1.0029719156260257
 biasCapaoSalida
0.44794057061392256
 mejor error
193.79915255481365
 Precision 
0.5925282363162467