
 fecha de inicio Mon, 15 Jan 2018 09:55:22 
 fecha de la generacion Mon, 15 Jan 2018 12:54:42 
 generacion: 1440
 pesos capa oculta 1
[ -3.07464127e+55   2.79761798e+54   1.38960623e+54  -3.73875948e+55
  -2.52170600e+54  -6.06357880e+55  -1.88908911e+55  -5.47960206e+53
  -7.92391122e+54   9.45034398e+53   1.48269852e+55  -2.49116371e+55
  -5.17585686e+54   2.09080177e+55   2.15683669e+54  -4.58883456e+55
   1.18440439e+55   3.89121560e+54   8.72687942e+54   1.97583558e+54
  -1.63545626e+55   1.68138635e+55   1.38743612e+55  -2.16910658e+55
  -5.26169767e+54   3.21418541e+54   1.45575124e+55  -1.14584661e+55
  -3.35099601e+55  -1.89608312e+54   5.58800261e+54  -1.06448614e+55
  -1.78014873e+55  -3.16136507e+55   3.35729720e+55  -4.91141392e+54
   7.03599133e+54   7.02886054e+54  -1.13592588e+55  -1.42071767e+55
  -2.21574190e+55   4.12864404e+55   1.56036290e+54   7.06774418e+54
  -6.60534241e+52  -2.28623008e+54  -7.58893014e+54   1.60383158e+55
   2.61263950e+55  -2.17230384e+54   9.55065204e+54   1.56175687e+55
  -1.21038211e+55  -3.20395483e+54   2.87386909e+55][ -1.30486070e+55  -6.82717338e+54   1.91993411e+55   5.77072078e+53
   8.36050522e+54  -1.58608844e+55  -1.47548597e+54  -2.94862308e+54
  -6.58614988e+54   2.80476338e+54   3.32521870e+54   1.56390890e+55
   5.77023652e+53   5.46090594e+54   9.98382331e+54   4.96539921e+55
   2.34314736e+55  -8.44861223e+54  -1.64584875e+54   6.51535034e+54
   5.51096836e+53  -4.74560136e+53  -5.60816946e+54   1.33428806e+55
  -1.35754331e+55   1.01356565e+55  -2.94433746e+54   1.68525229e+54
  -1.56748668e+54   6.99089833e+54   2.03898890e+55  -1.11951386e+55
  -4.46981528e+53   7.15811518e+54  -6.95296600e+54  -1.02225275e+55
  -1.25111806e+55  -7.11809836e+54   2.10979423e+55  -1.51982093e+55
   2.01282563e+55   2.47971678e+55  -5.96153211e+54   7.54317206e+54
  -5.73743840e+54  -4.48935250e+54  -7.85782381e+54   1.34359307e+53
  -1.15380168e+55   1.39367256e+55   7.83854238e+53   1.73653396e+55
   1.17926705e+54   1.03998462e+54  -1.82638505e+55][ -4.93958513e+54   1.56270568e+54   3.04050061e+54   3.11744095e+55
   6.23664362e+54   1.11243109e+55   2.29227873e+55  -8.33568107e+54
  -2.68884031e+54   6.69445426e+55  -4.63245645e+54   9.36674499e+54
   6.40007431e+54   3.42308099e+54   1.74798438e+55   5.38291788e+53
  -6.63817407e+54   7.31613248e+53  -1.30511889e+54   4.37781451e+55
   1.75920207e+55  -1.26898282e+55   2.39956105e+55   1.77451000e+55
   9.25123162e+53   8.11478564e+54  -4.33661023e+54   2.72850924e+54
  -2.47514304e+55   1.45713310e+55   1.70108501e+55   2.25900218e+54
  -1.61906979e+55   1.43097875e+53  -1.89476712e+55  -1.60254214e+55
   1.57577028e+54  -1.08387974e+55  -4.25337630e+54  -6.09902703e+54
  -6.34463683e+55  -2.83761574e+55  -6.32041625e+54  -5.21742832e+53
   8.11070462e+54  -1.47648430e+55  -7.21737051e+54  -1.05237555e+54
   9.47714406e+54  -5.37135318e+54  -7.52050134e+54   1.99370836e+55
  -1.81201887e+55   1.57147168e+54   2.23736725e+54][ -7.60187340e+54  -1.47788443e+55   9.83332364e+54   1.31953763e+55
   2.01887672e+55   1.63684457e+55   6.21091903e+54  -2.61897350e+55
  -7.31322823e+54  -2.33725765e+55  -7.55987966e+54   5.97666053e+54
  -1.18204948e+54   2.02873800e+55   4.93737724e+55  -1.68906102e+54
  -2.88197846e+54  -1.29808518e+55   9.78437805e+54   1.04298194e+55
   1.03149396e+55   2.10378961e+54  -7.76401128e+54   7.89380992e+54
  -1.16224961e+55  -2.71393742e+55  -1.83202208e+55   4.66280299e+54
   6.40640249e+54   2.88925093e+55  -2.42008710e+55   2.15581334e+55
   5.32146322e+54   9.73814968e+54   1.43213533e+55   6.07502970e+54
  -2.46627579e+54   1.01152782e+55   3.36726076e+54  -1.60858973e+55
   1.32084549e+55   2.50535747e+54   1.57231024e+54   3.79128872e+55
  -1.72267747e+55   1.02300737e+55   2.03397125e+54  -3.66929031e+55
   1.20734930e+55  -9.09451558e+54  -6.74743175e+54   2.84127206e+55
   5.62079586e+53   1.41607689e+55   1.21010769e+55][ -8.13635019e+54   1.29125666e+55   7.53010851e+55   1.53539344e+54
  -1.56283493e+54   5.47536985e+54  -4.42740447e+54  -1.69993574e+54
  -2.08077367e+55   1.97745473e+55   9.43788866e+55   2.06741015e+55
  -2.57402556e+54  -2.54167578e+55  -1.68763268e+54   1.07760842e+55
   4.62315551e+55  -2.80508344e+54  -2.00720002e+55   3.71203600e+55
  -1.99349174e+54   5.13749627e+54   1.12940762e+55  -8.64445983e+54
   7.38936745e+54   1.86956027e+55   7.68631135e+54   2.09783793e+55
   1.52197087e+55   2.82622724e+55  -4.32482122e+54  -2.16723066e+55
   5.77304750e+55   8.52152812e+53  -2.79218779e+54  -2.91827053e+54
  -7.08328043e+54  -1.96289050e+54  -3.06231252e+55   2.23458189e+55
   2.68937907e+54   8.22620818e+54  -2.09138035e+55   1.55350445e+54
  -9.90323652e+53  -3.04532187e+55  -5.69978756e+54   1.17786521e+55
   6.64700530e+54   2.12255946e+54   4.57893647e+54   4.71421479e+55
   6.37855206e+55  -3.80259065e+54  -1.16329243e+55][  3.42049197e+54  -1.93043457e+55  -2.50984673e+55   2.22533188e+54
   7.09628907e+54  -1.04329407e+55  -4.33352461e+54  -4.55722014e+54
  -7.98728776e+55   2.60958983e+55   3.65153012e+55  -1.97752068e+55
   1.96116863e+55   7.46444976e+55  -1.32740303e+55  -5.97610238e+54
   1.70403527e+55   1.05041914e+55   4.94434575e+54   4.04931854e+54
   3.87793088e+54  -3.26683658e+54   2.09065461e+55   2.61243811e+55
  -4.28683963e+54  -5.93278941e+54  -1.44842423e+55   4.89365535e+54
  -6.79648514e+54  -4.62538747e+55  -2.59439492e+55   1.59074477e+55
   2.46372725e+55  -1.73073507e+54  -1.90420539e+54  -5.45016494e+54
  -1.07711953e+55  -3.35470713e+54   2.56448008e+54   4.99436856e+54
  -5.07240664e+54  -1.33727539e+54  -6.46181202e+54  -4.45439052e+54
  -5.20604793e+54   3.23276357e+54  -1.70851512e+55  -1.37317916e+55
   1.32533398e+55  -8.32190763e+54   1.59237792e+55   9.58721987e+54
  -5.67808623e+55  -2.73194672e+55   1.21725154e+55][ -2.78288724e+55  -1.56887016e+54  -3.63722355e+54   1.93248865e+54
  -7.52814316e+54  -1.25847008e+54   1.19225572e+55   6.17077275e+55
   6.55341163e+54  -2.55388768e+55   1.38076052e+55  -1.28409913e+55
  -6.41502153e+55   2.07799718e+55  -1.55476422e+55  -2.27606110e+55
  -2.30587532e+54  -8.11285306e+53   2.70224745e+55  -2.02778116e+55
  -1.19604245e+54  -2.28482329e+54  -4.55342708e+54  -4.62905121e+55
  -2.35396109e+55   2.11880687e+55  -8.98667735e+54   3.59172735e+55
   1.24668389e+55   5.80113531e+54  -9.11373463e+53   4.59393371e+54
   6.61724331e+54  -6.64784575e+54  -1.32382789e+55   5.21307079e+54
   5.80723896e+54  -2.03033713e+54   6.80758372e+54  -4.85608017e+54
   6.78085132e+54  -2.32790191e+53  -4.13677011e+55   1.28767837e+55
  -2.34507944e+53   1.39664250e+55   1.20654255e+55  -7.42539007e+54
   1.07017114e+55  -2.85408524e+55   1.13727949e+55   6.09599675e+54
   2.32986053e+55  -3.60413192e+54  -1.64623684e+54][  1.01811169e+55   5.26949654e+55   5.59754006e+55  -1.29616170e+55
   4.09839928e+54   1.55830654e+55  -1.12074414e+55  -2.91986728e+55
  -1.26553081e+55   2.48724073e+55   1.88564833e+55   2.09194860e+54
  -2.58526912e+55  -1.81943094e+55   1.98262980e+55  -2.20215649e+54
   7.91485513e+54  -5.24565843e+53  -1.26129164e+55  -4.06015805e+54
   5.40565255e+55   3.60100755e+53   7.49403318e+54   2.21543474e+55
   1.34787258e+55  -1.95312894e+55   1.18093513e+55  -3.68803892e+54
   1.88182023e+54  -8.27357636e+54   2.38614678e+54   2.85183473e+54
   1.88575241e+55  -2.24208370e+55  -1.26904241e+55   1.73729282e+54
  -6.31623376e+54   7.43742479e+54   1.52598224e+55  -2.73312563e+54
   8.59869077e+54  -8.39665202e+54  -5.75937998e+54   4.80789716e+55
  -1.83126858e+55  -6.78467312e+53  -1.17986004e+55  -2.43455870e+54
  -7.25959106e+54  -1.46662694e+55   5.58161630e+54   2.31642099e+54
  -1.85986186e+55   1.22809877e+55   2.09321924e+55][ -1.95652705e+55  -1.12740943e+56  -7.56339628e+54   1.05570291e+54
   1.63772946e+55  -5.76722284e+55   2.05961551e+55   2.37736857e+55
   1.17705594e+55   1.06036110e+55  -3.22622483e+54   1.16009977e+55
  -9.14786136e+54  -2.11997471e+55   4.65321565e+53   1.76881684e+55
   2.71357504e+55  -3.75611321e+55  -2.26221270e+55   5.46110654e+55
  -5.32726985e+54  -4.03646746e+55  -2.01692842e+55   2.98212372e+54
  -1.38775351e+54  -1.49557082e+55  -1.23035986e+55  -3.07114612e+54
  -2.87934152e+54   4.40285404e+54  -1.42731255e+55   3.21054771e+54
   2.10081121e+55   1.69260498e+55   2.83789453e+54   7.86211293e+54
   3.14107717e+54  -2.50410403e+55  -7.37264967e+54   2.77089149e+55
   3.16275543e+54   2.63530202e+55  -5.31720242e+54   1.95348998e+55
   2.33652307e+55   2.72272673e+55  -1.52345788e+55  -5.15598162e+54
   4.10441791e+54  -4.50149641e+54   9.13559190e+54  -2.79463060e+54
  -4.46634540e+54  -1.13948912e+55  -9.69397792e+54][ -1.33678108e+54   4.78709467e+54  -6.08847032e+55  -1.30716236e+54
  -4.48546501e+55  -8.01729924e+55  -1.03839834e+55  -1.48751366e+54
  -4.63611772e+54  -4.35733595e+54  -1.26915642e+55  -1.43979070e+55
  -8.52218346e+53   5.37644521e+54  -1.63706127e+54   1.03687964e+55
  -3.36385111e+55   1.17383418e+55  -6.79342690e+54  -2.97178694e+54
   1.33774022e+55  -5.78631208e+54  -7.98966122e+54  -1.52121431e+55
  -3.41305844e+54   3.86850174e+54   2.06020732e+55  -9.13382392e+54
  -2.07998204e+55  -5.79930857e+54  -3.06287760e+55   6.77255931e+54
   9.83854835e+54   3.10218076e+54  -6.20533229e+53   4.10292323e+55
  -5.89400656e+54   1.73172272e+55   7.39235496e+54  -1.35964130e+55
  -1.01739701e+55  -5.78021246e+54  -1.81117554e+54  -5.55913943e+54
  -2.38114634e+54   1.25725281e+55   1.17459764e+55  -5.59564469e+54
   5.08898989e+55   9.25206333e+54   1.40958467e+55  -9.23368236e+54
  -3.36145954e+54  -2.12381925e+54  -1.35395011e+55][  9.65272432e+53  -2.52481446e+55   1.81599911e+55  -1.08647302e+55
  -1.75487473e+54  -9.71437669e+54  -2.71043944e+55  -7.90654422e+53
   9.28990167e+54   3.39796798e+55   1.47699371e+55  -2.06029375e+55
   1.27566809e+55  -8.42884691e+54   3.15038205e+55   9.80736131e+54
  -4.84047436e+55  -4.13122736e+55   1.40189582e+53  -1.27123484e+55
  -7.79721633e+55  -7.21819309e+54  -2.59556235e+55   1.54290061e+54
   1.14549151e+55   3.08925896e+53  -1.17839121e+54   6.48264678e+54
  -3.07536590e+54   4.95992527e+54  -4.56829953e+55  -1.90172805e+55
   1.74832923e+55  -9.81448211e+54   2.36242828e+55   1.28080838e+55
   1.76997775e+55   7.61119456e+54  -6.06794664e+54   9.76112002e+54
  -1.51318279e+55  -3.31560924e+54   3.87168942e+53  -3.97220095e+54
  -5.53308105e+54   3.04615482e+55   3.13456323e+54   2.23166440e+55
  -1.16612053e+55   1.48496209e+55   1.59499504e+55  -1.88821059e+55
  -1.78140515e+55   5.91566157e+54  -6.25862024e+54][  9.59498472e+54  -4.86035757e+54   1.55035078e+55   1.97535384e+55
   2.46108804e+54  -7.98841354e+54   2.98723922e+55  -2.69703569e+54
   2.22662881e+54   1.80022402e+55  -1.45382200e+54  -2.86227131e+55
   3.00086722e+54  -1.48883172e+54  -3.00697678e+54  -1.77686441e+55
   7.21176228e+54   5.17625278e+55   1.06061844e+55   1.04631511e+55
   1.13481600e+54   2.83481226e+54  -4.23066266e+55   1.06542036e+55
   7.21022863e+54  -3.39894960e+53   4.58847937e+55  -4.88682495e+54
  -5.01839967e+54  -8.73250146e+54   1.26206715e+54  -1.86186456e+55
   1.21754322e+55   4.24900845e+54  -8.66938826e+54  -3.60849669e+55
   3.01819120e+55  -1.66234297e+55  -3.38176016e+55  -8.17189296e+54
   7.73910887e+54  -5.93475753e+54  -4.87523007e+54   3.91969302e+54
   1.87820463e+55   7.64818103e+54  -5.12789503e+54  -6.17720080e+54
  -3.32349792e+54   1.85355682e+55  -4.06534844e+54   6.81904705e+55
  -2.21520284e+54   3.52872151e+54   3.01410273e+54][ -1.43758356e+55  -1.06574784e+55   5.46014742e+55   3.07928539e+55
   5.92171014e+55  -2.60605486e+55   1.37384144e+54  -9.71441400e+54
  -2.45103147e+55   9.13163676e+54  -7.07918665e+53   2.70404245e+55
   1.60568213e+55  -2.63111590e+55   2.48760129e+54   5.31202594e+54
  -1.93991437e+55   4.94968707e+54   1.13118425e+55   8.38399534e+55
   1.24591685e+55   1.30377074e+55  -2.45176292e+54   7.97261654e+54
  -1.69840507e+55  -2.29433716e+54   2.45040054e+55   1.15862202e+55
   2.31081412e+55  -4.56320869e+54  -4.79559609e+54  -1.46117709e+55
   3.46384125e+54   1.69743033e+55  -6.96174158e+54   5.28217521e+54
  -3.76583545e+54  -1.17590729e+55  -9.59609895e+54   7.60530394e+54
  -2.66622437e+55  -4.31258479e+54   1.18288410e+55  -3.01667009e+55
   1.98976763e+54   1.26883770e+55  -8.17115507e+53   8.89065276e+54
  -3.06313377e+54  -8.82594847e+54   4.23678050e+55  -1.66797012e+55
   6.28169558e+54  -5.22445277e+53  -5.97425600e+54][  3.27885541e+55  -6.22796000e+54   6.21344777e+54  -1.10552578e+55
   5.23994832e+54   3.34181190e+54  -2.50790451e+55  -2.79346026e+55
   1.50887627e+55   1.83680322e+54   2.29356874e+55  -6.75100277e+53
  -3.53983866e+53   1.45217276e+55   5.17383320e+54   2.94609983e+54
  -7.88204626e+54  -8.34184764e+53   2.03657429e+55   1.39248849e+55
   5.59906405e+54   1.19225609e+54  -1.51680793e+55  -4.49444763e+54
  -5.99336214e+54   1.74272422e+54   7.38783834e+54  -3.55907778e+53
  -1.08914701e+55  -4.40672809e+55  -4.13891959e+53  -1.68844382e+55
  -1.37895733e+55  -8.14355718e+55   9.51458712e+53  -3.58955284e+55
   2.22925445e+55  -1.00712024e+55   1.60748239e+54  -2.44109468e+55
   2.11287302e+54   7.49685363e+54  -1.18232657e+54   1.47018673e+55
   2.28797147e+55   4.18330310e+54   2.13330275e+55  -2.13941299e+55
   6.86980040e+55  -1.36678792e+55  -5.13671801e+54  -8.97406094e+53
  -1.29608480e+54  -2.31711680e+55   4.02418813e+55][  4.87885932e+54  -1.58626061e+54  -2.42321749e+55   2.73810066e+55
  -1.11051757e+55  -3.56753134e+55   2.59663779e+54   1.62437075e+54
   1.34342060e+55   1.71174757e+55  -1.10614365e+55  -5.55533736e+55
  -3.42568584e+54   7.21489947e+54  -1.67646312e+54  -1.59737779e+55
  -2.03912179e+55   2.11159574e+55  -1.14248340e+55   1.39060450e+54
   3.53639571e+54  -1.15921629e+55  -8.91934532e+54  -8.76756813e+54
  -1.45181145e+55  -1.25883579e+55   8.25124100e+54   1.86722455e+55
  -3.16356292e+53   2.32444920e+55   8.19424552e+54   5.57094594e+55
  -1.45381663e+55   1.78961724e+55  -2.04697219e+55   3.48447987e+54
   2.27993132e+54   4.94810658e+54   3.80632455e+55  -1.26741369e+55
  -4.56957064e+54   4.53632691e+54   4.06462680e+54   1.02564356e+55
  -2.68280001e+55  -1.29476684e+54  -4.79967597e+54   5.80500252e+54
   2.52330045e+55  -2.01714749e+55  -9.89672317e+54   2.63849976e+54
   9.07586525e+54  -3.97977619e+55   2.18614326e+53][ -2.09794714e+55   2.05977339e+55  -7.28215104e+54   1.92109647e+55
   1.33556691e+55  -2.05946464e+55  -1.36200088e+54   5.75957794e+54
  -4.41507736e+54   3.95882569e+54  -7.88161981e+53  -1.71764503e+55
  -1.09153120e+55  -1.61386138e+53  -3.78326257e+54   1.74884651e+55
   3.75065327e+55  -1.19269583e+55   2.60830148e+54  -1.73681628e+55
  -2.36502143e+54   1.07046751e+54  -6.63084235e+54   5.12612015e+54
  -2.79948696e+54   1.52036485e+55   2.21620166e+53  -1.04685178e+55
  -2.51202636e+55   1.19844269e+55  -2.02899761e+53   2.61481006e+55
   3.55636572e+55   2.25370862e+55   1.76854903e+55  -5.82176785e+54
  -1.02167310e+55  -1.23981317e+55  -6.56011726e+54   1.65335293e+55
  -1.80140136e+55   1.72090808e+55  -1.69483227e+55  -2.92280123e+55
  -2.40006744e+54   2.78342753e+54   4.21150587e+54  -9.03624797e+53
  -5.51897326e+54  -2.57885357e+55  -3.52538047e+54   8.51499153e+54
  -6.77362624e+54  -3.91658102e+54   1.09476598e+55][ -8.87871809e+53  -7.89654820e+54  -1.27473790e+55  -8.70666439e+54
  -4.53131992e+53   4.13528618e+53   1.22658468e+55   1.35203755e+55
  -4.47667965e+54  -3.32522207e+55  -6.93799778e+54   3.38075237e+54
  -5.96741357e+54  -7.63230607e+53   8.64724965e+54   2.01906013e+55
  -1.51588196e+55   8.14888384e+55  -2.41592106e+55   3.25064750e+54
   2.45770465e+54  -1.56512681e+55  -1.08620694e+55   5.91725542e+54
  -2.28361282e+55  -1.80952093e+56   1.25769921e+55   2.22761076e+55
   2.48393148e+55  -1.60285080e+53   1.56568464e+54  -5.25268835e+54
  -4.15389117e+55  -1.58127686e+55   6.58523120e+53   7.80230078e+54
   1.02811313e+54   2.38849435e+55  -1.61118696e+55   1.30120156e+55
  -1.53872824e+54   3.43645369e+54  -7.63878451e+54   2.76399624e+54
  -1.08105992e+56   2.04194784e+55   2.19862362e+55   1.49183868e+53
  -1.60846997e+54  -4.71547197e+55  -8.62113115e+54  -2.60809552e+55
   2.92702156e+55   7.13981395e+54   3.13220813e+55][  6.16406662e+55  -1.63659279e+54  -4.10920334e+54   1.24452724e+55
   1.63881300e+55   1.01483338e+55  -3.19683119e+55  -6.81816424e+54
   5.86478799e+55  -2.10917792e+55  -2.57841990e+54  -5.04853529e+54
  -1.57350685e+55  -9.27014425e+54  -1.86945252e+55   4.22029945e+53
  -3.41331845e+54   8.13295550e+54  -3.83330641e+55  -1.89593266e+54
  -5.50845700e+54   8.18666336e+54   2.29455352e+55  -3.68882971e+54
   2.74371118e+55   2.15280858e+55   8.29818596e+54  -3.65750418e+54
   1.47824829e+55  -1.45376720e+55  -1.49893970e+54   9.45920340e+55
  -1.98382409e+55   2.82321336e+54   1.14144469e+55   1.54016500e+55
   5.13215495e+54  -1.41502825e+55  -5.11305631e+54   8.42425172e+54
   1.91470058e+55   1.36821861e+55   2.79257884e+54   9.12037911e+53
   1.44545016e+54  -1.04231091e+55  -1.06345804e+55   1.00651951e+54
  -3.59579725e+55  -1.70356487e+54   1.42537004e+55   3.62656307e+54
  -1.12780368e+55   1.20776316e+55   2.52280193e+54][  6.43188228e+54   4.51256778e+54  -3.42392733e+53  -1.20380579e+55
   5.79246967e+54   1.44806687e+55  -6.29329357e+54   4.94672717e+54
  -2.41679486e+55   6.97475469e+54  -2.60570675e+55   1.28971919e+55
  -1.09440366e+55   2.86759927e+54   3.09185438e+55  -2.22243441e+54
   1.42265828e+55   1.21072766e+54   2.04232923e+53   5.94738352e+55
  -4.16985894e+54  -2.75405982e+53  -2.40956141e+55  -2.15796063e+55
   1.83895760e+54   3.88693288e+55   2.13264169e+54   7.05650499e+54
  -2.08663561e+54   2.64217167e+55  -1.36988106e+55   7.92329369e+54
  -7.25110397e+54  -1.50088250e+55  -2.61115143e+54  -3.73181484e+55
  -4.58190568e+54   7.99401321e+54   4.93202877e+54   9.83565765e+54
  -4.54472318e+54   2.92914065e+54  -1.34144576e+54  -2.05329205e+55
  -5.47301172e+53  -1.37279484e+55  -1.60545950e+54   3.14179856e+55
   2.42137328e+55  -4.16296517e+54   1.51093825e+55  -3.28644351e+55
   3.51234907e+54   4.55191682e+54   1.25679561e+55]
 pesos capa salida
[ -6.20651136e+53   2.14637195e+55  -3.08705492e+54   6.37048667e+55
   1.33544749e+56  -2.19996894e+55   2.32197600e+54   1.39547678e+56
   1.31803240e+56  -1.41690716e+56   9.98541704e+55   2.02050671e+56
   1.02464697e+56   1.34882076e+55  -6.89118246e+55  -7.77853925e+54
  -7.46988751e+55  -4.15809314e+55  -6.15156124e+54]
 biasCapaoculta
1
 biasCapaoSalida
1
 mejor error
145.9999998799999
 Precision 
0.7463075586446568