
 fecha de inicio Sat, 13 Jan 2018 16:03:11 
 fecha de la generacion Sat, 13 Jan 2018 22:03:08 
 generacion: 4868
 pesos capa oculta 1
[ -1.61017204  -8.97500269  11.65745183  -6.78276546  -4.735084
  -4.32245021  -3.90801981  -1.53681145  -0.38450386  -3.84545613
   5.29607406   0.73305733  -6.93222      4.10697649   4.66696087
  -2.70069791   3.392066    14.80459307  -4.55494679   1.85044859
   6.72053215  -2.11668506  -4.26876312  -2.1004388    0.60251222
   3.96315475   0.7099503   -4.46685545   2.692769     3.15252584
  10.95309733  -1.47664655   3.65006717 -14.83728043  16.10974306
   0.17147949   5.00318591  -3.74043628   1.74579892   3.35460762
   7.22334299  -2.53757082   4.27873877  12.74547212  -6.02854836
   6.14098273  -0.26546553  -3.26726635  -2.51986234  -0.53375832
   7.94031759  -3.12344203 -11.4678561   -5.04217938  -5.64605168][ 12.67309415  -4.66380413  11.07320978   6.59677102   1.46202179
  -0.70765943  -1.98971416   4.35267907   1.85133192   3.88297503
  -0.9403823   11.54206507   4.87140061  -4.9279123    0.16836469
   1.41468066 -10.1291194   -3.35005679  -1.49931277   0.53741317
  -5.9577211    3.95973955   4.17694262   0.5481619   10.79725775
  -1.65539798  -6.8552625    5.8492073   -1.18979589  12.24476549
  -2.3060574    2.03305007   3.90634895   7.12612649   0.56023137
   0.40674269   5.25956259  -3.98715906   6.22471432   3.89919731
   1.96381724  -0.72102432  -9.77987666  -3.31486821   2.53694421
  -3.52646774   7.59981996 -11.341091    -5.69877695   2.13145268
  -4.31416506   0.17115135  -2.08728644   6.82307951   3.45628371][ -4.59061236   0.32373189   0.48868401   1.3025958   -1.17961235
   2.1069044    2.8433396    4.15153869   5.16719205  -7.87267089
   0.85856879   1.16356291   3.24521754   2.59249436   7.88792865
   1.65510356  -3.70759912  -1.0916541    2.54435301   2.81903687
  -5.87916043   1.26621223   0.35692047  -5.06107721  -5.58118168
   1.6837547   -0.39954611  -2.9156641    6.45760485  -3.05752536
   0.56466069   3.59999282  -1.0080303   -2.54712774   2.63947666
  -9.04784773   7.88950474  -6.72932191   2.01931817  14.12753954
   4.83206401   2.0572626    6.82718478  -2.49447714  -4.91044906
  -0.98583887  -4.45577969  -2.73353872   1.4774432    3.10304591
  -6.37296542  -0.03482969   0.88178569  -1.91757735  -4.37455006][  0.45659227   5.36843629  -4.40093443   2.2637637   -9.44721138
   3.20918678 -10.84750859  -0.81875943  -6.87765457 -10.21053769
   6.95638134  -3.75714322  -2.31075059  -3.21832659   3.37911804
   7.80363776   4.28247302  -4.47575643  -4.50667528 -10.24580536
   0.19420022  -3.63045919  -0.34738603  -1.56848009   5.80778057
  -0.54447478  -6.5127913   -0.5182708    5.42384291  -6.40771164
  -5.10796639   1.69025112  -5.03796228  -6.75279624  -2.1795032
  -5.54338961   6.38236472  -3.26985253  -1.07516233   0.79423288
   2.20941175  -0.32297733   2.98739995  -1.00763054  -1.19865439
  -5.14306086  -0.9913644   -5.86809032  -2.96355864  -7.26841147
   1.5964347    3.35046348   6.84171285  -1.67452695   3.9888657 ][ -5.13026819   0.69894221   5.34312659  -2.8607528    2.26330428
   1.0709426    6.96381953   2.32899585  -1.594878     5.36227064
   1.22638979   8.57823757   4.10535583  -2.77259728  -4.3110821
 -10.75897527   1.60705231  -2.99140358  -1.25007808  -4.47339527
   0.0799798    9.27532983  -0.79265988   5.51769067   0.58863217
   8.17135654  -4.94812299  -4.00632929   3.8770269    3.4719852
   1.09589627  -9.00342466   5.32077613   8.61535158  -5.56385972
   7.56277454   9.64478697   2.31431872   5.38209153  -5.55484099
  12.51566922  -7.42342079  -1.83595291  -3.67289534  -0.46123245
  -2.03420639   5.59084387   1.40449169  -9.23680029   2.29460031
   3.54971628   1.2665747    0.87414739   2.34648909  -5.40700109][  3.91486605   8.12001051  -0.02176643  -5.10073003  -3.13988758
   3.47878998  -6.68308224  -4.0379373    2.90704734  -0.97836504
   0.09607842   2.15486807   5.84291519   1.06276902   3.64727835
 -10.37886591   0.17569923   8.97849113   9.85771935   6.5312736
   1.31543282   2.9075393   10.61213502  -2.37034863   4.27011788
  -0.6876602   -1.01096426   0.42082597  -2.2383912    1.80307884
  -8.26112322   0.83645423   3.27097632   4.42735013  -7.58112531
   5.20759277  -1.1204126   -1.31821945   5.84780938  -2.23586924
   2.90156847   4.97390884   5.09813255  -3.09980875  -9.56163584
  -2.86526316   1.66405457  -1.73151915  -1.8131681    4.84240879
  -0.40273311  -5.46550473   4.59083063  -1.50861799   1.59478801][  4.1855074   -3.08836366  -6.9617021    3.00867797 -10.18937019
  -0.32420181   7.87989564   2.39983881   2.12820397  -2.64115141
  -7.12790575  -2.70921208  -2.07952755   0.13272124   0.61824634
  -7.82827475   3.57844323  -4.70233036   3.32537093   0.90591098
  -3.85810692  -6.9684459    3.64742505   3.02291657  -0.31846095
  -3.89259021   7.13806628   9.11732619  -2.0521129    2.06518522
   5.0553969    0.12302064   0.4250506    3.14801154  -2.39555224
   3.51883708   8.47205871  -0.60951803  -7.37129674   4.49155594
  -2.9153323   -4.84002149  -3.68980145  -3.91468009  11.05774002
   2.31680649  -3.0230654    5.24502028  -5.19544342 -10.58268237
   5.36799515   4.79548948  -1.47236417 -11.57798672  -4.27414769][ -6.14122211  -6.7132962    3.00655121   1.84878305  -2.31862712
  -1.6585648    0.94839139  21.01533925  -1.82918347  -2.51743693
   7.99099551   5.61423889   0.55385241   4.92232082 -11.04605444
  13.12293269   3.79967017   6.25093372   3.60323198  -6.89655885
  -2.02199569  -5.69238414  -0.89056372   2.41022507  -3.70344532
  -1.75724145   0.79903285  -4.00093907   0.33586209   0.56808433
  -2.46369579  -1.34395195   4.57600446   2.417303     4.31546436
  -5.98024521  -4.6547265   -7.13548314  -1.30347128  11.98302078
   4.32306123   2.60678524   1.87895132   3.14070172   0.53599394
  -5.36281109  -5.07775707  -2.44459736  -8.01994216  -6.72681232
  -0.43561712  -4.07242245   1.68519544   1.05080907   0.63732908][ -3.00564333   3.13986279  -1.28911813  -1.05034621   3.06022766
  -3.31966902  -2.78367372   2.986665    -9.1365294    1.20633427
  -6.72680396  -0.80976626  -5.94845579  -2.39092111 -14.4063481
   0.78375825   1.53492556  -7.17421909  -0.31994959  -7.01711045
  -2.2132531   16.0200371   -2.45737706  -7.54883612  -4.9030038
  -1.03655959  -5.53293372   0.68131503   8.46065605   3.33503186
  -1.89998808   3.31632806   1.19772132   7.56890156   4.01137412
   1.65960469   0.03892166   0.5832097   -0.24884568   0.66723045
  -0.4622771    2.61251257   0.52832887  -5.02648634   3.00126769
   5.44190332   6.07911113  11.11537871  -0.14175529   3.28639184
  -6.94922963   1.55745877   2.44786534   6.76157252   1.22365561][ -1.67808414   6.22075599  -1.96026126  16.75403037  -5.00632701
  -1.85895511  -2.30913701  -4.65087302   0.53034953  -0.85570217
  -9.92084427  -1.11030005  -2.18294758  -2.99889141  11.55031348
  -1.11269095   4.8053705   -6.18971985 -11.91177783   4.12987355
   0.7408421    3.59754645   6.49671502  -2.66697542  -7.79943481
   6.22378321   5.03582091   7.62500417  -1.55507221  -0.07547983
  -2.44947829   6.42997624   0.44296104   6.8023366   -6.67088511
   2.08530704   1.72405424  -2.67025363   0.62622322   6.22242964
   7.68666772  11.52646556  -5.38093278   3.59354464  -3.68851577
 -10.61485169  -0.46329851  -0.86942099   1.65154266   3.77014904
   6.0436264    5.70098294   7.99937845  11.35473344   8.53059373][ -7.10042659  -6.37819635   5.66956448  -1.34609693   1.08574999
   3.28483293   4.5844374   -4.90758189  -1.08443651   5.68046697
  -0.61131493   4.87799378   3.12447535   2.61361885  -2.27772576
   0.08154739  19.58632885   2.41657258  -0.66055257   4.42988376
   1.81465895   1.40739402  -0.77776224  -4.29552808   1.5160422
  -1.31847483  -8.83666995   5.41276671  -0.3893688    0.71571803
  -1.71357765   4.97456071   3.92935821  -0.57074289   5.61333926
  -0.27106204  -1.55157808   4.93104789  -5.83889933  -5.4732903
  -0.69854607   5.41222785  -2.79291147   3.74279766   9.45646296
   0.25840737  -1.62509653   1.18713855   2.67977357   5.16732957
   1.19636921 -11.07013634  -0.0499665   -3.21662012   3.84156777][  2.21733245  -0.42256877  -6.26987806  -2.05830438   4.14744262
  -0.9176103    1.17746691  -0.42360459   7.49333279   2.49403241
 -10.85424541   9.34400949  -6.42390901  -5.15058229   4.86983615
   2.33745103   0.9283352   -7.63676202   0.07253827   4.84081257
  -3.8711785    3.84871243  -7.48628382   4.1119284   13.49468129
  -8.60281662   3.70209218   1.48874345  -0.84298075   8.61978832
  -6.40301316   4.97668163   4.19305021  -1.94959283   4.99579238
   2.80075965  -3.65991633   2.0817345   -5.98948484  -0.89414028
   2.01445852  -6.09013584  -5.29205801  -3.65869452  -0.50498621
  11.33184921  -0.95084887  -1.12708442   1.66402138   4.25815187
   0.96323691   2.41740676  -9.87952753  -1.11592494  -4.7855619 ][  3.91813509  -0.30490553   5.57957251   7.12902626   4.75561434
   0.52453419  -0.75806834  -1.22929691   3.50856508   5.91049912
   7.16232866  -6.74867296  -6.01549252   0.52709025   3.68068083
  -3.02863675   3.5413641    3.81555672  -0.95118941  -1.14293011
  -2.10912033  -8.31267609  -1.38372207   3.82104927   2.15728862
  -6.39057157  -1.00540393   0.02560119  -4.47709792  -1.23255491
  -2.68027311  -7.29744558   7.11404295   2.24498313  -4.61565027
  -0.54339606   0.73562095   0.51984317  -5.4051923   -8.37127202
   2.9501054   -1.68663228  -1.63260577  -9.85496541   3.35572443
   2.25548343  -0.63973137  -7.10686487  -9.05461718  13.55741207
   7.17269702   8.19092518  -6.31996853   5.89164976  -2.3843268 ][ -3.96995777   3.52194344   2.57778088   8.20570772   5.47476058
  -1.16557838  -1.75554158  -2.81014305  -2.91607591  -5.0436951
  -0.71420662   3.43233024  12.35265215   6.57556805  -5.37614781
  11.57700931  -1.64133273   6.92280517  -3.32129795  -1.37392826
   0.57326613   0.12103962   2.43634835   4.21965528  -0.38319867
  -8.40323376  -7.3289042   -2.97268948   1.38057899   4.9547832
   6.64415801   3.00595534  -1.93433226  -1.28865377  -5.12433554
   1.90203783  -5.39513175  -0.01944181   0.80798964   9.52372326
   5.8095593    3.14254008   1.81383633   0.86101175  -7.25888882
   3.58998227  -2.38782612  -7.09619056   1.70965616  -3.77688549
   6.30111102   7.358689    -5.26376766  10.15687259  -3.18277401][ -7.81254142  -5.56743092   5.76120501  -0.87913424   9.1252543
   1.47814174  -1.3255453    4.24772721  -3.37174645  -4.99392377
   2.20101513  -2.61429411  -4.99432883  -0.06496417   2.70609996
  -3.88408329   1.06204061   0.72555668   2.18180051   6.25537935
  -3.4669617   -1.71233431  -4.65757116  11.35822289   1.29824038
  -1.83419327  -3.17065858  -7.89591038  -0.19711996  -4.5188138
 -10.63499861   8.0121582  -10.35986471 -15.36979292   9.43053559
  -0.33846876   6.71386331   6.53499846  -5.86789688   2.83031096
  -0.93641663   3.01032096  10.50584569   3.91974324   4.85387763
  -9.06622223  -5.81693146  -4.30173721   0.1496723    2.71979965
  -2.98463579  -5.19958239 -13.14770078   2.51433999  -3.77449814][  1.75248732  -3.17425703   3.16406448  -3.40689091   1.85045959
  -4.46554698  -7.82312424   4.01533384  -0.18666263 -14.32661386
  -3.61697026   1.57712133   3.21950512   9.24403404  -0.80881955
   2.45046794   2.23911889  -3.03488426   4.35386244   5.09762973
  -9.99708897   8.21806046   0.72249495  -2.04163604  -0.75441614
   3.11079885  -3.90658098   7.76609266   1.92656182  -3.8311413
  16.65222532   4.28227885   0.37317858   4.61589573   7.58667727
   7.3757976   -5.55580455  -6.12136051  -0.93321494   3.4515985
  -9.47289263   2.39570935  -4.5624951   -0.27602381  -6.88315697
  -3.45172218  -3.07244092  -2.32462208 -11.12609359   7.43490196
  -3.68003292   7.41455672  -3.8943473   -2.31321976  -1.91440177][  4.62835777  -0.70641097  -0.36664233   0.89867935   3.98445111
   5.43669182   3.90030482 -10.92345452  -2.34529909   5.01050916
 -10.35397724  -4.16556403   6.82760895  -3.52713234  -3.25897759
  -1.65302216  -5.23412651   0.49137705   0.22822563  -7.31590559
  -1.63498999   0.30434049  -3.81471935  -4.02296264  -4.50619717
   6.3072764    4.84560129  -7.99204044  -1.80870425  -7.46075794
   1.95046361   4.32445002   2.52615663  -5.71408527   6.24767761
   4.44997815   3.75858253   1.98395656   1.48430054  -0.19648011
   5.89726973   1.99845486  13.06494305   2.95484616   3.84516027
  10.23814162  -7.19101148   3.40807327   8.76082642   1.52107407
   8.37441045   1.91075612  11.24253464   0.94500168   1.02931559][-10.12109097  -4.43337238  -0.12640774   5.9064082   -0.37650917
  -2.20169745   0.838628     1.32823561  -3.03097155   2.06953784
  -2.67279981  -3.1567495   -2.00659687   1.49879554  -0.41275783
   2.87141794  -1.56411811  -3.17510058  -3.3074524   -6.33528374
   5.92415237  17.33677944   6.92581559   2.13874858   0.14783972
  -6.19752843 -10.80510876   5.45495322   4.50314758  -1.64864269
  -2.7133067   -3.37506436  -4.91591802   1.12877462   1.96344471
  -2.78936119  -8.34210219   0.80630262  -2.75829216   1.82198295
   5.28378836  -2.93686838   7.02385462   0.13091171   4.5844711
  -1.02963599  -8.51838024  -2.11376707   1.89788943  -1.82695578
  -6.14475424   6.55543521   1.21419674   5.53653592  -4.91605087][ -7.26891336  -5.32092778   4.32336077  10.22571792   0.88683534
  -1.61753154 -15.26937429 -15.39353769  -4.07177538   4.7375932
   2.98122935   4.65372948 -12.43735036   2.41775962   6.85803001
   4.09483364  -3.23044873  -9.21238089  -3.12752961   7.81733648
   6.07575066  -7.03863014   4.39133978   2.7814678    0.18747088
  -0.63098938  -6.78128687  -0.20564483   1.01853068  -7.79183183
   3.53025003  -3.37891601   1.64398474  -8.43324362   5.67746081
  -8.80430985   3.30363196  -2.25599628   4.00579436   0.16963184
   4.27749868   0.07536619   2.6582502   -1.78175063   2.42950066
  -0.72819063   2.81053305  -8.95532068   4.51139809  -7.55452661
  -2.27607785   4.56984547  -3.77562908  -1.04101088   1.4422462 ]
 pesos capa salida
[ 1.1547345   1.12251974  0.76667049 -2.02455845 -0.38379676 -2.12831247
 -1.21914895 -0.18698104 -0.05366413  0.92219177  2.21901564 -0.81800251
  2.58426911  0.79709982  0.13346663  1.1795755   1.18118101 -0.36486874
 -0.46718104]
 biasCapaoculta
1
 biasCapaoSalida
1
 mejor error
128.39401621260646
 Precision 
0.6707211120764552