
 fecha de inicio Fri, 12 Jan 2018 16:02:53 
 fecha de la generacion Fri, 12 Jan 2018 22:02:51 
 generacion: 4770
 pesos capa oculta 1
[-1.72730199 -1.95760272  1.58623494  3.03919683 -0.75141672 -0.74125224
  1.90720769  6.49886097 -2.86430057  3.51086645  1.07543999  0.53939999
  1.69549582 -4.0861763   0.39321884  2.00429405 -0.47847612  2.88845237
  0.17314     2.71591899 -0.88935533 -0.2683065  -3.12034892 -0.77785277
 -3.33573569  0.99114943  1.70800194 -1.77117093 -2.16100076  1.25865413
 -3.72262498 -3.38871357  3.69192765  0.57092255  8.66931099  2.33727475
 -1.69323022  3.10043625 -2.68267987 -4.20597247  2.39878759 -0.94634172
  0.06793857  5.12295798 -3.32250965 -0.89657098 -4.183871   -2.2392256
  2.91399989 -1.14596511  4.66175256 -0.13028215  0.56662401  0.55228398
 -4.94249102][  1.93626228e-02  -4.29841330e+00  -1.00369583e+00   2.35723300e-01
   6.62942622e-03  -2.24155476e+00   3.69944588e+00  -2.01644743e-01
   2.28708051e+00   9.67064612e+00  -2.44353879e+00  -1.09873373e+00
   3.32424060e-01  -3.95914274e-01   5.20585775e+00   2.52292166e-01
   1.48285458e+00  -4.59992645e-01   2.71066750e+00   7.27062167e+00
  -1.34473030e-01   1.46832515e+00  -8.17350765e+00  -5.35558526e+00
   5.05826091e-01   7.31642642e-02   1.49404491e+00   3.13570286e-01
   1.69071050e+00   1.78945879e+00  -3.59948080e-01  -2.25848929e+00
  -4.13440637e+00   3.59170980e+00   8.90618672e-01  -3.06729533e+00
  -2.59035490e-01   4.28591437e+00  -8.27602893e-01   1.05482280e+00
  -5.09310061e+00   9.84167850e-01  -1.87513282e+00   2.15790988e+00
   2.20835570e+00   1.17794390e+00  -7.13544782e+00   6.46298314e-01
   2.70451141e-01  -1.82652356e+00  -3.65167948e+00   5.11781165e+00
   4.78878201e+00  -9.83538140e+00   7.54890644e-01][ 3.2891164   3.57761987 -0.59862409  3.52316368 -2.8695163   3.98097809
  0.48714313 -4.14471653  3.07436426 -1.70339678 -0.23670373 -2.28628968
 -1.29410525  2.79581315 -1.00606968 -1.58095966  1.37058994 -4.41268603
 -1.00359148 -2.61812581  1.8490896  -1.8714631   0.20716306  4.98416094
 -1.57366393 -2.66895761  0.89684589 -2.19117333 -1.70189431 -1.43538132
 -4.07537503 -4.31665634  1.47636731 -0.65013626 -2.47334454  4.49229278
  1.92686718  1.82152967  1.38475894  2.69229753  3.4435957  -1.69533311
 -1.34068825  0.07599371 -5.70120693  2.43040084  1.81330104 -0.55830236
 -2.54901553 -4.83387313  0.05783951 -1.13129686 -0.97160863 -2.47531277
  0.08517571][ 0.08329903  3.22709931  0.21156155  0.04877974 -5.81204922 -2.24756613
  0.94689404  3.47150158  0.60481962  0.15553136 -1.29713818  0.49315733
 -1.47007053 -0.39745039  9.00859549  6.31904566 -3.94710015 -1.60708069
  4.95236191  7.4754188  -1.09623162 -0.30567578 -7.71635016 -4.89049001
 -2.14820482 -1.77437776  2.80820963  0.55215663  1.07840179 -3.86599141
 -0.94551863 -2.80746746 -2.6304259   4.15728519 -5.29811981  1.10133508
  0.2459258   1.99586312 -3.60623114 -1.29785621 -4.08410571  4.19176066
 -5.52019797 -1.45774249 -0.65856108  0.13016437 -6.56169602 -1.82254916
  1.60729276  6.27892998 -2.46499747 -5.74123499 -3.86749649  2.51752447
  3.71108808][-3.41380074 -3.11729921 -8.14748    -4.36524069  6.60314748 -0.0859696
  2.93907027 -4.49536825 -2.94326185 -0.62738862 -3.10484928  4.53099356
 -1.13540745  0.80851504 -2.9553318  -0.58402035  8.41633065 -1.1118539
  2.65198786  3.28019927 -2.51547407  0.37766093 -0.86476013 -4.23863009
  0.46953475 -1.60065642  0.55515148 -1.75155021  0.44920497  2.69422794
  2.03546365  1.84806806  2.96068397  4.60083475 -8.63591572  4.14234813
  3.64355231 -5.07422753  0.84260198 -3.40263217  3.50743324  4.71368437
 -3.45851911  2.96142765  3.59337509  1.37317499 -0.48467479 -3.66923873
  4.39960881  3.21212183  0.80061686  2.38917448 -0.55621263 -0.49412479
 -1.74298025][ 1.15501853 -1.18124857  1.92405167  2.22691887  2.42435748 -3.51932752
  2.12159637 -0.70073985 -2.58082855 -1.21004101 -0.7982634   1.64792886
  2.40967878  0.96103938 -4.66578759 -2.1803702  -0.04676899 -2.83561897
 -5.41628031 -0.28917868  1.06107009  4.58725074 -1.99446104 -5.06671239
 -0.12621531  0.68052684  2.86312992 -3.96229468  3.10718436  1.50991562
  4.68817568 -7.99022555  0.47205355  2.23861371  2.24220377 -3.0936322
  0.02186683 -5.65736277 -2.38419798 -0.26553859 -1.63616258  2.45241619
 -3.10944563  6.19146428 -1.63225194  6.91481175 -6.45139367 -2.15866705
  1.58141927 -0.0375519  -5.65439105 -0.25213046 -0.19134717 -3.24121547
  3.06728249][-1.8362012  -4.3785951  -5.50438571  2.17465728 -3.06816673  1.88619012
 -4.46738468  0.55558152 -1.79744271 -3.96298789 -4.18690362  5.88677691
  0.78087231 -7.03185968  5.61515953 -2.62618203  1.21172117 -3.32182852
  0.07862218  1.4801666   0.58503405  0.20076455 -3.4210281   0.53891477
 -2.90181247  2.54438261  1.27108789  4.46981797 -0.12840488  2.02653149
  3.12127106  1.29734069  1.64351243  3.13716976  2.4782887   4.4672906
  1.36421983  0.78610444 -2.79733003 -1.07049352 -0.61562576  0.54422843
 -7.67518199 -1.89052407  2.33242104  1.93022563 -2.12912766 -0.86215629
 -0.67091675 -0.27237437 -5.11986454 -2.67395618  4.57291126 -0.83216513
  4.45857296][ 1.17270071  6.745095   -6.65431844  0.89291565 -0.60496028 -5.12992026
  4.36611449 -1.23229627  1.67070281 -4.40278968 -2.70618038  0.27639213
  2.83874083 -6.18686906 -3.75728674 -1.23141868  1.52721791 -0.11519247
 -1.20840996  0.20750639 -1.67213557  6.43718622 -5.62930471 -4.52777817
  1.06361476 -0.83554676 -0.36353053  1.11118723  0.13977892 -1.42139049
  4.12606851  1.92895906 -1.76434018 -0.48125627  0.60197679 -0.71009012
  2.89572375 -2.85134454  0.06841774 -0.84548442  2.28473989  0.895536
  6.85618057  3.11231372 -1.61159433 -4.78817774 -1.54485563 -6.56660514
  4.47552447 -2.90121223  0.19745898  0.2552121   2.18018274 -2.88949462
 -0.10139747][ 3.07093505 -2.98989595  4.20052858  0.06027931  0.70792657  2.71162715
 -2.19009399  5.43400365  0.14652409 -1.17515772 -0.59036559  5.20515193
 -0.05693485  1.28875891 -1.09888488  3.70928098 -0.55788385  2.87833522
  1.32968668 -1.68876932 -2.67855579  1.9298854  -0.17449177 -2.431027
 -1.39591237  5.91014907  0.43602484  1.48989198 -0.05709752  7.71995821
  3.55662555  1.48076774 -2.98316806 -2.70575201  0.21726924 -5.51213709
  6.16037343  1.71020462  4.91149994 -1.89701045  7.50338848 -4.21915031
 -5.22196976  2.1959351   4.79978182  2.92987001  2.52340985 -4.04560101
 -2.7672893   2.37413284 -1.19104936 -1.12405357 -3.77979464 -0.84174018
  3.8184866 ][  0.68553392  -1.38550783  -2.54810967   1.31692363   4.88186926
  -1.52339862  -2.47707007   1.62062955  -0.42929355   5.67809218
  -2.82429613   5.36152267   0.62129833   1.21886468   2.84531691
   2.95211643   1.32340338  -1.52696112   2.73615491  -2.27691363
  -4.67205216  -5.13927968  -0.11407516  -1.60875658   3.97176647
  -1.75868783  -1.82075424   2.91393743  -2.98747434   0.16387854
  12.69746406   1.25591248  -2.64809117   3.1469903    1.02021686
   2.09482865   2.72468187  -0.403871    -1.18085427  -0.13108549
   5.58431185   2.18565556   0.39278154   1.77674808   8.94075441
  -2.71711751   2.64918924   0.43751582  -0.84964868  -0.53008344
  -1.66781429   2.8083386   -3.10885593   5.57871822   0.07825879][-3.26175565 -1.39554086  2.35588369  1.03697737 -2.86666083  1.24786052
 -3.08502446  1.57955613 -1.73896629  5.49856447  3.52992039 -0.94511723
 -0.44649617  2.54643282 -2.69525437  4.87025152  3.46374978 -1.53101113
 -0.14596875 -0.41601479 -0.5031491   2.96677512 -4.44973357 -0.14203902
  0.34940338  2.55597974 -7.43428048 -0.95917846  6.12023759 -0.53640163
 -4.09571415  1.03240621  1.2557927   1.77631527  1.79806842 -1.20601979
  1.86546307 -0.47949503  1.65918989 -2.78589898 -0.75295051 -1.62668276
  1.05694481 -4.51350281 -1.61244013 -0.4997832   3.31601098 -4.07103232
  1.86872066  2.23845078  8.3721369  -2.24324063 -2.50500775 -2.8685126
 -1.96799405][ 2.41231922  3.83851754 -1.82985148 -3.80875187  1.07581424  1.42328504
 -2.25144951 -2.25045522 -0.2221763   0.85735929  2.37850386  3.98582904
 -1.10515767  2.54296023  1.56497478  0.69927047 -0.8738461   1.62990703
  1.1189281   1.4629144   3.87938204 -2.93682676  0.37391183 -2.86972057
 -4.10054142 -1.78062595 -0.24902224  0.5383372  -0.50119189  0.87477355
 -2.21793314  3.52864131 -8.19524207  2.89353152 -2.42220417 -0.56131851
  1.19614066  0.99665454  0.63709093  0.53922778 -1.54914131  1.33440587
 -0.05341441  3.00800688 -0.26996909  0.43484606 -3.0581899  -2.17400769
  0.52493713  4.89263578  2.77517624 -4.60297071 -1.39369924  4.17657309
  0.78015282][-1.55126109 -1.12701374 -4.82304324  0.56584751 -3.58494796 -1.51195922
 -2.52600581  1.17067706  2.26582856 -6.35018412 -6.77917859  2.84580092
 -5.28177421  1.06724911 -0.73067571 -3.57640833 -7.41000211 -0.90289057
 -4.29210658  0.67436418 -1.55907107  5.85607269  2.20691237 -1.71371118
  1.04181309  1.04673912  1.53685708 -2.40203321  3.72005822 -6.33620056
 -2.24965285 -4.2924526  -6.99133789  0.50021139 -2.47451992  2.66993341
  0.03257901 -0.5223174  -1.89126266 -4.08066637  2.47039565  1.01780961
  0.77406201 -2.81387572  0.70191518 -0.25175    -1.06293481  8.91377833
  1.45273347  1.56782616 -6.56453441  2.75815288  1.76057597 -1.16767172
  1.88148543][  5.49884245e-01  -3.54106721e+00  -4.08498098e+00  -3.92442238e+00
  -5.10817443e-01   2.61258640e+00   2.00463539e+00   3.36622782e+00
  -1.66368822e+00  -7.85365997e+00   8.13347193e-01   3.92704731e+00
  -5.92444339e-03   1.04294152e+00  -3.28370386e+00   6.27544808e+00
  -6.14313698e+00   4.03725242e+00   8.14875215e+00   1.58004364e-01
  -3.89159984e+00  -1.10533364e+00   7.97786822e-01   1.30517386e+00
   2.34429734e+00  -4.54316870e-01  -1.35707399e+00   6.73128407e-01
  -1.10577203e+00   1.04951251e+00   1.78876866e+00   2.38552081e+00
   1.68221745e+00   1.91430155e+00  -2.07950741e+00   4.09926464e-01
  -4.07115533e+00   2.22028047e+00  -2.45187222e+00  -4.64516177e+00
   1.03802861e+00  -3.04647334e+00   8.41374560e-01   4.00614920e-01
   4.22915745e+00   6.17711568e-01  -1.92383687e-01   3.66257617e+00
  -5.58531612e-01  -1.48255748e+00   2.66587864e+00  -1.50193216e+00
   1.94400500e+00   3.57951625e-01   4.55127952e-01][-3.35065928  3.71975184 -1.30310047 -0.53574335  0.14049482 -2.37391998
  0.43513199  3.85264968  4.83003819  2.02735735  0.13742826 -2.60228702
  7.20569833 -4.67672306 -1.87972318 -3.28575769  4.16806424  7.33226986
 -4.95676422  0.55902163 -3.86605897 -2.08787992 -0.05041938  5.84644069
 -0.98394057  0.77756359 -5.1263311   7.88623827 -1.0773185   2.4346488
 -1.59336277  2.04571192  1.45968101  2.03937611 -2.07989809  0.48060544
 -1.65718923  0.0492157   3.61161462 -1.99902547  1.42032112  0.07610185
 -1.20761129 -0.93599437 -0.24807992  3.72467091 -3.29110226  0.97232191
  3.47158261  6.19141117  4.07968328  0.43991503  0.31999227  4.99203419
  1.09041517][ 1.15755786 -1.90621556  0.33283266  0.06198253 -2.18759085 -2.39325703
  6.6497812  -4.42205239  3.74534727  4.48264192  7.58770014  2.96690256
  1.06340739 -2.77905356  1.60089604  7.25532096  1.37120565 -1.92758274
  6.16589699 -0.85606518  1.15074349 -1.18599358  1.52841908  1.28267501
  2.24884171  0.89808927  3.90723778 -3.58358429 -1.53327268  2.60502978
  8.59362251 -0.543749   -0.736319    1.08998522  2.38246133 -3.86178748
 -1.12904467 -2.19630359  5.09473627  1.20045568 -0.46304221 -1.55941897
  1.02489393  0.75519946 -0.03471813 -5.98957735 -0.05118621 -0.98076154
 -1.94301167  5.63479164 -0.91176044  1.17131722 -0.23631913  1.31135719
  0.64501167][ 0.68641122  0.05469255  3.3103305   2.76793679  4.54574289 -0.39717774
  2.96018224 -3.79671316 -2.45615204  0.37293685  1.74664649  4.45592986
 -0.31381348 -0.52989363  1.19628844  5.74963789  2.1413838   2.50589788
  1.03477618  3.35650871  2.7072469  -0.71381463  3.28560534  0.3400099
  1.66031297 -0.89297559  0.3920957   0.49261776  6.43380919 -4.26743783
  1.81380171 -0.25439578  0.31032117 -0.44377999 -1.643553   -3.04500907
  1.32491974  0.21118072 -2.81146463  1.54048961  2.38140817 -3.61057775
  6.33442492 -3.37884017  3.67570582 -3.90967939 -2.51423502 -4.28346466
 -0.8349626  -8.64659181 -1.67809436  0.65556942  5.31120776 -0.43796674
 -7.19272106][-4.21183598  0.9570561   2.39348368  3.34288026  6.00179185  3.35536776
  1.88812719 -2.02204878  0.8090638   1.91621727  2.1786695  -2.87629414
  0.12550776  3.93842454 -4.09536877 -1.68034884  4.09062504 -0.52543929
  1.98248142  2.47291237 -0.30929991 -0.31877942  0.0736899   1.72048001
  1.22736916 -0.13678244  4.00817871 -1.54883746 -2.05515239 -0.77757888
  2.14761998  5.44369915  2.06278222 -4.19244734 -1.92414658 -0.62218637
  2.89989117 -2.87503366  1.24463197 -1.16485356  2.46221726 -3.81379602
  5.72675202  1.46070554  7.04590167 -0.70638843  1.59941631 -0.84361559
 -2.73536228  2.74780501  3.77538061 -0.828097    0.09417972  1.31152199
  5.42135278][ 1.29520055 -0.61660606 -2.00417162  5.30758674 -1.18858204 -6.48102963
 -3.40107966 -2.99372882  0.83165217  4.42270444  2.86417798 -1.42700988
  2.8562523   4.33070535 -6.70355122  0.12297295 -1.45587277  0.98424028
 -1.03087304 -2.01105455  1.1934396   3.06437541  2.11141657  3.03169437
 -0.39833231  2.45030938  0.19247952  3.51065555 -1.42942593 -0.04845327
  0.8754919  -2.98593469  2.98078076 -1.93495534 -0.35625485  0.49546771
  2.57526703  1.2602583   1.56675848 -5.30301312 -2.24879913 -0.70978961
 -5.258046    0.85751123  3.56561446 -2.95687512 -1.54215142 -6.25022074
  0.93242792 -1.35572264  0.64828659  3.98379918  0.20873899  2.86278896
 -2.15664037]
 pesos capa salida
[ 0.17125664  2.57238874 -0.22171989  3.0077442   0.50981966  3.58292524
 -1.3163822  -3.91372501 -0.45402174  3.57912773  3.73074618 -2.81266408
 -3.01721851 -1.54975339  2.64502826 -2.32718612  1.61665439  3.24419433
  1.17672893]
 biasCapaoculta
1
 biasCapaoSalida
1
 mejor error
124.15168704379082
 Precision 
0.7211120764552563