
 fecha de inicio Thu, 09 Nov 2017 04:59:21 
 fecha de la generacion Fri, 10 Nov 2017 05:12:09 
 generacion: 431
 pesos capa oculta 1
[  6.01976616e+03  -1.56629699e+01   1.24182069e+03  -8.30941246e+02
   1.22667734e+03   1.01382732e+03   1.45376386e+03  -8.63388400e+02
  -6.57287325e+02  -4.35046920e+03   1.71205604e+03   1.10502297e+03
  -7.88329367e+02  -1.23638692e+04  -1.26226617e+02  -1.55992694e+03
   8.04958987e+02   8.20731212e+03  -3.36625517e+02   3.75357741e+03
   9.42587367e+02   2.49653773e+03   4.42931057e+02  -6.92460311e+02
   8.53074854e+03   7.48112787e+02  -2.66987785e+03  -1.38430146e+02
  -1.72466822e+03   1.81575516e+02   2.10808957e+02   6.85897723e+03
  -1.00912654e+03  -4.22296879e+03  -3.89485068e+03  -6.97127024e+02
   3.51442927e+03  -4.15919718e+03  -2.30092457e+02   7.11341689e+03
   1.33020419e+03  -1.30755754e+03  -9.58060782e+02  -1.70252565e+04
  -2.73074578e+03  -6.94193340e+03   2.03284318e+03   2.99135618e+03
  -8.73515670e+03   6.37622535e+02   1.51210772e+03  -7.33139020e+02
   4.29521465e+02   3.59743416e+03   1.65854021e+03][  1.22273916e+04   5.69774005e+02  -3.27553848e+02  -3.38031787e+02
  -6.16310297e+02  -1.60961874e+03  -4.06352185e+03  -2.24357020e+01
  -6.79642178e+03  -4.99179941e+02  -2.86621895e+03   3.51092066e+03
  -8.86421188e+02   3.48645536e+03  -1.49564939e+02  -4.24921613e+03
  -1.17323781e+02   2.51421215e+03   1.16999073e+03  -2.73805343e+03
  -4.12661333e+02   6.49192597e+03   1.26950655e+03   2.56802912e+03
  -1.57149499e+03  -4.01392141e+03   7.90027235e+02   1.32166134e+03
  -1.39168046e+04   7.81635580e+03  -7.16967793e+03  -5.29694460e+02
  -3.24873660e+03   6.26042752e+01  -1.30224042e+03  -8.49131364e+01
  -9.79188156e+02  -7.01715739e+02   1.54201384e+03  -2.52879973e+03
  -1.60264184e+03   4.46094370e+02   5.60765113e+02  -2.93482652e+03
  -1.12882163e+03   7.62668239e+02   8.99376327e+02  -1.81823238e+03
  -2.92447922e+03   3.38008815e+04  -2.40236309e+03   3.61683251e+02
  -3.22069569e+03   4.00241839e+03   1.58591862e+03][ -2280.35193279  -3538.87426548   3763.84589227    567.55194715
    488.79229524   -993.86595466   -576.73067008  -1046.5563995
   -942.35278052   1693.75587453   1638.48994738  -3776.18801292
   1371.94597282   -658.41781646  -2097.84964198   5043.69697189
 -19797.31678358  -6043.70944227   1157.11006353   1374.10158318
    668.51534813   4213.80726378  -1479.9085834     661.37158329
    250.55417499  -2491.1782748     796.72794948   -212.928624
   -679.10710016   -251.32301622    743.71681976   2158.67595389
  14087.77560539  -2433.28601005   -639.31962884   1344.98231534
  -3101.26354372   -326.03189417    389.15414306    477.22633688
  -1037.59510155    678.97518979 -11172.21788949    241.06334339
  -3566.76248831   -543.17383025   2250.88322704 -20648.95893021
   2117.35205354   2596.31843007   -706.39968113   -700.21515493
  -1033.04975161   3157.50214734   -301.8788858 ][ -2.01622500e+03   2.73890738e+03   9.85194916e+02   6.44779317e+02
  -2.14172541e+02   2.68006656e+02   5.11755423e+01   1.05015212e+03
   1.40369219e+03   4.30207151e+01   1.23434768e+03  -6.65941602e+03
   2.82674017e+02  -3.16998351e+03  -1.04241626e+04   9.66261954e+02
  -1.91174172e+03  -2.02456539e+03  -3.21874806e+03  -1.08497597e+03
  -3.54568769e+02   1.86404808e+02  -1.98479594e+03  -1.76917558e+03
   3.15281779e+02   1.51990962e+02  -2.64588957e+02   4.09453787e+03
   5.98663237e+02   1.13579231e+03   6.01433824e+01  -2.24187075e+03
   1.61093591e+03   1.06854889e+03  -6.18569465e+02   4.72018385e+03
  -1.31660550e+03  -1.06600734e+04   8.42458411e+02  -2.70996349e+03
  -2.39033912e+03  -2.99778616e+03  -1.05984135e+03  -3.68583606e+03
   4.49672831e+02   2.52672322e+02  -5.53032157e+02   4.63534356e+02
   3.02302687e+00   7.55808484e+02   1.14050955e+03   7.94406937e+02
   5.94555224e+02  -4.21718824e+02   5.80447464e+03][  -413.23059393    661.41187326    609.29721745  -4931.37871367
    386.85377177   -889.43456676   1762.56939615  -4730.95989095
 -15392.44375366   -602.06024796   5788.92895485     86.44604749
   1405.66289058   3281.99579004   -480.88268487   6962.07096277
  24303.61545005   5069.47554423 -12952.88968447    349.1832695
  -1084.95260748   -407.63658103  -6978.96701471   -479.39951406
   -290.59619301   1940.06123424   1735.23524582  -9146.08491786
   1646.82407289   -440.33787967   2305.47990832  -2831.66961204
    413.6083008      58.86978631   1218.11929178   3714.49362868
   -373.1233867    1502.75636687  -1192.11098228   4284.81556709
  -6575.91108861  -5473.48305529   -136.48596937    188.63196839
  -5532.61716014  -1362.69423181  -2391.55232117   1233.9207462
   1390.46234351   2430.08274649   6701.30692643   5462.57258502
   5710.49419268    378.5010959    1799.46611764][ -1344.46347321   1605.57202617   -313.20799342   1352.7013799
  -2125.73544764   -912.78000858   8762.86067563   -302.47095316
    335.39675679  -7375.72467325  -2899.76967486   1105.39679215
   -582.75635377   8626.40398684  -2351.4800448   -2180.45575249
  -1236.98105632  -4932.01888984   -223.38772822   -829.19276049
    872.10266414   1804.25452164   2553.55504591  -1422.09424296
   3160.19797756   2692.07889067    218.06538103  -1541.3379471
  -5521.22815366   2809.99587161   4204.45816378   3426.67135724
  -2948.27655275   -221.25502592   4318.28469386    521.80212184
    135.2090307    1187.01602071   -479.64223559   -158.64685638
   5186.28344122   1049.43092069  -8488.76041901    485.50716916
    -30.76502581  11098.91683051  26305.08682132   2133.97674235
    230.7614683     664.99491804 -17425.05987605  -2843.33264438
   -564.45557669  -2244.92267241    160.29958918][  1270.3941119   -1901.39496331   -176.79623544   2220.51195444
    182.61765036 -17269.28683982  10251.68565066    750.66298532
   3609.80317288  -4545.1134842     325.96844192     69.1394751
   4208.20967191  10457.19121127   -721.76194393  -2154.09630979
   3628.50631126    663.49150337    957.4262168    1217.51936123
   3483.15803711    429.84500558    151.03986835   2094.18699808
   -855.3148933    1295.77471861  -2937.26325493   -761.89703286
   2265.50045248  -1734.82506861    775.78862416   2028.07729242
  12506.32695724  -2380.99017837   -852.51875154  -5259.33080486
   -133.65011083   1925.29818805  -1213.29911063   4300.28451636
  -2281.82761014   8820.39509484    127.54105808   1022.95724793
    501.061674      306.574144      935.60001711   4938.54286295
  -2002.03680354   6177.86848592    920.69554511    398.86102664
  -5769.42259288   3578.92023505   -865.5401228 ][ -3145.19712315   1796.39143597  -4596.45181171    538.29378446
   -467.41392103   -527.45007718  11929.13415958    262.02743813
   1602.12681393   7694.28772538  -2899.12928954    933.08535996
  -5013.33026938  -6164.84807842  -5276.42695703    906.25286227
   1182.38860063    327.92844719   1329.37576583  -1166.996154
 -10965.40254389  -2438.40222194 -16160.86575445  -1438.28548224
   6185.45549565   8994.33037515    442.11395966  -1888.2686957
   3723.37058364    770.41096875  -4427.41051115  -1469.35748533
    263.24501038   -789.80818167   5948.19564543   5500.24759817
    209.75585301    111.5057655    3056.5217095   -1702.67746119
   -281.98379862   1971.9855878   -1851.09996101   -153.06471352
   -408.63724285   3658.96806525  -9321.53916511   -294.84736561
    933.16229266     59.83216044   -560.10148335   3048.25727374
   1428.46900523   3299.14686158   1486.25085938][  2971.48463243   3053.83488376   -904.6803645    -892.15825668
   8756.0332292     739.58283137   3828.50452589   -732.27115302
  -3351.02856777  -1077.07857905   2328.71662936   3013.90913886
   -810.52184012   1094.77257013  -1489.27139     15374.7302324
  -5811.72807018  -4658.12791559   1117.85891473  -3416.58127354
    170.12337182   -252.70945799  18114.00386234  -3664.09307957
  12077.62185084  -7442.60654853    627.17385419    -30.90748835
   1107.79153305    549.02301289   -146.50424908  -2253.83768424
    355.65335099  -2023.15898696   2535.85166626  15959.5032654
   -362.61199578    403.69015119    117.93583799  -1175.38502121
   -520.99691963    688.41179162   -308.57448614   -766.29322961
   -866.55713183   2546.06758718   1368.39245199  -1032.00351232
    237.59422135  -6159.21074239    694.0521978   -8163.07944877
   2407.06765392    828.26478371   -922.00899588][  8.44961031e+02   9.71959933e+01   1.94849910e+03   3.71960173e+03
  -1.17244360e+02   2.04375820e+03  -4.35992570e+00   3.04550471e+03
  -1.09211281e+03   7.38963630e+03  -1.58044988e+03  -3.27591815e+03
  -7.99553922e+03  -2.03884930e+03   1.36119973e+03   9.88143316e+02
  -6.09884086e+01   9.66577070e+02  -2.09945274e+03  -2.31318270e+02
  -7.12503012e+02  -1.56049452e+03  -7.54022050e+02   2.69575085e+01
   3.50084340e+03   1.85243496e+03   6.20452653e+03   3.72885318e+03
   2.97987218e+02  -8.58083359e+02   7.60962306e+03  -1.00033801e+04
   3.65061003e+03  -1.93770522e+03   1.46111318e+02  -6.87407806e+03
  -2.77403836e+02  -5.69479612e+02   6.97959233e+03   6.26405929e+02
   1.03153696e+03  -2.61334905e+03   6.31572081e+02   3.65519664e+03
   6.25795648e+03  -6.55720334e+02   8.52493805e+03  -2.20407398e+03
  -6.66427700e+02   3.24199461e+01   4.51731451e+03   3.88665236e+03
   3.20289535e+03   3.69854362e+02  -2.74689087e+02][ 2512.41822992  -667.69746685  8239.08956556   434.74663057   617.02643789
  3335.03089041  1256.80586933   558.85460963 -4292.31072183   252.60140547
  1304.40760335   943.96443652  6489.88874258  3969.4994611    114.19212308
  -196.63990844  3363.04604572  6846.47523273  5730.84997922  -725.19467707
  3693.2444898    697.04365497 -2466.54543907  -671.05151186  2396.35533928
  -233.25273329 -1312.35474916 -6712.2043293   5127.90448088  2899.63150403
  2242.00300816 -7652.56236881  1938.41339528 -2058.16162014  -953.83781053
    19.80450568   877.60412326  -110.78456074   479.04590631 -1090.05870113
  2562.80340739   403.14741393  -995.11204487  4960.18830889   825.84505262
  -191.83529187 -3043.39514573 -1149.67537149  1375.19281591  2935.69447806
  -392.87201996  2177.04455527 -4937.67136048   108.56065766 -1111.78796186][  3052.5460054     864.31707948  -1223.11621321   1171.53545909
   -585.80443557    285.99812688   2440.08304473  -4900.86000034
    715.50180034    110.15881974   4117.99104251   2110.08696403
    920.98002565  -8936.43531955   -396.37799697   3626.36885444
   3555.74273258   1055.99335703    190.50226711    216.32293002
   1122.1375123    1507.89698922   2147.71656224   1343.82560375
  -5084.05882804   3764.17984892   2859.58129169   -650.43053303
 -14888.41999651     60.95962482   1062.12636557   1448.52019155
   1071.5079959    4460.11460874  -2392.02417771   3961.26291744
   2368.99256704  -2146.09453356  -6506.97993694   2250.04378752
    352.04345259   -134.71920133   1183.12663136   -765.40015736
   -173.75249934    439.80078907   -936.41119346   3328.05694838
    -17.44881995  -1810.06753211  -4025.55255541  -2984.80387983
  -1185.88063107   1813.7659867    -195.1295275 ][ 16299.66193354   2386.49951036  -6247.99269519    177.67017205
   2006.26267289  -6320.74630744   -418.78922161  -7561.45053185
   5601.63380156   -199.03078324  -2068.23458789  -5929.97009622
   2708.91925383    629.97295013   -313.02934109   2211.86580857
   -564.55353774  -1946.18228164   3627.86114722  12200.73966222
   -207.79257347   1089.73389973  -1352.25375511  -3136.19093743
   8630.85841708   2633.93812724  -1917.56154082    280.71807191
   -315.3684816     212.65229016     90.78179187  -2095.25362392
   1429.99202296  -8762.63315313   1865.49650681   -231.09551244
   -426.47328186  -3751.83482715   -500.15104936  -5016.80882472
   3018.09311138   3378.99870465    854.70303316    549.62823472
    -27.10704903  -3861.51182263  -8657.15394787   1471.1448647
  22243.85856066  -1645.34426874   3028.53080877   2410.47647318
   7583.58525203    512.5241673    -352.15267947][  6.66311732e+02   6.40051457e+02   6.06924117e+03   2.04690006e+04
   7.46210857e+03  -2.61550111e+03   5.50812418e+02  -6.14179017e+02
  -7.37413549e+02   7.71862382e+02   1.59821777e+03  -4.67621222e+02
   1.72903449e+02   3.71845724e+01  -6.25849003e+02   9.30225542e+02
   2.20899345e+03   4.47307351e+02   2.05644055e+02   9.27786664e+02
   4.48800292e+03  -2.06053328e+02   3.06162974e+02   1.83594483e+03
  -9.13945052e+02   3.40552070e+02   2.67423105e+03  -9.36122241e+02
   2.59654911e+03   4.63372759e+02  -1.49407571e+02   1.97837373e+02
   3.39966492e+02   4.99785829e+01   4.92773039e+04  -4.19022261e+04
   2.53285754e+03   1.14274757e+03   7.12094788e+03   2.80518614e+03
  -5.75030356e+02   5.90516121e+03   7.28525021e+02   1.20919546e+04
  -3.94973905e+03   4.13012427e+02   3.41032912e+03  -5.73217308e+02
   5.86467548e+03   1.46607418e+02   2.81261328e+03   5.24654235e+04
  -3.84448632e+03  -1.31911764e+03   5.85353647e+03][  7.50409188e+02   9.25453385e+03  -3.81191437e+03  -1.01996287e+02
  -4.14582895e+03  -3.26642209e+03  -5.02400261e+03  -3.17388872e+02
   1.17539657e+03  -9.72054464e+02   4.32773079e+03   2.87179585e+02
   9.54742061e+02  -6.65619366e+02  -7.96446173e+02   1.90787255e+03
  -1.08187261e+04   1.72066883e+03  -4.83736527e+03   4.10523521e+03
   1.67024833e+00  -6.13899673e+02   1.04310121e+02   5.32416980e+00
   9.43599957e+02  -8.61918313e+02  -2.00901078e+02  -1.54247722e+03
  -8.26489560e+01  -5.56474795e+02   1.27427380e+03  -1.09367914e+02
   2.17276004e+01   7.30231049e+02  -3.20370541e+03   1.11563069e+03
   5.92159183e+01   2.38750693e+03   2.81271210e+02   8.41086295e+02
  -2.32881128e+03  -7.33537631e+01  -4.52646233e+02  -7.04969598e+02
   1.62593597e+02   3.57385130e+03   1.07108372e+03   2.18394554e+03
  -6.17781040e+02   1.61586019e+03   3.39714621e+02   4.51706537e+03
  -1.20949048e+03  -1.49926824e+03   7.48406360e+02][ -3902.01000738   1065.86319037    922.36914985   1311.67129822
   3310.18216092 -25585.3696617    -349.06530282   -737.05970301
  -2528.63889988    240.65337884   -509.6243998   -4013.69876258
  -1051.26259534  -2576.67663881  -7943.02886516     72.45130409
    113.43958588  25779.4640021    -248.81856762   -823.57284485
   -760.69639483  -1365.85116402   -587.89750397    -71.52458785
  -9382.11369228  -3742.80773983   3049.04682493   -733.485554
   -978.1577591   -5225.49295004  -1234.15019806   -674.28605732
   -333.35164101   -214.79403793  -2409.84013912   -106.84651004
    -52.96541407   3804.22074604  -2092.16440972  -2985.02723941
   1034.76294027   1470.53608503  -2053.06802228  -1178.89030373
   5171.49439352  -2439.57470041   1523.59193545   7690.38553236
   -270.0054063    3159.2951444    -204.28356613  -2352.12697011
   2089.90748467  -1536.17712099  -1486.84036882][ -1.58378335e+03  -1.05544011e+04  -4.26037344e+03  -4.62008529e+02
   1.01250988e+04  -1.41604205e+02  -5.77118163e+02   1.39557326e+03
   1.46606997e+04   1.82143962e+04   1.61329796e+03  -1.54952001e+04
  -1.70594794e+03   2.03736437e+01   1.11768408e+03   1.79819400e+02
  -7.90238384e+03   1.22111754e+03  -3.54691254e+03  -1.11392457e+01
   6.72101818e+03  -6.58339874e+02  -2.51671500e+03   8.54267479e+02
   4.95160481e+03   1.88509815e+03   2.99172057e+02   9.53552659e+02
  -1.34278032e+03  -3.88640133e+02   1.04431607e+01  -1.83821852e+04
   5.72118212e+03   3.86091457e+03   7.77687159e+02   2.67368939e+03
   2.07860811e+03  -3.68287186e+02   1.21864738e+03  -5.04656818e+03
   7.77651121e+01   2.07481590e+03  -5.23009859e+03  -2.72734315e+03
  -6.00224736e+02  -7.44393672e+03   2.70723018e+03   1.21063764e+03
  -9.43428889e+03   8.75856649e+03  -5.93965616e+03  -6.90456718e+02
   6.91538293e+02   2.84331287e+03  -1.78259961e+01][ -2726.72730796    662.58941184    753.04777955  -1212.71071571
   3765.70983789   -357.33463255   1496.26630024  -1722.78797634
   7084.40376749    881.19370023   5558.61598822  -1033.31316183
  11760.22427874   -283.38564976   1987.59143279   1472.65061789
 -10032.03944189  10257.30942015   -221.64410914   -158.79107732
    210.50900343    329.06771691  -2213.27334861  -6780.81684698
  -1310.56821753 -26554.93144769  -3312.72744353    934.91233851
  -2068.58954987  -3584.3720303     641.2053866    1850.04042161
   5004.77278631   1275.51965985    162.20521232   6019.62723325
   -166.24707508  -1413.33506102  -1169.25574626   -747.53997749
    971.73194239 -11903.4114182    -607.79187707   -542.48397322
    179.51717573   1635.99299667  -1640.41620206   9893.44942252
  -1282.74289597  -3251.4680605    8311.13686704   4300.63809485
   -818.05624195  -3298.27578759   1984.78111455][  4.28360717e+03   8.48403014e+02   2.76005145e+02  -9.21955535e+02
  -5.16929854e+02   1.02582756e+03   5.51607283e+02  -6.44786008e+03
   3.80269553e+02  -4.96358390e+03  -3.75641478e+01  -9.60215751e+03
   4.43181917e+02  -2.31340391e+02   4.63807984e+02  -1.02972723e+02
   5.18948963e+02   6.06214870e+03   1.68876688e+03   7.26415328e+03
  -1.60907234e+03  -1.64709342e+03  -1.14301160e+03  -4.53151231e+02
  -2.80365777e+01   1.83936794e+03   2.42865160e+03  -8.05454088e+02
  -2.53979136e+02  -3.65098415e+02  -3.01937070e+03  -1.31370451e+04
   6.79837373e+03   5.74499590e+00  -3.01496042e+02   2.62275492e+03
  -2.12246232e+03   4.53797474e+03  -3.74742151e+03  -8.78809047e+02
  -1.49674737e+03   1.47215093e+02  -5.01694617e+02  -9.10815253e+02
   1.35977134e+03   2.39496408e+03  -2.33294957e+03  -7.32195254e+02
   1.64051376e+03  -1.88678525e+03   1.88101236e+02   7.27346332e+02
   1.08537894e+02  -1.50986390e+03   2.37938898e+03]
 pesos capa salida
[ -1877.37205118    610.18551369   1457.88146517   2273.11468672
  18595.99863304  -3089.86536865   5046.04281832   5790.66428926
  -3108.05067276  16509.52431132  36696.17306284   2430.20580243
   -819.73009583   2531.62982275 -18846.79051393   -461.16010524
   3118.3184812     610.97167117  -1765.07772695]
 biasCapaoculta
2337.6202826692024
 biasCapaoSalida
6386.709472280634
 mejor error
159.0
 Precision 
0.7237185056472633