
 fecha de inicio Mon, 15 Jan 2018 15:55:25 
 fecha de la generacion Mon, 15 Jan 2018 21:55:16 
 generacion: 3314
 pesos capa oculta 1
[  6.36873516e+00   3.09955209e+00   1.23139611e+00   1.18239555e+00
  -1.79826814e+00   5.91991737e-01  -3.41119132e+00  -9.17024784e-01
   2.44494449e+00  -3.51617569e+00  -8.89394311e+00   7.60585337e+00
  -1.00427272e-01  -3.51108504e-03   2.93340321e+00  -4.00101860e-02
  -6.51119366e+00   1.69299265e+00  -2.61449509e+00   1.96771437e+00
  -1.83462768e+00  -6.04372624e+00   4.96601773e+00   9.20129045e-01
   3.95274507e-01  -1.83589080e+00   1.33177091e+00  -7.15615784e-02
  -3.32963323e+00  -3.95469860e+00   2.88781233e+00  -1.68611604e+00
  -7.68686171e-01  -2.08489211e+00   6.52040436e-01   5.45553136e+00
  -3.55309772e+00  -4.58079754e+00  -2.90784058e+00  -3.87399204e+00
  -4.03691273e+00  -3.55483725e+00  -4.87257754e+00   2.99146305e+00
  -2.82880203e+00   1.41060114e+00   6.09696032e-01  -7.52195399e-01
  -3.11541028e+00  -4.21507922e+00  -1.95729655e+00  -4.78357105e+00
   3.00436671e+00  -4.46193670e+00  -3.37728073e+00][  3.24137126  -4.03769148  -1.15494984   1.38187059  -3.98581736
   4.5144225   -2.52308768   4.06173248  -2.74877158   8.13079917
  -3.24232225  -0.10855256 -10.01617619  -4.46969243   2.33949916
   0.28831798   2.90303016   3.78756261  -1.01598324  -5.15848944
  -0.60827106   4.36002262   1.93054043  -1.15194937  -2.92897151
  -0.17466874  -3.81417543   3.65334214   0.58983246 -12.06932004
 -14.82665593   0.63290941  -3.74184881   0.31516925  -3.48574312
   0.28564739   4.6141133   -0.24150178   2.59015829  -0.75122918
   2.59740073  -0.34406505   1.009528    -1.6551246    4.56245146
   7.72291402   2.90492297   2.47831014  -4.93322921   1.87923151
   4.04485689   0.62757651  -7.6576405   -2.14004848   4.07472807][-3.14111473 -4.42003642  4.14461575  3.66119127  4.64303959  5.34673458
 -4.13469103 -2.11013977 -2.83146369  4.63962681 -0.62821504 -0.45982439
 -1.14447121  2.18077364  0.74792063 -0.26642986  3.91271731  2.41304884
  3.56806703 -0.36201158  4.84134388  0.34024223 -1.35986371 -4.22982117
 -2.52667224 -1.58902565 -0.94765996  0.47028609  1.20270283  2.69657235
 -3.87335968 -4.01153779 -3.5443804  -1.18961497  3.32072166  2.97034508
 -2.43028262  0.21712908 -2.99282203  5.8078205  -3.55168204  8.15220647
 -3.23109613 -1.26307278  1.81320594 -3.69992918  5.67065726 -9.46063771
 -1.83236399 -4.05283793  2.57733192  6.99854317 -3.46808666 -1.49266883
  7.09010451][ 2.9426421   0.74373476 -1.88579204 -0.85322968  5.46665062  3.64829125
 -5.57634771 -1.59050415  4.31691846 -1.82328842  5.67839943  3.12078266
 -4.85627804  4.18101079  0.10121082  6.52767584 -1.03087233  4.76906776
  4.91704757  0.82039006  0.94143056 -5.62020709  5.08101646 -4.28661301
 -1.0006189   3.65196594  2.55110316  0.8308674  -3.56188816 -2.24081834
  7.01230319  3.81626698 -0.30015215  1.73688924 -4.28190331  0.9046602
 -1.11936128 -2.13984888 -0.47410462 -3.49747603 -6.23806127 -1.74291765
 -0.4729372   1.15444741  7.45320403 -5.81656994 -3.74963665 -4.86567126
 -4.61724081 -0.74541548  3.58805299  1.38903411 -4.21420648 -1.50903497
 -1.41940044][ 1.04101623  0.76114187  0.21905191  3.09015641  3.81203554  2.32687014
 -2.92057365  2.10439525 -3.79362177  2.45491661  5.55860372  0.67349633
  4.78408642  1.18515645 -1.13632575 -1.83801858 -6.04961575 -3.69125695
 -4.10942955  0.22654532 -1.07568951 -7.7331014  -4.64355019 -6.9566267
 -9.01533361  3.34543387  3.74437718  1.5485985   0.25922772  0.15178455
 -3.62345302 -0.53535485  4.39385372  7.99187364  0.07079104 -0.9351625
  0.12426181 -1.88276747 -7.78534778  0.76437025  0.849421    4.93900037
  1.8915862   2.15689457  0.43009385  3.1720719  -0.4235101  -1.29771821
 -1.77566178 -3.10387036  4.3619678   1.9433818  -2.95538431 -2.20455686
  3.14364703][ 4.64519302 -6.34398338  0.7764093  -1.02539038  1.2717674  -3.08862881
 -1.43289395  2.29669713 -0.60399447  5.3118741  -0.93058307 -4.59514105
 -4.38089907  0.62822399  3.04104297 -2.53301949 -0.98183603 -0.83570517
  5.46537788 -0.1084127   1.29313823 -3.06717292 -1.5076273   1.74868977
 -5.72928369 -0.7087374  -2.59466844 -1.38878336 -3.66922388 -0.08977962
  2.96561806 -3.5616166   0.53312269  2.51821923  0.6392124  -2.43395101
 -2.33252777  2.74307178 -3.02176635  2.14871755 -3.82163461 -2.01595614
 -2.39586321 -8.11993085  2.19929132  0.80738367  0.78380995 -1.67369303
 -5.66335092  0.24064046 -2.43201527  2.26706965  0.84261709  2.73410939
  1.24788422][ -3.05461588   1.71344053  -6.00454505 -13.14906144  -1.9776199
   2.15560868  -4.4770611   -2.09154438  -1.45206467  -2.91071917
  -6.6757946    5.16127798  -2.37148614   1.34980447   1.49036899
   1.75615972  -3.72821155   3.04522561   0.42013403   0.96487965
   4.18889747  -0.18884799   3.69315373  -1.58980087   5.40885219
  -1.7548214    2.72340244  -0.77198059  -0.3072785  -10.29763478
  -3.43861695   4.10274523  -1.46895523   0.86074569  -4.56865555
   4.56936142  -1.64794819  -6.54304784  -1.16741333  -6.07435336
  -1.32350598  -2.804383    -1.20319464  -0.13366929  -2.24131332
   1.92851362   0.1972335    2.61086949  -2.26714497  -1.36413602
  -1.3315345    0.66182681  -1.1387904    0.63781328   3.3149351 ][ 1.96927095 -5.99658377  9.42031281 -0.61119071 -0.67835634  6.26846016
 -1.36417254  1.10066591 -3.03970165 -1.36488967 -1.02447062  1.07427043
  0.65320806  6.39241859  0.16195987  5.22390254  0.69757714  0.74591229
  3.42815021  1.91949841 -5.95423977  7.71380154 -6.94207178  2.47208397
  0.48969743 -4.01551576 -1.59801292  1.38530224 -1.56366366  1.21676073
 -0.14900351  1.02105103  2.50620696  2.27110801 -0.41224496  1.96385552
  3.19194998 -3.26740388 -1.70692825  1.07120756 -1.06011141 -0.33630679
 -1.89584159  3.165887    5.33277585  3.13684001  0.23181494 -2.48706932
 -1.1448417  -1.73592654  2.82018644  0.2356288   0.69389762  3.09209336
 -2.18904276][-4.67134881  0.19435982  3.74022201  4.01308835  1.00162353 -9.19053912
  0.24768852  6.3900439   1.58558352  0.19649254 -2.16906592 -0.63440038
  1.54942117 -2.33750324 -3.95272478  3.01850444  2.96807861  1.61399031
  2.36169764  1.55848312 -2.48233536 -1.79593654 -1.56563109  8.55802065
 -6.26504962  3.52742761  5.43536422  1.36360945 -0.37721222 -4.82332826
  1.14673619 -5.0154287   1.4845072   2.78932515 -0.02993135 -2.99440513
 -0.27585445  2.67589725 -1.7224155  -3.58886085  0.65554615  0.21368415
  1.11471143  3.19084361  2.38831703 -4.80663437 -1.11642826  1.95088122
  3.37380267  3.00746777  0.40005626  0.93902697  5.01170182 -2.50891848
 -8.00844919][-2.31758524 -3.58770531  3.7350208   4.71958512  0.82373394 -7.03096065
  1.50693364  3.81130717  1.30079774  5.71148161 -1.07885489 -4.86655095
  4.38092344 -3.76355511 -0.57034019 -0.21203298  0.330051    2.84216091
  6.14480495  4.68964375  3.52625908  2.02117034  0.87785701  1.50945984
  7.85247723 -2.8225701  -0.74710483 -2.67457267  0.72023626  6.59464478
  4.99180996 -4.49381473  1.64437375  1.51059247  1.19683834 -7.60579756
 -0.45545524  1.64442523  1.81535948 -0.53911011  4.2799073   1.222272
  0.7912168   2.84615283 -4.05386739  9.08052307  1.62462784 -3.51005369
 -2.94090501 -3.79657895 -0.41400515  6.94637231  0.56912268  3.93965071
  2.26694702][  1.16995327   1.56098033  -9.68424121  -3.14936021  -3.00831867
   0.55930095  -3.56507923  -0.28340631  -7.21646017  -6.50871827
  -2.39812257  12.98891733  -3.82550883   4.41906319   2.17493529
   2.60157385   0.05254265   0.62225755  -1.90359292   4.35371581
  -1.88310512  -2.23469816   0.95552301   1.11897603  -0.35254633
  -2.28277577  -4.91263566  -1.25699355   1.97293008   5.10198968
  -0.82794323   1.72650086   2.54106611   2.26369323   0.85645597
   0.94286658   1.00588312  -1.73868649   1.56667304  -3.10175841
   1.43367661  -1.28111494  -1.9935844    2.01598953  -1.19251652
   1.38231294  -3.26374855   1.63752604   2.19813402  -1.78263341
  -5.32137828  -6.49540812  12.07908452   1.45056688  -0.99460756][ 3.43157089  0.24451206 -1.33383121  2.62025345  0.93714475  1.82669557
  0.07006522 -2.85922269 -2.74183042 -3.70306802  2.47132866 -0.26939165
  4.30453644 -0.02139873 -0.99459004 -2.18494103  0.12604106  1.38995865
 -2.85635061  2.03232585  0.6980301   1.2922631   2.16116409 -1.19984772
  3.11806695  0.19425107  0.01224772 -1.75275443 -0.56967898  1.08321013
 -2.03865754  5.24627907  0.36964538 -0.39235036  1.04728646  2.54287437
  1.9077947   4.13619644 -6.83780658  3.04888452  3.57075156  2.80291232
  4.13696841  4.0608239  -3.97719819 -0.6257703   0.05296055  7.92320957
 -3.71749867  1.92611608 -1.87152056 -1.82855937 -1.25856601 -0.53156501
 -4.17037926][-3.94699804  6.12475796 -2.06262696 -1.36018961 -1.56143024  2.52826983
  0.78543613  1.21368221  9.29414629 -5.85151531  0.52800843 -5.6797183
 -2.16517726 -1.14966386 -0.67068074  2.85633177  3.51503974 -3.60329598
 -6.28867571 -0.13821466  2.13635326 -4.4556099  -1.44275106 -6.38659953
 -0.82418487  3.40526841  2.41711263 -1.69745369  1.99166824 -1.01424329
 -0.90118722 -2.36634475 -5.47827205 -3.02354846 -6.29283089  1.54403807
 -1.25811649 -0.18891861 -2.89982894  0.33811851 -1.19191247  1.25269303
 -0.34552015 -2.79272453  6.55828609 -0.6110072   0.37425783 -3.23139447
 -2.67831226 -3.00421733 -2.06712019 -0.72832931 -3.44141986 -0.56783513
 -2.33747828][ 0.04479047 -2.79719943  6.12347392  7.15863399  0.09554977 -1.98065483
  1.57203747 -1.57962106  4.15557499  5.35699045  3.12868369  4.47275497
  2.32120193 -0.09965256  1.16080334 -6.59056871  0.75439772  4.87560401
 -6.04983134  4.00889207 -3.18208039 -0.68267979  4.06217855  9.97440227
 -6.89231403  1.84331165 -2.41126189  4.06350518 -0.35258879 -0.95055637
  3.83916021 -5.71074714 -1.49332171  7.42628726 -1.59157959 -1.77884183
 -3.29254874 -2.31208462 -1.46482142 -4.85438672  3.19946424 -0.08440441
  0.4561778   2.34202929 -1.07253745  3.32385052 -4.99156116 -7.38277841
 -2.7582046  -0.46819998  4.42236676 -4.61521243 -0.18629214  2.06110508
 -0.80614816][ 1.50833952  1.09099235 -0.7433885   3.43526551 -4.19468659  1.46032124
 -1.89313005  0.63142064  3.5519798  -2.60337418 -1.07604321 -0.85527002
 -7.75923609  1.92354096  4.34784834 -0.83906495 -8.55331806 -2.66708361
 -3.81165576 -5.96535528  3.54478129  3.01170737 -0.81620017 -2.44676086
  4.31868724 -2.191323   -3.53561937 -5.08975733  8.39296286 -1.10128888
 -4.1699386  -1.24142368  3.57700495 -3.21205939 -0.64544376 -3.46627238
  3.06760066 -0.42906716  3.90751686  3.83823112  0.51313291 -0.32801292
  0.01294541 -0.41692186  5.56518915  4.52668131  2.22849556 -1.7188267
  0.80175191 -1.64043839 -3.5220735  -6.72449668  5.55272217 -2.07989982
 -0.64115748][ 10.03058431   9.4074836    2.6747641    5.74629746  -2.16967024
  -6.4256412    4.72389778  -3.39069454   1.23599716  -5.96637466
  -1.69298086   9.22108996   5.41192962   0.55708304   1.15767757
  -3.19896681  -3.0101368    0.3565851   -2.48966649   4.08337059
  -3.46173579   0.51490355  -3.08340728   1.35639744  -0.1156453   -7.150124
   0.70806501   2.89975873  -2.78868827   5.30717432  -3.38833946
   0.04060602   0.65169809   5.43396258  -5.7829515    0.29318128
  -1.5339693   -3.97002653   0.79664014  -3.47089234  -0.8026164
  -3.93507671   1.97618832  -3.46307351  -3.08062499  -1.12376118
  -0.75486668   4.68476198  -5.49219473   3.63328973  -2.51058247
  -0.87736397  -0.07801578  -1.07092784   0.62119466][ -1.12103231e+00  -2.05883683e+00   4.72089446e-01   2.06546414e+00
   2.77001671e+00  -3.62641550e+00   3.66312866e+00   1.45281197e+00
  -3.23367109e+00   4.17095242e-01   2.04157555e+00   2.19089445e-01
   1.28493218e+00  -3.60275756e+00  -4.15960105e+00  -1.14882211e+00
  -1.63587162e+00  -6.01821471e+00  -2.11709039e+00  -3.41297105e+00
  -9.77004607e-01  -1.03503341e+01  -1.32737622e-01   9.64938344e-01
   9.03783376e-01  -2.53640694e+00   1.57449325e+00  -2.49770133e+00
  -3.24343375e-02   1.20196043e+00  -2.74377158e-01  -2.05288720e-01
  -6.91344899e-01  -8.05240147e+00   1.81396581e+00   2.25875169e+00
  -3.16681247e+00   1.00913726e+01   1.02059663e+00  -1.47398212e+00
   5.27525856e+00  -6.41364173e+00  -7.93493890e+00   2.20856735e+00
  -6.75894819e+00  -2.02987825e+00   1.01773608e+00   1.36236919e+00
   5.77126821e+00  -7.89259440e-03   7.66018901e+00   3.73165327e+00
  -1.43321808e-01   9.27069333e-01   4.79595486e+00][ 2.31505493 -4.03098982  2.19704507  4.7508288   2.24675126  2.3123311
  4.69018972 -4.51023511 -5.60013582  1.81457608  6.49832661  3.03248544
  2.48188782 -0.63775423  1.82871483  2.38691555  4.13143251 -0.4021038
 -2.53038384  1.59714672  0.45290175 -2.73798584 -3.37915261 -2.59318194
 -0.17907889 -1.88643504 -1.33251754 -3.67704226  1.65630802  7.15612967
  7.12217431 -1.87367953  5.2831002   1.03675175 -3.58531197 -3.88147469
  1.34256477 -1.95436851  2.37426962 -3.55147163 -0.06264844 -1.48721582
 -0.0684983  -0.31155641  6.51775518  5.57028779 -2.19540881 -4.81441592
  1.42388712  7.02621939  5.36613711 -2.01151299 -3.52163618 -1.92193211
 -0.42968967][ 2.36119381 -0.40930836  1.39580991 -1.92707691 -0.79757916  2.24211232
  0.44400336  4.28910002 -1.32596053  7.36615983  2.16630305  4.97869764
 -0.42402811 -1.31449039 -0.36944922  3.56991557  3.78664295  4.28342074
 -5.80011471 -0.15148184 -2.6431312  -0.86462626 -0.05278429 -0.4529375
  2.38575643 -3.88527413 -0.3031777   2.44827101  4.16637319 -1.81217009
  2.5517541   6.33397332  2.50044093  4.6677489   1.70264879 -3.39660872
  3.76391555  0.44955452 -0.71906489 -1.7115365   1.26393588  1.27842601
  3.77295452 -4.24774003 -0.17725534 -3.22770781  4.97053433 -2.34258429
 -1.95973701 -3.57225251  6.17197566 -0.9264015   3.24604686 -2.34109204
  4.77334179]
 pesos capa salida
[-0.27506404 -0.31344592  0.43362132  0.31131275  0.21433724  0.58971216
 -0.23897401  0.78581853  0.77050693  0.02945683 -1.21129851  0.11857978
 -0.17127949  0.55843528 -0.16379269 -0.87490837 -0.359688    0.99715872
  0.84161423]
 biasCapaoculta
1
 biasCapaoSalida
1
 mejor error
117.93585776514733
 Precision 
0.6759339704604691