
 fecha de inicio Sun, 12 Nov 2017 01:36:54 
 fecha de la generacion Tue, 14 Nov 2017 00:15:12 
 generacion: 16180
 pesos capa oculta 1
[-0.50918272 -2.2843677   2.79971185  3.15774816  3.34280869  1.59687457
 -0.23817164 -3.09905431 -0.95777786  2.07574941  6.87284883 -6.53130398
  0.61988439 -2.42108879 -0.22736728  0.61066881 -2.98928822 -4.02226833
  1.67452814 -1.90258446 -0.10268473  1.23133978  0.21707525  1.10805426
  1.34544721 -1.88863887 -1.45265033 -3.50105366  2.08741487  5.45232582
  1.65493986  3.03468942 -0.5989309  -1.30692705 -0.30933594 -4.67163451
  3.31505654 -1.42177789 -1.21451403  1.4382302  -4.44762511  0.83878984
  7.10350949  2.32952921 -2.99912876 -2.18739418 -4.5886126   2.03724069
 -1.62513734 -2.98596198  4.30385001  3.82790403  1.40849649  0.26463258
  1.26186143][ 4.35569432  0.4284183   1.26560786 -0.01741445  0.00902578  3.69133063
 -1.45779112 -4.19848091  2.38660517  3.91865818  1.92339229 -2.39405249
  0.34637378  5.91261262  0.40575905 -0.65112073  3.4537609   5.25543986
  1.21243256  1.90751768 -0.08300334  3.75203613 -3.42938456  8.33401904
 -5.51504824 -0.4229728  -5.74153127 -0.14203639 -0.50612724 -3.55703736
  1.92581829 -4.04971025  3.94349927  0.3680134  -2.70859687  2.30084409
  4.33782305  0.06779027 -1.11243971 -4.29280255 -2.2072666   1.65476403
 -0.32457864 -1.04898505 -1.99112683 -3.14545418  3.19155446 -2.39028257
 -0.15107881  2.96035087  2.94694954 -1.76624805  1.57164501 -2.2781078
 -3.00609687][-0.06615468 -3.00132366  8.69294875  9.07918248  4.59562941  0.63349121
 -4.86734618  0.87668555 -4.05926243  4.07383669  0.93802452 -4.98059334
 -1.67116477  5.25897201 -1.67039279 -1.16960701  2.41879218  4.4723254
 -2.10513472 -0.04822578  3.64867289 -2.22251989  9.95162757 -3.97636668
  0.81563724 -1.08935694 -0.41006922 -3.18896729  0.48976201  2.28042784
  1.23271563  4.67118986 -1.86297698 -0.03026901  4.95716482  2.11440748
 -3.46317974  1.98577679 -2.51775701  3.9042671  -2.8461619  -7.79133602
 -5.37270667 -3.72009243  5.40648364  0.75486862 -0.75722568  2.07651219
 -0.76212896 -0.44389774 -4.18301791 -0.18881633 -7.20229881 -2.30256533
  0.04412553][-5.10510214 -5.7347728  -4.55998126 -0.53833829 -3.13830442 -4.36361616
 -2.7604505  -0.0313692   0.27680884  1.94446899  3.43875806  0.56992521
 -1.84737831  0.64799491 -3.23075299  3.66104664  2.89343046 -0.0684818
  0.61102498  0.1387002  -1.16406563 -3.66767316 -1.17079844 -3.69559726
 -2.24213782  0.70907697  1.76635223  1.75066546  5.31080563  3.21473312
  3.24289857  1.68963564  2.50117007 -0.57232795 -6.60790879  0.17282676
 -1.80056154  1.22495857 -1.62674549  2.31350417  0.98391861 -5.62440853
  1.00151629 -1.00429439  2.4351364   0.81869761 -0.76058166  3.32048709
 -3.24491511 -4.68084349 -0.12846312  3.52501583  3.85001269  2.86062679
  5.55973467][-7.21463952 -1.2837846  -0.11970395 -0.52987129 -1.28632876 -7.91256283
  1.26933942 -0.73469817  2.50409624 -1.95110534 -0.60974057 -0.58968001
 -2.38070426 -4.74845029  2.7868778   2.16716353  2.21345478  0.21001493
 -4.25644931  9.32045161  2.26370111 -0.30009796 -1.46186654  4.2089
  0.55802212  4.27302915  0.82684663 -1.68310448 -1.75669209 -0.35389578
 -1.47190028  0.03916831  3.09686663  0.04994121 -0.96704336  1.48338351
 -2.60156451 -0.27890261 -0.91765333  1.8143739  -0.27886713  0.73392632
 -3.37573117  1.52386595 -1.14052226  0.48162177  3.46324886  0.84801357
  1.2873528  -3.09743285  0.14643613  0.12376872 -1.07079072 -0.79270491
 -0.97174638][ 4.30343461 -4.50489506 -7.14033296  2.39612943  2.26745273  1.47353816
 -6.67031409  0.38257919  0.96382815 -4.2710341   0.96534239  2.37874825
 -5.5159339   2.88130788 -0.34185     0.38872343 -2.78350656 -1.93598245
 -0.77019447  1.56878309  0.0392898  -2.77087136  1.37585231  7.05865737
 -4.11669647 -5.24089508  1.13250534  2.88612601 -1.00895369 -0.58291958
 -3.65331645 -2.90829991 -2.50698139 -0.68952912  0.04191441  1.45765603
 -1.83073906 -0.63814019 -3.94184074 -2.94912318 -2.06682987  0.53066359
 -1.00860807 -3.58315453 -5.25995991  9.30582302  1.98280246  4.83692473
 -0.26423574  2.59666272 -5.24329544 -1.67867352 -0.62754052  1.73892745
 -4.50097498][-1.65205022  2.69985749 -0.20277079 -3.87135649 -4.65081885 -9.17922108
  3.84062637 -2.87692266 -0.48993031  3.09789301  3.93624801  3.25703888
  0.26639552  2.57888143  5.1889453   0.90329265 -3.20257184  1.32905595
  7.21518883 -1.26667322  0.2294633   1.05857165  5.80612577  0.42081733
 -1.23960783 -1.83849923 -0.33174526 -0.10915136 -2.10583787  2.38997909
 -0.02087265  3.07499146 -2.30169213  1.66375852  5.31785098  5.82056096
 -0.35905773  0.31996973  6.07506469 -0.19224847 -1.29025034 -3.21996411
  0.92756877  1.86358179 -4.76870526  6.74698306  4.17549955  0.12609616
  2.37361523 -0.20426993 -0.18607404  1.13562165 -6.04929895  0.37198342
  6.39490968][ 6.27485934 -1.074453   -1.42713714  0.86818412 -4.1410524   2.38390004
  3.45184189  1.89039496  1.17404968 -3.63433312  2.45504517  8.13219754
 -0.09299558  0.32212224 -1.36939116 -2.3571303   0.28167471 -3.47588376
 -2.85857595  3.85473133 -1.18452516  3.81109583  2.22798499 -0.52575171
 -3.70181268  1.01150139  2.92613312 -2.55137155 -4.35140786 -1.14410634
 -0.10669806  1.50073767 -2.49551904 -1.03901549  4.9609835  -3.60146472
  3.00812651  1.30052384 -0.13792461  0.92740842  2.40814591  0.85172041
  1.15190329 -6.34237297 -1.72614613 -1.13628493  2.79673972 -4.56144271
  9.03103851 -0.48683422 -0.35414124 -1.69156952 -1.05879357 -0.10595804
  2.66068896][ 5.56448148  0.09691911  2.19534338  5.30131671  7.26759179  1.70255995
 -0.96522333  2.43602841 -2.89383289  2.64714939  7.40354514 -5.30769829
 -0.51725386  0.086989    1.44266617  2.10956942 -4.4790201   2.31654182
  3.42556649 -1.63076228 -2.84469988  4.67007575  0.48942963 -0.96539858
 -3.80748456  2.25771936 -3.40552968 -1.37195961 -0.27547317  1.5389912
 -2.122523    3.51028311 -5.17368244 -0.85058229 -2.07079261  4.069802
 -2.33623661  0.87262196 -4.69699344  2.50997816  3.27564231  2.48226906
 -8.15519657 -3.39922223  2.20129127  0.85130269 -4.7988875   1.62813215
  2.22575248 -4.44334523 -1.47531882  3.0854516   0.62537597 -0.73214421
 -2.86281903][-1.80403725 -6.30577449  1.75695959  1.27654668  0.13336643  1.29082435
  2.02939073 -1.54422171 -0.2636105   0.26467725  3.74537854 -2.09483541
 -5.67845645 -2.21007565 -0.33311215  3.86461342 -4.45961304  2.81782029
 -6.52540995  4.630613   -3.08666792  1.32490548 -1.11693627  2.84890889
 -3.18995885  5.50359138 -1.32595837  0.35755957  0.58589066 -1.90241781
  0.14219475  0.18800992  2.24623415  0.69839596 -0.9967559  -0.42824171
 -1.86645426  1.24410026  2.06823441 -0.85323078 -0.6678248  -0.21308643
  2.95999866  2.2427774   0.4610966   1.07636989 -6.92679302  3.09513526
  2.01924714  2.39895852 -1.97962399  8.16784556  5.34431938 -6.50478269
  0.16558305][-0.3394184  -2.66972884  1.30787242  1.80412604  5.73641526 -0.32130506
 -2.60893273  1.32261546 -1.29381226 -0.66917499  1.27783391  2.27038469
  3.45430272  2.89155021  2.60738087 -2.9917802   4.1504329   3.27570403
  0.41830166 -0.70713959  0.5618994  -3.80984541  0.36086055 -3.0940723
 -0.22477612 -7.95389563 -1.60996773 -1.95131081  3.08249925  1.67749019
  4.37955443 -1.64728643 -0.34135012  3.87866117  3.6747738   2.05954731
 -1.23713973 -1.21053097  0.92621727 -4.35582162 -3.83119664 -2.09015229
 -1.03865782  3.48300681 -1.85169013 -0.58745954 -4.61781894  1.76459401
  1.13917308  1.42496149  0.41571007 -2.40922841 -1.0043287  -1.28232812
  0.20853796][ 0.64636162 -2.05876974  1.26756031 -2.51933188 -6.38137619  2.54789771
  0.70822941 -1.11567194  0.57526122 -0.3507091   3.62501275  1.01704046
  1.70887286  1.85282513  3.9736072   2.93010046 -3.28397207 -2.06639244
 -6.54874813  1.4386673  -1.23078377 -3.36935657 -2.01690037  1.50196208
 -2.85657298 -6.65100018  0.54877184 -0.75011737  4.66570765 -3.37781367
 -1.78309321  1.1689792  -5.15328236  1.69686803  4.25131792  1.92016429
  0.09220477 -3.17479077 -4.78882767 -2.60632104  1.92855456  0.59078904
 -1.55174691 -2.54953306  7.47836577 -1.03440638 -1.2554766  -1.97121066
 -3.23937634 -4.19964903  2.00237086 -0.77858123 -2.21961115  2.12928007
  1.61118427][ 4.64356373  3.66793051 -1.4625734   1.85675349  0.36468666 -3.21174249
  3.16819974 -2.67062973  0.98627829  1.65240461  1.14385112  2.25526873
  3.77115506 -2.72237606 -1.83011433 -2.02317991 -0.39899644  0.79665898
 -1.3692368   0.85016276 -5.93418713  0.12860023  3.53752044 -6.15202762
  0.29983488 -1.38827482 -0.57033589 -2.6121959   3.20465453 -1.64506405
  0.5568253  -0.0072255  -7.02265707  3.53883063 -2.3651524   6.16298653
 -2.40099926  0.85754924 -2.52765841  1.93762507  0.07856613  2.32110476
  1.22649352  2.23908938  3.3761712   1.33534002  0.49023238  3.92279728
 -2.50019345  1.23074726  1.00897174 -2.44376352 -1.58948354 -1.52907352
  4.72070963][-0.0955725   4.41687574  1.44926214  3.08526479 -0.53188982 -0.59158357
 -2.23569596  1.12124103 -1.25194061 -2.57435923 -0.38406555  1.21977986
 -0.01145313 -1.28840636  4.77893183 -1.20751584 -0.82714757 -2.89549227
 -3.81298331 -1.08153532 -0.33465561 -1.85824797  0.16510136  0.38897548
 -4.05792935  0.84761515 -0.22286065 -1.43793587 -2.74004082 -2.08900606
  1.8689089  -3.67387906 -5.93242217 -0.62103267  7.73411456 -5.51170178
 -2.34766675  2.32166962 -2.361268   -2.88438457  1.28889654 -2.81675042
  5.3780953  -0.89042954  2.12231538 -3.47917748 -2.56953539 -0.35119161
 -2.34080486  3.29651757  0.42640973  1.1329309   2.49456799 -2.47199155
  3.22045107][-1.3021829   0.38118938  2.83378911 -3.12270736  0.0469275  -0.02542857
  5.31342626  1.37096387  0.16583656  2.22575619  0.38299     5.62799342
  2.19027829  0.69768693  1.1790105   4.15205097 -3.66605354 -1.91837883
 -4.99715511  0.71593562  1.30829704 -0.01213546 -2.44858232 -4.00683926
 -4.19206144 -0.1216387  -0.04786071  1.65751992 -4.44709257  0.58324501
  0.97516387 -0.32853572 -0.21768286  0.31863802  2.24821625  4.34438467
  0.30650716  4.44455272 -2.4867666   1.33861085 -6.52216895  4.78273704
 -2.43346596  0.7906704   0.85157158  2.59997948  0.61894355  0.71514646
 -2.71575834 -0.63800389  4.45372008  1.08743398 -2.26112703  2.37795143
 -0.37194152][ -3.03087516e+00  -1.83944087e+00  -3.72573679e-01   6.08119823e+00
   5.03246191e+00   5.25331611e+00   3.02310465e+00  -2.30977109e+00
   1.93375331e+00  -4.75723393e-01   3.31802268e+00   4.16001845e+00
   2.61298493e+00  -3.42880006e+00   2.73429647e-01   1.30164781e+00
   1.40446736e+00  -2.15131792e-01   6.37046955e+00   1.59084787e+00
   2.44336085e+00  -6.03253011e+00   5.64788401e-03   2.69617613e+00
  -3.92097123e+00   4.79443138e+00   4.58192734e+00   1.46772153e+00
   3.13538083e+00  -3.35799393e+00   1.85060677e+00  -2.53621163e+00
  -7.99159319e-01  -1.51964740e+00  -1.61573348e+00  -6.69001302e+00
  -2.28088957e+00  -5.33522550e+00  -5.29363471e+00   2.91871861e+00
   6.12274563e+00   6.86634330e+00   3.59868956e-01  -1.06452922e+00
   3.27490101e+00  -2.13397615e+00  -1.63682821e+00  -8.98975726e-01
   4.16377584e+00   4.44089134e+00  -2.55948992e+00  -1.70854205e+00
   6.14848524e-01  -2.07941390e+00   1.09472645e+00][ 1.55744996 -1.65864096 -2.08528387 -1.50158231 -0.71258566 -2.33435412
  3.69432138 -1.15994397 -1.01951969 -0.12072404 -1.94948293  0.28004795
  1.0234626   5.03667399 -0.27200464  2.28570292  7.62217062  1.54877158
  0.56218944  2.33514877  1.75417142 -2.54282329 -1.96514936 -5.42650575
  6.4530925   4.20323796 -0.15504487  6.05413235 -0.04898817  1.12563147
 -1.36835906  3.44248002  0.97250069 -5.0367091   3.30155075 -1.23891801
 -0.6174174   1.81382368  2.05348075  7.9589297  -3.83119415  5.7531
 -0.38560483  0.28348698  1.15518919 -0.95165245 -8.57445507  0.07089916
 -0.67955056  7.69472053  3.06142954  8.38805875  3.39436181 -1.23899583
  0.59272948][-1.46546729  0.9950538  -6.53272418 -2.62195897 -1.50946312  2.16916657
 -4.5572516   0.16293416 -1.75430052 -4.80725301  0.18235023 -3.42796354
 -4.32247822 -1.14753584  0.39323048  4.90690346 -1.7117885   4.24135451
 -2.32432211  1.00997865  4.92444177  0.36232064 -4.25724698 -2.83424311
 -5.18780889  0.12097375 -2.84954032 -4.99931357 -1.00966124 -1.32017386
 -3.37372596  0.71014652  0.12271294  5.60736413  3.95750164 -0.92862088
 -2.43109734 -4.48474754  1.05524985 -0.0916654   1.99887968 -1.98714289
 -0.75383654  0.92491653 -2.71373575  7.41176009 -4.46947173  3.12010608
  3.42807468 -3.24472798 -3.45027248  3.09728683  7.09062789  0.21587962
  0.44014575][-1.07937629 -2.22098809 -2.59964842  3.80353394  6.308656   -1.42229491
  0.97024403  0.29919355 -2.73052499 -0.62591052 -0.64014099  7.1855852
 -9.14263646 -0.06913567  3.52001074  0.23314976  3.0829643   3.72870788
 -1.34326458  1.02648203  0.9566857  -4.11034486  2.04145987 -3.81180598
  1.50766575  4.96688881 -0.36462081 -1.69498657 -4.59741419 -0.30035897
  1.65636494  6.806582   -1.50705971  4.60946011  7.03745064 -2.30773443
 -2.31205973 -0.03574934  0.78845533 -1.83899554 -0.84234311  2.85445629
 -0.28660367  7.73028842  6.85159769  0.40446551 -1.67005359  4.49835426
 -2.91703972  1.03685049  5.62177379  5.92940252 -1.45245643  1.00304015
  2.67205736]
 pesos capa salida
[ 1.42836811  2.35888883 -0.15781838  0.83819872  0.75879613 -4.59399388
 -1.49398467  0.37475927  1.57348491  1.99288901  1.28317179  2.91856509
 -2.45347023  0.88089455  1.44437785  0.44776998 -0.61725887 -4.18934193
  2.27176863]
 biasCapaoculta
1.7268800064325531
 biasCapaoSalida
2.9022300003110884
 mejor error
87.51643070543665
 Precision 
0.792354474370113