
 fecha de inicio Sun, 18 Feb 2018 00:14:17 
 fecha de la generacion Sun, 18 Feb 2018 00:14:17 
 generacion: 0
 pesos capa oculta 1
[ 0.0361775  -0.53407493  0.11049966  0.9881562   0.73299643  0.94764752
 -0.43260673 -0.73143573 -0.23276524  0.59841837 -0.33739002 -0.38538071
  0.95333973 -0.55954521 -0.26067576  0.51687492 -0.26442591 -0.09649994
 -0.85757876 -0.37344802 -0.44317734 -0.13998121  0.32397308 -0.06002008
  0.27103438 -0.92818921 -0.18055042 -0.78833252  0.71832223  0.66296289
  0.61066318  0.97595711 -0.79053046 -0.10511576  0.15173412  0.76974203
  0.30364217 -0.5412734   0.17198272  0.05170195  0.83498844  0.81127132
  0.94008     0.24977215 -0.81327679 -0.21979656 -0.34993925  0.2233305
 -0.52293517 -0.57556973 -0.07953757 -0.61226689  0.17779385  0.52429749
  0.39169404][ 0.21132631  0.64973522  0.96165681  0.01325681  0.74277581 -0.93128101
  0.40140426  0.28719081 -0.57389755 -0.14372364 -0.59638208 -0.76779743
 -0.55397063 -0.26222403  0.09296713 -0.07286999 -0.426583   -0.72880819
 -0.8126346  -0.27829569 -0.20600025  0.55708882 -0.78431482 -0.43320332
  0.66265978  0.31795323 -0.64658044 -0.07452898 -0.55872988 -0.73946808
 -0.27817013 -0.11002995 -0.72524795 -0.14588352 -0.87164772 -0.70765731
 -0.68641933  0.59025894  0.5041808  -0.66150898 -0.68994862 -0.73989511
  0.93173919 -0.08902495 -0.60294463 -0.43228359  0.43090809  0.87804022
  0.99683221 -0.17520244 -0.71582041  0.52611062  0.24319513 -0.26893072
  0.584216  ][-0.66732788 -0.65494563 -0.90676777 -0.41843154 -0.42945459  0.54872785
  0.41877632  0.44525513  0.46744528 -0.1648041   0.75680461  0.49561454
 -0.2679114   0.18343654 -0.59785008  0.3372319   0.43586835 -0.08731175
 -0.13045357  0.60244139 -0.99043207 -0.03587946 -0.58625083  0.14450588
  0.863868   -0.2211081  -0.0995878   0.00168757 -0.11076734  0.38183861
  0.51796828  0.53374798 -0.43343897  0.30407382  0.58562279 -0.92584135
  0.23537396 -0.40551986 -0.84044892 -0.86507225 -0.66270388 -0.4278911
 -0.41906711 -0.51881872  0.26207767  0.53983947 -0.81428683  0.92772387
  0.7556416  -0.56429071 -0.01219241  0.15576764 -0.82798573 -0.77654547
 -0.34993422][ 0.35071685  0.06530396 -0.05602986 -0.00945014 -0.01753389 -0.51876529
 -0.43463357 -0.8074081  -0.38169835 -0.5298349   0.4492027  -0.57484863
 -0.16477544  0.31586059 -0.92602796  0.703822   -0.93652041 -0.89393498
  0.0321171  -0.63895594  0.99036478 -0.67384402  0.44624309 -0.18121807
  0.23863664 -0.64573492  0.67856929  0.71763237 -0.97648539  0.84463339
 -0.18522231  0.70738943 -0.5556751  -0.72192268 -0.86996396 -0.81917015
 -0.6678017  -0.58533922 -0.00424857 -0.86221977  0.38840292  0.32883778
  0.84022855  0.09967969  0.78531195 -0.36927128  0.82254066  0.59767361
 -0.47188437  0.21842807 -0.63195015 -0.09474935  0.42669709  0.39049975
  0.90269499][ 0.03800663 -0.7192174  -0.07295539  0.67474157 -0.49878732 -0.31243716
 -0.00924873 -0.56025426 -0.9140457   0.50407698  0.9234251  -0.23452846
  0.36489332  0.58491115  0.15497251  0.32941159 -0.04049154 -0.20578519
 -0.571321   -0.69511916 -0.95423153  0.11807161 -0.73047701 -0.02609878
 -0.79392018  0.75446785  0.45826993 -0.501804   -0.59879574  0.6832293
  0.71041181  0.70069246 -0.28631959 -0.66958754 -0.22581683 -0.09153424
 -0.68841207 -0.80758298  0.60008157 -0.319846   -0.85920938 -0.00300353
 -0.25094497  0.5850057  -0.02854944  0.58478524  0.72746076  0.73399635
  0.27853906  0.9112608   0.36112967  0.07372681 -0.51235067  0.31539373
 -0.62005643][-0.12216618  0.93305965  0.23815328 -0.29906167 -0.4173466  -0.90604045
  0.3610716   0.19684443 -0.24039144 -0.99153242  0.50361397 -0.88662256
  0.0315513   0.53225795 -0.24014238 -0.12498575  0.6279548  -0.69607997
 -0.97282798  0.17896683 -0.94194131  0.78807142  0.62208413  0.73077373
  0.01913015 -0.58045198 -0.1217936  -0.79931116  0.63882925  0.88353518
 -0.78092787 -0.30927463  0.52571185 -0.87095191 -0.76842667 -0.38553177
 -0.87701413  0.74505429 -0.14360494  0.20923233 -0.40453721 -0.01574062
  0.1380328  -0.29596902 -0.05972079  0.82064123 -0.14247209  0.02804029
 -0.87784939 -0.861819   -0.72435427 -0.09789461  0.70088341 -0.46703288
  0.87463422][-0.94828487 -0.80619459 -0.06725394 -0.35617179  0.90269553 -0.39945326
 -0.65003976  0.36786438 -0.81620331  0.70153191  0.92301995 -0.35526051
 -0.6416943  -0.59110257  0.40145833  0.91347749  0.1508697   0.51930136
  0.49485714 -0.70661637 -0.93205453  0.80595303  0.80502027  0.69984623
 -0.29137882  0.12840005 -0.08962955  0.54594932 -0.4283484  -0.3045373
  0.39286879  0.30242446 -0.0948016  -0.51942184  0.52768326 -0.48119901
  0.83692521  0.24212483  0.07285871  0.97644558 -0.12045783 -0.75890398
 -0.53142075 -0.00794447  0.49770601  0.87214039  0.04463128  0.51171839
 -0.8344353  -0.18353105 -0.58093627 -0.80886491 -0.21722049  0.73231624
  0.27750331][ 0.05605    -0.45331265  0.8127079  -0.229624   -0.86503071 -0.020266
 -0.07315026 -0.64324327 -0.9611686  -0.17367476 -0.72619897  0.67632198
 -0.9099836   0.61834213  0.28732987  0.04955569  0.39424413 -0.95975299
  0.41878662  0.46629354  0.63083217  0.37957792  0.15563479  0.0466412
 -0.16816151  0.19840222 -0.53116387  0.36605804  0.38541857 -0.63382382
 -0.03021546  0.53361477 -0.46042302 -0.10251792  0.56954872 -0.93247555
  0.53167841 -0.86790683  0.65646361  0.01677845 -0.35419076 -0.71930341
 -0.66313664 -0.69431933  0.44001463 -0.96446512 -0.81705167 -0.16599352
 -0.12022853  0.95338056  0.11553811 -0.26295026  0.80348186 -0.05384339
  0.83568238][ 0.99570712  0.06523871 -0.05119329  0.36141604 -0.80016204  0.47591047
  0.86456754  0.89369654 -0.05836617 -0.80846782 -0.62737879 -0.3166415
  0.61836779  0.3302108   0.44214625  0.09041098 -0.99466973  0.23607998
 -0.12538578  0.33709902 -0.25812336  0.42969958 -0.93279855  0.39314905
 -0.58981171  0.67608339  0.77414178  0.7529207  -0.10853536 -0.39198937
 -0.64010424  0.21920124 -0.81969577 -0.43100413 -0.44713362  0.00414189
  0.77795343 -0.39712777 -0.17060844  0.09506177  0.36528043 -0.9708254
  0.81657495 -0.56394883  0.99368579 -0.60919705 -0.28667427  0.8623866
  0.91956414  0.81091988 -0.23184178 -0.83593517 -0.69995483  0.54870726
  0.95206019][ 0.41025821  0.42567987 -0.36867175  0.80105349 -0.39989965  0.03537788
  0.96217161  0.794682    0.71745301  0.93163969 -0.14587796 -0.18002675
  0.01004859 -0.10934822  0.04936381  0.02944327  0.85682316  0.43088987
  0.56003462  0.05046098 -0.48801477 -0.34874101 -0.9478033  -0.99065207
  0.40426592  0.49995704 -0.54945301 -0.80248257  0.83333914 -0.42448283
  0.06025278 -0.93003579  0.83491031 -0.06550789  0.33109473 -0.55675016
  0.32055984  0.72771203  0.44361156  0.28164678  0.80471316  0.70019714
  0.7542957   0.73129084 -0.33631071  0.35296637  0.83279577 -0.15343193
  0.08731304 -0.58976705  0.66193802 -0.49814763  0.42485481 -0.41322055
 -0.73323663][-0.2891774  -0.50289345  0.88494601  0.60094685 -0.87614584  0.38191471
 -0.86242811  0.02940094 -0.49537179 -0.42168851 -0.6493853   0.3991139
  0.2189747   0.01859819 -0.29868436  0.37264222 -0.80292673 -0.512059
  0.13487607 -0.61363599  0.20247257 -0.09198117  0.12337069  0.34943994
  0.05270768  0.21017437 -0.93953796 -0.52080898 -0.42975194  0.76504155
  0.43944444 -0.70210345 -0.16181025  0.54214803  0.3310105  -0.79664385
  0.2674649  -0.58810974 -0.13561483 -0.57827389  0.95329494 -0.02355179
 -0.20777115  0.76291318 -0.04751361  0.77037909 -0.58882542 -0.69924923
 -0.5563472   0.24338771 -0.0449702   0.17893153  0.04123235  0.80810966
  0.25481422][ 0.80872007 -0.0873938  -0.64930624 -0.68002206 -0.08486275 -0.27335226
  0.21195112  0.2937916   0.02667495  0.37811702 -0.11715826 -0.82410331
  0.69019464 -0.3535125  -0.08907863 -0.10287978  0.16384487  0.4145625
 -0.75942851 -0.15866413  0.50094331 -0.40416165  0.89541359 -0.14768815
  0.75522411  0.52347031 -0.28346671  0.99551941  0.25478619 -0.26975087
 -0.27568883  0.83699607  0.90407392  0.0151995   0.92389422 -0.52381184
  0.34452283 -0.68147131  0.46833218  0.14856646  0.82434636  0.14264554
  0.84151035 -0.35914905  0.1464458  -0.37066202  0.36217339  0.53552037
  0.82484215 -0.75266153  0.31003929 -0.20238515 -0.74951438  0.30849756
 -0.03627622][ 0.59833705  0.63439665 -0.61944225 -0.34980698  0.94496942  0.91379504
  0.82196387 -0.18287581  0.54152883  0.61577909  0.3614784  -0.80556327
  0.77250701 -0.57301456  0.53414731 -0.49610748 -0.48269932 -0.06272687
  0.13943073  0.77002157  0.13420609  0.91994319  0.3152484  -0.52061142
 -0.7178379  -0.12037934  0.70889867 -0.36143915  0.75541069 -0.55002699
 -0.30570149 -0.23320738 -0.3974832  -0.09730551 -0.11081834 -0.69693443
 -0.14461704 -0.77768222  0.43842123 -0.76345619 -0.51272682  0.74990236
 -0.83682956  0.69686973 -0.75205938 -0.06495758 -0.28048911 -0.32098613
  0.45835058  0.50492686 -0.44295925  0.592015    0.769617    0.37463324
  0.15840728][-0.80437141  0.56180129  0.98892468  0.69845687  0.45632973  0.02373533
  0.25378266  0.44044395 -0.74253275  0.74250886 -0.14802659  0.84108551
 -0.68545313 -0.56727776 -0.74147909 -0.39873626  0.86656402  0.8851123
  0.3341183   0.84809566 -0.82091635  0.78674134 -0.77287215  0.54378856
  0.5542519  -0.54543693  0.38813107  0.8633385   0.38717623  0.20448371
 -0.82818422  0.50051957 -0.9680307  -0.26178575  0.14164822  0.38618278
  0.43920018 -0.53203299  0.52967431  0.46199817 -0.440037    0.7191326
  0.65579595 -0.85520846 -0.69101097 -0.23853379 -0.19442886  0.4038865
 -0.14024124 -0.18085331  0.51101632  0.56409584 -0.73095456  0.76412218
  0.51500969][-0.8185644  -0.55615116 -0.54666049  0.03730557  0.44425981  0.49666403
  0.20351185  0.98474782 -0.25646308 -0.02446575 -0.92490281  0.53803987
  0.47288549  0.86384184 -0.89657307  0.18258537 -0.86342466  0.97778332
  0.61972751 -0.63142212  0.54469074 -0.02840488  0.07553638 -0.48956368
  0.02546914  0.86796452  0.58919909 -0.86322033 -0.00711266 -0.89398957
  0.93985036 -0.89454499  0.52791788  0.97956593  0.09054019 -0.49867237
  0.62796529  0.43048368  0.04367246  0.98592183 -0.10074052 -0.63627511
 -0.62758024 -0.91027536  0.25286493  0.80544285  0.53502667 -0.01603421
  0.60593564 -0.106212   -0.66081346  0.42688399  0.0532237   0.01283751
  0.51296218][-0.95600957 -0.52150633 -0.75223992  0.62136014  0.66782505  0.93570742
 -0.8273415  -0.51137484  0.68890514  0.13806905  0.09761885  0.31505117
 -0.2270117  -0.31694551 -0.80501553 -0.32427998  0.97959302  0.2917689
 -0.88482547  0.06124691 -0.01545559 -0.88265295 -0.54093299 -0.81878255
 -0.27872051 -0.50704443 -0.04728664 -0.86557237  0.09326886 -0.92209846
 -0.64323021  0.54419417  0.59726856 -0.3883335  -0.10056297  0.95400714
 -0.23366869 -0.58826585  0.42653979  0.25444875 -0.8476401  -0.75947049
 -0.01586032 -0.82332102 -0.18842474 -0.6835012   0.0263014   0.26735524
 -0.00800623  0.13688773 -0.30186282  0.20598749 -0.18226969 -0.91555869
  0.71203249][ 0.32119539 -0.61077742 -0.28341901  0.04541904 -0.07362157  0.78310577
  0.18264625 -0.91787891 -0.37040595  0.0454224   0.96886541  0.74843667
 -0.41147544  0.35554057 -0.0483355   0.63196005 -0.28998236  0.51511721
 -0.54930171  0.68153755  0.78825152 -0.92751941 -0.29153873  0.97114316
 -0.90273396  0.97086343 -0.32766416 -0.03073844 -0.83969738 -0.16551435
  0.35596033  0.6313564   0.72069142  0.25654235 -0.89051099 -0.20877536
  0.111246   -0.66542481 -0.11202052  0.91012774  0.91436247  0.64822946
  0.03262474 -0.86658331  0.44375158 -0.10116288 -0.35676512  0.88553562
  0.2329631  -0.24770675  0.11411867 -0.48428711  0.09816873 -0.04994683
 -0.04399143][ 0.88551591  0.18865835 -0.35510231 -0.31577258 -0.57465613  0.9132968
  0.79315192 -0.37386109  0.14040106 -0.55749803  0.308225    0.05272425
  0.4780879   0.07881074  0.80967442  0.58123675 -0.54932687 -0.31624677
 -0.90216275 -0.95328697  0.38559239  0.79071521 -0.11444667  0.8146112
 -0.04943305 -0.24376319  0.86537469  0.56311505 -0.52748359 -0.10309178
 -0.86986365  0.98991527  0.365756   -0.98249763  0.14603753  0.00517171
  0.37533054  0.92493047  0.82234446 -0.9614379   0.50389988 -0.03454474
 -0.56788622  0.07001977 -0.15636844  0.7212586  -0.9028756   0.48132703
 -0.78420668  0.4897829  -0.46778972  0.70726758  0.93627425  0.3125401
 -0.97138348][-0.26232417  0.38227664 -0.51126623 -0.5666928   0.80359465  0.48841425
  0.75643012  0.41627703  0.64118058 -0.97297449  0.46047316  0.53225783
  0.92571913 -0.14886031 -0.29944338  0.11600009 -0.75393147  0.2237687
  0.19565725 -0.11330235  0.21323944  0.20441778 -0.1344182   0.94522466
 -0.48313167 -0.51123453  0.3701472   0.86325502  0.69562251  0.29365635
  0.83930621  0.50099883 -0.67838142 -0.29970896 -0.01164045 -0.21578117
 -0.70714532  0.55406571 -0.64073901  0.55385739 -0.40584647  0.10540255
 -0.96617915  0.45850168  0.37101579  0.60116314 -0.39818447  0.40748309
 -0.32992063 -0.09990149  0.45469885 -0.92700544 -0.34207582  0.52694543
 -0.01109073]
 pesos capa salida
[ 2.76569689 -3.75295971 -0.97719332  1.36574692  4.26316189 -2.74471888
  6.37649745  3.43977242  5.64172908  3.08665326 -1.80517438  3.82957094
 -6.66607261  6.5906731  -1.76160844 -3.10225571  4.36444022 -2.76084885
 -6.01108898]
 biasCapaoculta
1
 biasCapaoSalida
1
 mejor error
224.0112028350189
 Precision 
0.5673327541268463