
 fecha de inicio Sun, 14 Jan 2018 21:55:10 
 fecha de la generacion Mon, 15 Jan 2018 03:24:38 
 generacion: 2331
 pesos capa oculta 1
[ -1.01042540e+87   2.89009595e+86   1.01554379e+89   1.07258643e+89
  -9.15775395e+87   2.82879732e+85   1.08184224e+90  -8.65275683e+87
  -2.85699098e+89  -8.40023314e+86  -4.42131416e+86  -1.29673525e+89
   1.32589253e+88  -9.89468195e+88  -2.28519707e+87  -8.12332693e+88
  -9.55479835e+85  -2.27240000e+87   1.58205777e+86   1.72512829e+89
   5.33019346e+88  -1.76730524e+89  -4.80720770e+88   4.37093818e+87
  -2.92623894e+88  -1.50674703e+88  -1.69065731e+89   2.37526967e+88
   2.97633287e+87   8.47358826e+87   3.99835664e+88   6.13573550e+87
  -8.80635744e+88   2.32300686e+87  -9.49125315e+88   1.85410431e+87
  -6.37398158e+88  -1.89634862e+88  -2.42191877e+87  -9.50161884e+87
  -8.99686087e+87   1.17170031e+87   9.10411536e+85  -9.16169896e+88
   7.53797078e+87  -2.48090062e+85   3.82381962e+87   9.07332352e+87
   1.98255002e+87   5.82014591e+86  -4.15498212e+87   6.86737036e+87
   7.52837568e+88   9.89946506e+87  -1.47107813e+89][  6.15723515e+87  -1.84075261e+88  -9.07013703e+85  -5.05768718e+85
  -1.71021340e+87   5.58622461e+86  -1.62793019e+90   9.06659872e+85
   8.89033964e+88   6.18917802e+88  -9.35266311e+88   6.91329350e+88
  -2.16754189e+87  -4.17405783e+87  -3.45447396e+87   2.49473486e+89
   3.69813049e+86   8.76232031e+86   4.20219852e+89   5.55729320e+87
   6.70807894e+88   8.09182669e+86   6.84132608e+84  -2.70351210e+88
  -3.34169804e+89  -7.32659290e+87   7.48528614e+88  -4.13447336e+88
   6.33926531e+86  -3.47091124e+89  -6.46873645e+86  -1.91292800e+86
  -1.14902700e+89  -1.73223575e+86   1.70683438e+88  -1.18699942e+87
  -2.18632090e+88   1.55846820e+88   7.25814950e+85  -1.88627153e+88
   5.74246566e+88  -3.94161882e+88   3.66455898e+88   2.89225779e+88
  -1.49725761e+89  -2.70467701e+86   4.72074110e+87  -5.36802351e+88
  -1.14818767e+88   1.03953190e+87  -3.21653354e+87   1.81686938e+88
   1.74953345e+87  -6.88120603e+87  -4.11315121e+89][  4.62327171e+87   3.47825553e+89   3.42170252e+87  -3.84253867e+88
  -9.52990632e+88   2.93763784e+88   8.75152791e+87   1.93010114e+88
  -3.82829475e+88   8.06201373e+87  -2.47877302e+86   5.48433861e+87
   2.71197074e+88   4.83490244e+87  -9.43903949e+87   7.84680955e+87
  -2.26825823e+87  -2.03686024e+86   5.44560912e+89   3.38658886e+88
   1.52112946e+88   5.11264765e+86  -1.50944559e+88  -2.90709895e+87
   1.73880609e+87   1.08191563e+90  -4.01012999e+89  -1.20305239e+87
  -5.74722552e+88   4.03226380e+89  -2.10180847e+86   1.33302724e+88
   1.93399081e+89  -4.15973392e+88   8.06855240e+88   6.75086741e+88
  -3.56066693e+85   1.01652521e+88  -1.74507294e+88   2.65341089e+86
  -9.04133139e+87  -3.17827928e+87   3.73942268e+88   1.03880236e+87
   3.00111527e+88   1.10061514e+88   3.14404895e+86   1.05231318e+88
   3.85255910e+88   4.38425618e+85   6.10022159e+89  -4.38389988e+86
   2.15533997e+88   7.38753433e+87  -7.97442666e+87][  2.62639160e+87  -7.35687392e+87   6.43223485e+88  -2.14917802e+88
   2.08962380e+89   2.54072297e+89   1.09055965e+88  -1.81284147e+88
   9.28460459e+86   7.31637058e+86  -3.94216154e+88  -2.28737296e+87
  -1.81974641e+85  -2.90919643e+88  -2.94211087e+88  -3.56135495e+88
   3.49084200e+89  -3.27870127e+87   1.46968679e+89  -3.89786400e+87
  -4.15167051e+84  -3.59943573e+88  -4.16948060e+88   2.61351798e+88
   1.12993660e+87  -5.51623159e+86   6.26372429e+89  -1.87100591e+88
   1.11265568e+90   4.85393763e+86  -1.40604197e+86  -1.76612873e+86
   1.63510804e+89   9.56091291e+87   3.23721586e+87  -2.37382083e+87
   9.60476266e+87  -1.35870539e+87   3.44775043e+88   6.99416874e+89
  -3.17099506e+88  -1.23359148e+89   3.11631337e+88   3.44711995e+87
  -5.95475476e+89   2.96305723e+87  -2.07879073e+88   5.08018968e+86
  -2.41356746e+86   1.94227738e+88   4.84097885e+89  -2.20439790e+88
   1.21900724e+86   3.69009880e+86  -8.51652099e+86][ -3.18282936e+87   2.08842621e+87  -9.02236307e+88   1.07944365e+90
  -4.50446907e+89  -1.80854385e+87   8.14792263e+87   9.60383094e+89
   9.50481810e+87  -1.80384272e+87   7.31171819e+89  -6.56840255e+87
  -1.34462808e+89  -1.16832832e+87   3.11387168e+88  -3.42138555e+88
   3.15999872e+87  -1.50121682e+87  -7.57889908e+87   2.47663678e+88
   1.17484095e+87   1.37859247e+88  -2.83832850e+88   3.54570821e+86
   4.71486066e+86   6.94150019e+87   1.74699206e+87   1.30368359e+87
   1.05454951e+86  -2.43885146e+88  -5.07933979e+89  -1.53551367e+88
  -8.62074305e+87   2.92815596e+88  -9.75593159e+87   1.53390371e+87
   5.47660615e+88  -2.46171286e+88  -1.06943662e+89   1.39869086e+86
   6.49468725e+89   6.78596887e+87   5.08177419e+89   3.39101330e+86
   9.26429825e+87  -3.83490311e+87   3.04485333e+88  -8.86852373e+88
   1.18199379e+89   7.53860022e+88   1.58781105e+88   1.46629740e+87
   2.43048193e+87   4.88108262e+86   2.68883497e+86][  9.73840208e+86  -1.27932577e+88   2.91849541e+88  -5.43675360e+87
  -8.28225321e+87  -1.24930592e+88   4.06002457e+88   9.19766396e+87
  -8.08443447e+89   2.53187357e+86   1.42423796e+89  -5.01340346e+86
   2.20033882e+84  -8.89292537e+88   1.99741443e+88  -1.06471492e+88
  -3.45773626e+88   9.70094576e+87  -1.97704396e+88   4.82391160e+88
  -5.58267884e+89  -7.55500359e+87  -3.36021000e+89   2.86718049e+88
  -5.14506232e+87  -1.52458915e+88   3.28258598e+86  -3.00774057e+88
   4.24127586e+87   1.19532320e+88  -2.47684605e+86  -7.74833838e+88
   2.09896016e+85   4.11408295e+88   5.08769458e+89  -2.54479450e+88
   1.93513905e+86   1.91758482e+88   1.16261674e+89   2.81242672e+85
  -4.83628291e+88   3.58335509e+87   1.26265685e+87   6.47990533e+87
   1.79038977e+88  -9.92711847e+86   2.37965776e+88   3.19092327e+88
  -2.38706399e+88   2.96471467e+87   4.24662227e+88  -2.22399417e+88
   2.33247324e+87  -5.91857149e+88  -3.40547986e+88][ -1.74326786e+87  -1.53903013e+87   1.87895266e+87  -6.39526114e+86
   6.05403457e+88   8.93674706e+86   1.06374574e+88  -2.22348822e+89
   1.62645221e+90   1.37360530e+90  -4.82212321e+89   7.53419700e+87
   5.17056019e+88   2.60110422e+87  -5.13173160e+86  -1.03992087e+88
  -6.24809942e+88   3.74381281e+87   2.05512772e+88   1.26446885e+87
  -3.44674629e+85  -3.76287372e+87  -8.92208102e+87   2.36535430e+87
  -2.17653542e+87   2.25542985e+88   1.22226931e+89   8.79129232e+87
   5.01964866e+88  -9.31278787e+87   1.60530624e+88   9.44673324e+87
   2.94158277e+87   2.74153161e+87   8.79355997e+87   8.10373673e+87
   4.13000101e+88  -2.88063999e+84  -1.60520786e+86  -7.56522241e+87
  -4.22882839e+87  -2.00745328e+87   6.57973223e+87   5.01853042e+89
  -2.47258368e+87  -1.24561118e+87   7.40708501e+83   2.62495119e+88
  -7.89481650e+86   6.33391224e+88   2.03946869e+88   9.70716328e+89
   2.58818762e+89   6.70059639e+87   8.31521960e+87][  7.62288114e+88   1.53607540e+90  -1.87016060e+88  -2.41221218e+87
  -3.98017038e+89   1.44894870e+90  -2.12729667e+87  -4.23738046e+88
   4.22927929e+88  -9.07938402e+86  -1.86314170e+88  -2.41115341e+88
   6.00987002e+86  -4.57144910e+88   5.08275055e+88  -1.49608522e+88
  -1.73479295e+88  -7.41264336e+89  -3.69137645e+87  -2.75289077e+90
   1.04752469e+89  -7.47996364e+86   1.45032904e+88   8.11585833e+86
  -5.34941041e+87  -1.62768027e+89   4.64519922e+87   5.22937869e+86
  -1.33976937e+86  -5.06990304e+88  -1.95847421e+88   2.79607775e+89
   1.47803787e+89  -1.35350955e+87   2.31713599e+87   2.41742441e+87
  -8.52143109e+86   1.17671962e+89  -1.40635726e+86   2.02244432e+87
  -7.61219219e+87  -3.60546703e+86  -2.25031808e+87   3.27938634e+88
   2.60951121e+87  -1.23371201e+87  -3.05446813e+87   4.66154324e+87
  -4.87368014e+88   2.96516164e+88  -2.77506160e+88  -1.62535382e+88
  -9.98639527e+88  -1.94452539e+87  -2.50618115e+89][  2.11258665e+87  -7.20805673e+89   1.98965251e+88   4.54731017e+89
   1.69299777e+88   1.07809296e+89  -1.04957000e+88   1.73989242e+87
  -1.21785901e+89   4.73865423e+87   1.59747952e+88   1.11650353e+87
  -1.34806171e+89   9.01193605e+88  -1.75232407e+86   1.12578909e+89
   1.83456228e+86  -3.38215991e+88  -1.82448959e+88   7.43592974e+86
  -8.09960996e+88   1.11205413e+87  -8.04761145e+86   1.07275212e+88
   2.30425154e+89   1.36897653e+88  -2.14748456e+88   5.85520411e+87
  -9.49625323e+86   3.22147230e+87  -7.55552883e+87  -1.42050353e+90
   1.45222675e+88   2.78206318e+88   2.10969126e+88   5.73095537e+88
   4.60033666e+85   9.16159583e+88   2.16919568e+88   1.54021301e+88
   1.84663279e+88   5.08153404e+87  -3.69289241e+87   7.83485433e+87
  -2.31210140e+88   1.08110597e+89  -2.57521004e+88   3.54281337e+87
   3.08554959e+88  -6.54563270e+86   4.11182991e+88  -2.16309723e+87
  -9.88331938e+88   5.67808626e+88   2.99444301e+87][ -1.93205185e+87  -1.31527576e+88  -2.13221649e+87  -1.44490089e+88
  -9.67261809e+86   1.33938877e+86   2.92355634e+85   1.02440351e+88
  -1.15544094e+87   3.36812561e+88  -2.09780091e+88  -7.28601206e+89
   2.40793905e+88  -3.76812832e+88   3.58301196e+87  -3.63766674e+88
  -1.48589706e+88  -2.10787458e+87   8.58732802e+88   2.14776205e+88
   7.43579671e+88  -2.56109108e+88   2.62669864e+89  -3.18174375e+86
  -1.13631682e+89  -8.56869039e+86   4.39696818e+87  -1.67088438e+86
   5.76704549e+89   1.22224086e+88   2.59875250e+87  -9.13948145e+86
  -1.20660070e+87   5.26768342e+88  -1.02095220e+87  -2.21708599e+87
  -4.83136003e+88   2.59892972e+87  -3.55779758e+87   6.38555474e+86
   1.03350616e+89   7.84514754e+89  -1.77239089e+88  -1.12612323e+88
  -5.29392306e+88  -9.46036085e+86   6.20779968e+88   2.35158264e+87
   2.10112446e+89   2.64520306e+86  -1.05850773e+88  -7.56600266e+87
  -6.99665613e+88  -4.03313120e+86  -9.07312826e+87][ -6.04933337e+87   2.20646962e+86   6.44285245e+88  -6.58432903e+89
   1.21359326e+89  -1.26557204e+89  -7.55092467e+88   1.06357641e+89
  -1.66884163e+88  -2.52355801e+88   5.83451276e+86  -5.38694488e+89
  -3.79277559e+88  -7.20260601e+86  -5.53264429e+87  -7.06819876e+86
   9.14391467e+88  -2.85404290e+88   1.14778918e+88   1.77531627e+88
   2.28252605e+86   4.15557836e+86   1.45965685e+90   1.77934340e+90
   5.71992851e+87  -2.11213847e+89  -6.52829023e+88   5.03390045e+87
  -1.51642433e+88   2.62239825e+88  -8.37176746e+87   5.37545034e+89
  -5.77183043e+87  -4.99134248e+86  -2.02275371e+88   3.31461574e+89
  -1.46622957e+87   2.75048179e+84  -5.17266967e+87   4.57509735e+88
   2.93006039e+88   1.79919769e+90  -2.62967888e+88   4.37873346e+87
   9.44447527e+86  -8.92529050e+87  -2.67319413e+87  -1.76835176e+88
  -1.52331629e+88   7.10385442e+88  -4.43929049e+89   1.05011892e+89
  -1.31910193e+88  -1.86054745e+88   2.22775115e+88][ -5.99847449e+87   1.22810217e+88   1.89595201e+90  -1.15547596e+88
   1.88051594e+88   1.18185744e+88   7.28221679e+87   4.24327256e+88
   3.65263028e+89   2.86102946e+87  -7.38604148e+87   3.31875607e+88
   2.63964695e+86   7.49178918e+87   2.18970783e+88  -1.28012392e+87
   4.78506378e+85  -2.85671425e+87  -1.04800574e+88   8.92371189e+87
   7.87855518e+88   3.03738916e+87  -5.37955074e+88  -2.77168511e+89
   2.23602528e+89   6.27540844e+86  -4.54081608e+87  -6.97287846e+85
   5.19698065e+88   1.85837244e+88   1.57909686e+88   2.68662956e+87
   1.12831825e+89   2.42742795e+89  -4.75388913e+88   6.39038610e+88
  -6.10907172e+85  -2.86461502e+86   5.28031422e+86   3.29011192e+88
  -2.26705692e+86   4.29130700e+88   3.44262017e+89   4.43210075e+88
   9.60592025e+86  -1.33529086e+87   2.01656473e+87   2.81760957e+88
   3.36009039e+86   4.75775911e+88  -1.40813635e+87   1.38804219e+86
   2.52997132e+89   8.36893921e+85  -5.19306439e+86][ -5.16677426e+88  -4.54127373e+86  -6.20119331e+86  -2.63980138e+87
   1.80814421e+86  -1.20105895e+88  -1.07904199e+85   1.52063200e+89
   3.35001711e+88   4.77213368e+88  -1.46728515e+87  -1.56038641e+87
   3.90901603e+88   1.29815613e+88   2.88320903e+88   4.69319503e+88
   9.61522606e+88   4.01368646e+88  -9.88056859e+87   1.39899036e+87
  -5.85260477e+87  -8.45122939e+87  -1.57874605e+87   1.83682362e+89
  -1.21369508e+88  -1.25650965e+87   1.54343278e+87   3.31341690e+88
  -8.27371766e+88   6.64307746e+86   1.55582517e+89   1.54885101e+87
   5.86321190e+88  -1.25293829e+88   3.93011365e+87  -9.06373805e+89
   3.02521430e+87  -1.39979543e+88  -3.97824837e+88   3.08587905e+87
  -8.89503463e+87  -2.17448856e+88  -1.72065821e+88  -3.16509708e+87
   5.09689311e+88   2.70995806e+88  -5.18040662e+89  -1.14931174e+87
  -1.56288917e+87  -3.14911115e+87   7.68086629e+87  -7.53344750e+87
   2.13669207e+88  -2.03230923e+87   2.34502158e+90][  3.42703668e+85   4.60423557e+85  -9.56003406e+87  -1.49850612e+87
   8.19343134e+86  -2.15130722e+90   3.06528625e+89  -3.47278997e+87
  -1.79898432e+89   2.33802157e+87   5.97709444e+86   1.07675937e+89
   2.91733227e+87   1.94953451e+88   9.47704332e+87   4.29172332e+87
   2.38199579e+89  -9.12821475e+88  -1.31622555e+89   2.14499372e+88
   1.27245356e+89   5.01394703e+86   7.66700176e+86   1.92372737e+86
  -2.00218019e+88   3.59567591e+86  -9.03872985e+87   4.62769062e+87
  -1.74030565e+88  -2.64198224e+85   1.10700489e+87   1.56173407e+89
   8.67394881e+88  -1.44230483e+87   2.33433949e+85   2.61503733e+89
  -2.15490408e+86  -1.96732305e+82  -7.45841948e+88  -2.82741928e+88
   1.50300564e+89  -1.44494833e+88   2.69154524e+88  -5.00362402e+88
  -8.25794150e+88   2.01873898e+88  -1.80776772e+88   6.58666716e+87
   4.82772999e+86   3.28316955e+86   1.65375907e+86   9.00787911e+87
   3.82252240e+88  -7.92019144e+88   3.53375731e+85][ -3.69468925e+88   4.91335952e+87   2.37073569e+87   5.18280090e+89
   2.43659184e+88  -1.47810646e+87  -5.78687945e+86   1.24248817e+88
  -2.43901387e+88  -2.18199234e+87  -3.11149320e+88  -7.88431837e+88
   1.48012507e+88  -5.70281586e+86  -2.36140330e+87  -6.33920412e+87
   1.12047916e+88   1.59675453e+87   9.06162072e+86   1.18004262e+88
  -1.71382332e+87  -9.07197110e+84  -3.40743624e+88  -6.31756784e+88
   1.04097439e+89   2.28282224e+87  -1.45494423e+89  -6.87534638e+87
  -3.40726314e+86  -1.07099364e+86  -3.71408009e+87  -1.64108701e+89
   3.86651165e+88  -5.08540727e+88   4.99514450e+88  -6.38988116e+88
   2.23417076e+89  -3.90716275e+89  -3.84157406e+87   6.26384544e+86
   7.95792449e+87  -6.00480046e+87   4.00532046e+88  -5.88803219e+86
   4.22562850e+88   4.73558296e+87   2.21853493e+86   2.28199117e+88
   6.73895355e+89   5.98053105e+88  -7.47320394e+88   1.85107105e+89
  -4.96025371e+87   1.36083222e+89  -1.10733390e+87][  2.25679441e+88   4.12020589e+87   4.85711380e+87  -1.25666681e+89
   2.44710708e+88   2.26437577e+87   3.69926780e+87   9.84214046e+87
  -1.03133222e+88   1.27812684e+89   2.63849972e+88   1.91886795e+86
  -1.31642801e+88  -2.38142454e+89  -5.01230609e+85   2.44374126e+89
   1.25699140e+88  -6.44488967e+87  -4.85901042e+86   1.33806852e+87
  -3.47470360e+87  -7.26722274e+86   5.00713983e+88   1.31729112e+89
   4.80009852e+87   1.86566142e+88   9.27772421e+87  -9.21993666e+88
   2.85528211e+89  -1.50626149e+88   4.82767223e+85  -4.12283066e+89
   1.24697442e+86   6.14987175e+86   2.50572421e+86   1.84378217e+87
   3.47472639e+89  -3.87062207e+88  -2.86334154e+88  -4.82625071e+88
  -5.74464106e+89   4.48110154e+86  -1.05072538e+89  -4.36421399e+87
   6.35495586e+87   9.21982035e+87  -5.01597785e+87   4.63733289e+87
  -7.50179751e+85   2.32833926e+86  -2.52310529e+89   4.93951896e+87
   4.00570157e+88  -4.08818229e+88   1.18774485e+88][  1.76578996e+88  -1.12575790e+88   2.10105359e+85  -3.72352677e+88
   4.94727568e+88   1.36473399e+87  -1.10299493e+87  -2.92166148e+86
  -5.23350207e+87   1.59117267e+85   8.72076719e+87   2.51154238e+88
  -7.83429837e+87   1.50875767e+87  -3.81604919e+88  -1.42840992e+88
  -1.16336657e+87  -1.07641538e+88  -1.72645547e+88  -9.58405501e+85
   5.82000123e+87   3.27929262e+88   9.52138306e+86  -6.54444555e+87
   1.93135861e+89   1.42097563e+87  -2.30635607e+86  -1.45788571e+88
   2.09623457e+88  -3.31230302e+87  -5.36023367e+87   6.83972364e+86
  -2.67515198e+88   4.03641491e+88  -6.68970406e+86  -4.19157652e+86
  -1.21749504e+88  -5.84132376e+88  -1.22395288e+88  -1.52402014e+87
  -8.51889626e+87   8.89504359e+87  -4.39742104e+88  -4.39424400e+88
  -4.16948133e+87  -8.78261897e+85   4.46162954e+87  -4.89277825e+84
  -2.51718618e+87  -8.24618695e+87  -2.21572734e+88  -2.67286525e+88
   1.57319346e+88  -1.09332016e+87  -7.44059450e+89][  4.38555455e+87  -2.25869140e+87   1.67663775e+88   1.20374859e+88
  -2.77160341e+88   2.78446636e+87   2.84792493e+89  -1.16246983e+88
  -4.43212368e+87   1.03466426e+89  -3.92140356e+89  -7.10442493e+86
   3.36154536e+87  -1.46512144e+88   2.22000358e+88   1.91515339e+88
  -5.96710029e+86  -4.49470741e+88   1.87758162e+88   7.82588732e+87
  -1.22392247e+86   1.75111309e+88  -7.96579795e+87   1.69088463e+88
  -2.29952686e+88   9.11889994e+88  -5.13251111e+88  -5.48156349e+86
   8.56286916e+86  -2.91206607e+88  -8.41846858e+87   3.31443863e+87
  -6.27313209e+87   6.50725075e+88  -7.34582853e+86   1.10002054e+89
   1.07020605e+88   3.71388767e+89   4.02169871e+87  -8.00667465e+87
  -2.31714799e+88  -5.92751233e+86   1.29706428e+89  -1.21913148e+87
   3.50369252e+88  -5.59286488e+88  -2.11649007e+87  -1.30644686e+89
   3.73958067e+86   2.08346166e+89   5.78183480e+86  -3.67369457e+87
  -1.58914143e+89  -1.84021143e+89   5.24541182e+87][ -1.96546651e+88   4.09141292e+87   5.82327617e+87  -1.35223487e+86
  -1.70529099e+88  -2.48953032e+89   4.50620467e+88   9.52016800e+86
   1.81688939e+87   6.33608247e+87   2.10138442e+88   1.14567537e+87
   1.14810699e+87   5.93075461e+85   7.92036939e+87  -1.44076957e+85
   1.76458472e+87  -6.69909934e+86   1.80784237e+90   8.95838909e+86
   4.04228568e+87  -2.76060637e+86  -1.65519686e+86  -4.16259346e+86
   5.18442904e+88  -7.52236718e+87  -1.00114206e+88  -1.06648425e+87
  -5.10931999e+87  -2.86979531e+88  -8.80577007e+88  -1.27053218e+90
  -7.25050660e+85  -3.50208742e+88   6.76441961e+87   1.49935739e+88
   1.30097995e+88   1.23381173e+88  -5.39244227e+87  -3.07537540e+87
  -1.09801474e+88  -2.68449754e+88  -9.70936167e+88  -5.50515972e+84
   9.93008777e+88   1.17568758e+87   6.60643752e+86  -1.37705605e+87
  -3.84810379e+87   1.29034892e+88  -2.01874821e+88   1.20127423e+88
   3.39716571e+87  -3.35572706e+87   9.12298088e+87]
 pesos capa salida
[ -6.78333210e+88   4.76080977e+88   2.17364167e+88  -1.75170759e+88
   5.20161078e+89  -5.27027181e+89  -1.42426004e+86  -8.90706236e+89
   2.40917135e+90  -3.33634550e+88  -1.99475070e+88   4.75996816e+90
   1.64817875e+86   2.56346659e+88   1.29132998e+89   1.04486373e+89
   5.77546960e+88   1.94297277e+88  -9.34842338e+89]
 biasCapaoculta
1
 biasCapaoSalida
1
 mejor error
171.99999978200023
 Precision 
0.7011294526498697