
 fecha de inicio Fri, 12 Jan 2018 10:02:51 
 fecha de la generacion Fri, 12 Jan 2018 16:01:26 
 generacion: 5669
 pesos capa oculta 1
[  6.03975503  -0.61261772  -1.83271697   2.87851889   0.44280185
   0.27800992  -5.03698961  -0.633682     1.16561384   5.2138871
   1.8066486    3.21437467   3.1231732   -1.73002275   2.16407247
   1.6779065   -2.57294244   1.12989976  -1.80525771  -0.09543816
   0.89591565   1.25389223  -0.48631501  -0.21502536   0.63344867
  -1.93600461  10.18028783   1.38175859  -2.73986572   9.33958846
   5.07482743   1.17122712  -1.25592137  -0.65237426  -0.54070901
   0.2225158   -3.47508069  -2.07501346  -1.26674832   1.06875427
   6.84942957  -1.06970868  -2.12058967   0.96473006   6.69285723
  -5.67847377  -5.01111502   4.08510458  -1.69034466  -2.32490326
  -2.21150387  -2.06504089   2.6749088   -0.5749457    1.34671252][  2.559651     0.47320035  -2.92957432   1.62186767  -2.25032816
   0.46240987  -4.13675985   3.66199857   0.10816699  -2.75056217
   3.47927497  -0.19994354   4.08254072   7.20703339  -2.85833151
   0.72418691  -2.26208255   1.81970239  -1.90825425  -1.7793157
   0.13370662   1.41715263  -0.98586072  -6.10267998   1.92897863
   1.02089712  -2.76186439  -1.01572313   2.35964636  -3.15658615
   0.5921797   11.29360527  -3.25831013   3.43670714  -2.20709982
   1.82980195   3.82477786  -1.67209761   0.30383937   5.41343098
  -0.26652604   2.05390979   1.1570522    6.35803718   3.00734278
   2.3621125   -0.17439165  -1.53513271   1.87532765  -0.51373441
  -3.46579036  -2.32171186   1.2041024   -2.79886167  -1.57744735][ 5.83405544  1.03480856 -3.10961496  1.40294635 -2.43718579  2.31151277
 -1.75981182 -1.061967   -1.93444154  1.11138811 -0.41271281 -5.48172687
  4.07542804  0.78838549 -2.86435261  0.08985703 -3.34910646  2.80945701
  1.21362058 -3.2157011   1.25887601  2.4020185  -0.73008124 -3.56791511
  2.30474669  1.62026318 -4.0201677  -2.80129664 -4.80768146 -1.51096998
 -5.34803839 -0.2047389   1.41809364  2.61193325 -2.73590925 -0.94551236
 -4.60910417 -2.60471359  0.21491977 -1.59629365  2.05233482 -0.70786867
  1.33254405  0.72750686 -0.57875889  3.20314945 -0.31189234 -1.8342217
  1.61042419 -3.25343743 -1.05408534  3.58310022 -2.60663776  6.20546176
 -1.30700884][ 3.26908892 -5.78760825  4.53398455  1.09668898 -4.3541162   1.954174
  1.56301178 -3.42258313  1.42738165  0.21640819  0.55523351  2.24548125
 -2.7662613  -0.04284052 -3.16399477  4.93277579  0.10131809  1.57024376
  5.66079891  3.57883681 -1.81864275  0.54591387  5.29145222 -3.7873661
 -1.68666445 -0.41631374 -0.99948744  0.4631258   0.18249106 -0.4831173
  3.45931089  0.6510914   0.02909717 -0.65701064  4.47133179  2.22515011
 -1.59743023 -0.70098629  1.91959136  0.63612529 -5.44231677  3.08413254
 -1.96812874 -1.58438926  1.43128596  6.21469069 -0.62270618 -2.76188105
  0.51889919  0.09591951 -0.83787597 -3.71958667  2.33924504  0.40709768
 -1.75385822][ -1.60283667e-01   1.72251872e+00  -1.89928458e+00  -3.08442980e+00
  -1.73878261e+00  -1.52772638e+00   5.70976608e+00   3.39587275e+00
  -1.04760723e+00   6.86434447e-01  -1.60564894e-02  -1.29486177e+00
   2.82715310e+00   5.94231747e+00  -1.52813701e+00   2.96185845e+00
  -2.94328601e+00   7.40934964e+00   2.60583931e-03  -3.56774616e+00
   3.84234606e+00   2.53369299e+00  -7.37043548e-01   6.02901140e-01
   1.16077500e+00   1.26249798e+00   1.10371414e-01   3.69656623e-01
   1.28839309e+00   1.91473884e-01  -4.78592258e-01  -3.72006830e+00
   1.36718258e+00   8.83397417e-01  -1.37242329e+00  -2.29877406e-02
  -1.89495131e+00  -2.38589457e+00  -3.35307542e+00   9.43905338e-01
   1.96702500e+00   3.77448828e+00  -2.36173623e+00   1.42068315e+00
   5.68396037e+00  -1.99347923e+00   1.09432833e+00  -4.49985319e+00
   1.69072938e+00   4.18675860e-01  -3.04799826e+00   2.80048464e+00
   7.43824508e+00  -1.01354632e+00  -6.70022285e-01][-0.35055312 -0.31247058  1.26333554 -8.12111934  0.48218732  1.10278136
 -5.04670113  1.15275557 -1.9508846   1.04470197  2.17454144  2.02175483
 -0.16345986 -2.06969232  2.46696108 -2.1308851  -3.32015048 -2.44489714
 -2.10984874  0.09675591 -2.77499441 -2.64869926 -4.84036372 -2.53595064
 -1.32819369 -1.59404755 -4.96964326 -1.82655655 -7.96946736  2.13143402
  1.82516211 -3.85839551  2.96113323  0.08300367  0.41891856 -1.04712694
 -5.83164797  1.79921749 -0.13681956 -2.66379252 -6.68630355  4.27495724
  5.75785133  2.86880481 -2.30913757  1.92780003  3.07021558  1.19309341
 -1.81565937  4.98784599  0.11661488  2.61084401  4.47299724 -1.14085485
 -2.24725569][-0.10010134  4.12068692  1.15464098 -3.41707336  1.82492665  4.53972173
  1.2160529  -2.90686727  0.4045325  -2.04666113 -7.3524432  -0.27714624
 -6.36127965  0.24208451  0.95832908 -0.88063333  1.65107659 -5.69112167
  1.24057673 -1.36346953  2.04698301  5.50242301 -0.59359869 -0.12845586
  1.08760907  0.2410075   1.21039776  1.07676863 -0.12508719  3.01872624
  1.82962558 -0.37496867  1.61180217 -3.12385913  0.3545831  -3.2329083
  2.37942418 -0.13165827  2.04009701 -3.14561659  3.08299158  0.96386894
 -1.18705052  1.05835383 -2.71005214  0.50963618  0.09240434 -1.41003048
 -2.94644492  0.34607953 -4.84501776  5.48861775 -1.61478015 -3.11234684
  4.83998553][-3.35517336  7.35962022  1.26514017 -2.34823846  2.88199823 -1.24978193
  2.23347713  6.51531333  3.46586466  4.18847875 -1.08862152  4.36546241
 -1.30178275  1.81994399 -0.47389623  0.58064413 -1.97369637  0.15549164
  3.55405284  2.87905096  1.06378573  0.82264488  2.23065516 -7.97084922
  2.90079973 -2.66090843  3.55272382  1.42430721 -1.01397598  2.98544042
  6.56850301  5.05382902  0.50191778  1.685601    0.08073734 -1.89239887
  0.86899066 -3.95061802 -1.46804575  4.23516469 -1.88584861  3.24423614
  4.019282   -1.98761545 -0.33421202  2.20917014 -0.48156417 -2.34407976
 -0.98253892 -4.40715856 -0.16378684  0.84548446 -2.21719329 -2.0645671
  1.34457419][-0.2744729   5.15482604 -8.62982397  1.16603587  0.18673001 -6.90015365
  5.11525654  5.06956632 -0.33831605 -0.94576719 -2.76822861 -1.18367315
 -2.50131982 -5.50099082 -1.55309743  3.69907306 -1.16789398 -3.16987317
  1.56183729 -0.5191609  -0.54961643 -3.42933163  2.33146134  0.91653368
  1.47876927 -2.7433152   5.94676686 -2.89096016  0.98179788  0.3771482
 -1.78363397  0.27707189 -2.06614851  5.3133934   0.52028059  2.0066835
 -3.66253604 -1.02114052 -0.11826067  2.51327363 -0.77422452 -4.34114639
 -0.47174332 -0.93280199 -2.13736462 -5.77318028 -2.44041618 -0.91786342
 -2.54701906 -2.53484894 -2.76101631 -1.16833862 -1.02656064 -1.4985829
  2.33071488][ 0.81627986  3.82013808  1.490121   -4.77880114  1.06089728 -2.63810557
 -3.56775193 -4.51826091 -3.54349405  3.3133918   4.20931365  1.53002313
 -2.51816444  1.12784829  2.59835636 -5.6347236  -0.28042419 -4.23563902
 -4.03261116  4.06505794  0.54807504  2.55582056 -0.2232838   1.35393839
 -2.1813692  -4.90951246  1.41561303  2.31448841 -0.12762632  0.52875601
 -4.1282611  -0.46071205  3.55766497  2.82919812  2.08771811 -1.64669769
  0.95348601  2.72517822  1.19187874  2.24067402  1.63896058 -1.43460251
 -3.29839    -1.37992641 -0.26784287 -1.68686346  4.72739161 -0.60883785
  1.91175601  0.49433439  1.47719309 -4.29062319  1.04597118 -1.79143382
 -3.25132461][-0.99529253  0.98239705  5.21965212 -0.36423559  2.7041904  -0.66813478
  7.94763164 -2.43065364 -0.01929361  4.4263864  -1.62319225  0.29817415
  0.02076176 -4.26639117  3.48861808  0.1172419   1.69836971  1.37676423
 -1.86750798  0.39463892 -6.78469536 -0.80748614 -1.40006625  0.45427784
  0.38645554  3.74759448  1.56469106  2.26702971  0.05897089  0.5129514
  2.44400526  2.49678061 -1.838022    3.70249054 -0.58426699  2.00487933
  3.2544075   0.51713384 -0.71652754 -2.38995597 -3.2475405  -3.16348879
  2.02213494 -0.82591245  0.53004006 -3.39088029 -4.052882   -6.40896895
  0.6163157   4.50455133 -0.41452376  3.08855024 -0.54212208  1.56081493
  2.68855531][-3.56433672 -6.88604997  0.95606168  2.12102653  0.92869423  4.56338212
  2.6373385   4.08002239 -1.51830068 -0.04550731  3.02109774  2.62328598
 -0.13980342 -5.96467892  2.88110145  6.45733997  3.59173091 -1.34008461
 -0.34998276  3.93791716  1.68718837 -1.98373983 -0.88002783  4.20268499
 -2.68479751  4.66573148 -4.21953571  0.21563301 -0.1755293  -0.79834974
  0.00989937  0.19783146 -0.78881197  1.45799769  3.88478486  0.28446892
  0.35733182 -1.60873161 -1.62264548  0.61008132  0.73066267  2.72403288
 -4.38881072 -0.4288322  -0.33999382 -1.92478876  1.19547866  2.45945189
 -1.93386518 -1.86214198 -0.05557953  1.8557954   0.48959419 -2.2613216
  0.59677223][ 3.50676748 -5.9068895   3.4222823  -2.21085565  3.9064127  -4.28278301
  1.06552222  8.83133006  6.52550765  7.89064679  0.93136541  3.03692823
 -1.62508837  3.09212155 -6.34864301 -4.07704502  2.29705738  0.94339727
 -1.19732244  6.66950933 -1.47228106 -0.27280095 -1.29567809  3.21297131
  0.33990283 -1.6504326   0.56542582  2.13450066 -1.03685986 -1.87884179
  3.05054237 -1.12986656 -0.42177834 -3.48659453 -2.33175148 -4.19726084
 -0.83610371 -0.85993995 -0.0772909   0.01042642  0.62987239  0.9491029
 -1.74116567 -0.60386322  1.72138975  0.42251689 -0.24774964  1.89693142
 -4.43490091  1.58925541  2.4915169   3.7272468   1.20250851 -0.96685955
  1.55442706][  1.29639869e+00  -1.97564471e+00  -3.80578941e+00  -5.51619751e+00
  -4.95705460e-01  -1.86532876e-01  -2.92577798e+00   1.75390961e-01
  -2.29445290e+00   1.57222384e+00  -1.71375104e+00   1.55917470e-01
   3.49005326e+00  -2.49814826e+00  -2.00391213e+00   7.94458988e-01
  -1.17363343e+00   2.05689256e+00  -2.26990946e+00   1.33708047e+00
   4.10000934e+00   1.06775779e+00   5.80409105e+00  -7.52898906e+00
  -4.57915973e+00   1.61670788e+00  -6.45073481e+00   2.96223157e+00
  -1.32227479e-01  -5.20129774e-01   2.84799176e+00   1.63188861e+00
  -3.43589950e+00  -3.15116148e+00   3.17597411e+00  -4.16314281e+00
   3.32528256e+00   1.52096344e+00  -2.92291633e+00  -5.12432297e+00
  -3.66513526e+00  -9.13128658e-01  -4.40202513e+00   7.62054895e+00
  -4.17363906e+00   9.24664149e+00  -2.94412382e+00   3.50885426e+00
  -1.71089171e+00   1.65959250e-01  -9.14938108e-03   2.40125760e+00
  -2.13856001e+00   2.82119493e+00  -1.35129451e+00][  0.97611114  -2.7879824   -1.46117068  -0.69182067   6.18307339
  -1.06210191  -3.57140719   4.69302429   1.6850919   -1.02665979
  -2.41953299   3.26529761  -5.11708076  -2.86510584  -4.70507097
   5.25955867   3.34936581  -1.66480965  -5.94956473   0.41134002
   1.2011488   -1.57835728   5.11253907  -4.99499155   6.18017833
  -0.45395219   3.14378577   1.30741501   2.65484655   1.56302389
   2.37414821  -0.10139895   0.13242224   4.71154597  -0.52811082
  -2.21855654   1.95094766   1.45522456   0.82964199   1.32708336
   0.71387327   6.18668175  -2.0022714   -0.5421028    0.9414597
  -1.78778962   0.76113013  -3.39477885  -0.2182767   -1.26338656
  -1.29346419   3.69109974   1.88074917  -1.50692516 -10.96646239][ 1.41281848  0.75183041  1.62967964 -1.21119091  4.30420554  4.94998448
 -3.0827285  -3.35536571  9.04765818  4.06120923 -2.92076855 -0.59784308
  0.62279189  1.0318633  -1.73243622  4.52793891  3.58790571  5.50241531
 -2.31387537  4.35092369 -0.827044   -4.16966     1.40676361 -2.83516832
  0.28482713 -0.84914382 -0.60116019  0.29706109 -0.27907683  0.03694212
  0.49507014  0.52832645 -6.02758372 -7.05892589  0.85381635  0.90332782
 -1.16141012 -1.96116349 -0.37256833 -0.16074482 -0.02408185 -4.18539239
 -2.87080772  0.29083322 -6.39013137  1.34819126  4.7688888  -0.59400866
  1.90390303  0.33993975  2.83334864 -6.03397267  0.59485668  5.20709816
 -1.26578395][-0.56190222  1.90610088 -3.7257845  -8.5120514   1.0848046   1.22638242
  2.53468884 -2.97949201  5.27143129 -3.17313275 -3.47174523  2.9354224
 -0.9853027  -1.72475329 -3.62159116 -1.3883601   4.53514637 -5.29499194
  0.88716394 -2.31728007  4.62547042 -0.96871665 -2.18951406 -4.04531528
 -2.51678056 -1.25030057 -4.25321847  1.55679534 -1.10732716  2.63697157
  4.03043906  4.047347   -6.5254308   0.95800875  0.17372464 -2.05732338
  1.7748885  -2.27562518  1.19909902 -3.64368106 -2.52173318 -5.02224235
 -0.2969477   0.06298856 -1.28596646 -3.252373    0.76963088  2.03249468
  0.34045365  1.03489992 -2.12936606 -0.28227012  3.63452813 -0.99619239
 -0.59605783][ 0.5341384   0.49614664 -1.02389858 -3.29332281 -7.37781684 -4.02448048
 -3.20968069  3.99606438 -3.83985943 -5.87195046 -6.91090148  1.9129129
  2.20010735 -2.63014788  2.33070634  2.78589532 -1.39957545  3.37521661
  1.4361893  -3.14519015  1.99521414 -0.71826352  4.20708257 -0.39470523
  8.57929836 -0.72702127  3.76318602  1.27163005 -3.16497065  2.61956888
 -4.59863131  6.33868034  1.4029108  -0.52026947 -1.81562495 -2.45579794
 -3.72507595 -2.68231443 -0.70054649 -1.77650052  3.06415084  0.31906709
  0.2813723  -2.65784182 -1.97659003 -2.47076663 -2.58095077  1.66132339
  4.32013118 -1.95375621 -0.81738323  4.19779649 -2.00772413  0.96770436
  3.38352026][-0.31176824 -3.13275237  1.63497536  5.02170546  0.28131475  0.73842144
  4.03388552 -2.42478466 -0.24755014 -3.46777519 -4.02997555 -1.2643202
 -1.24523725  0.4026712   0.71574611 -2.80543293  1.5231281  -0.84161328
  2.68162455  4.66014892  4.03674468  2.03346244 -1.93367956 -1.09256999
 -0.36691332 -1.58763236 -2.09350141  0.12037769  2.74568689 -0.56043754
 -1.17157028 -0.65385164  5.19444883 -2.82808261  0.67755051  1.57154019
  2.26901826 -3.01193818 -1.94700157  0.19689518 -0.85927781  4.25286739
  3.72416731 -2.929087   -0.97956597 -0.52229651 -0.45989687 -2.50001187
 -1.70325833  1.01978069  1.79840335 -1.61394546 -8.36139262 -0.68490524
 -2.81430633]
 pesos capa salida
[ 0.65436628 -0.07509327 -0.53616707 -0.54703064  1.30073553  1.02875354
 -0.19011163 -0.29973841 -1.09055933 -0.07342966  2.19162464  1.51833602
  2.60825684 -0.05834111  0.38574817  0.10642769 -0.90869655 -1.00464063
 -0.38769194]
 biasCapaoculta
1
 biasCapaoSalida
1
 mejor error
96.7010689824146
 Precision 
0.7636837532580365