
 fecha de inicio Sat, 13 Jan 2018 10:03:07 
 fecha de la generacion Sat, 13 Jan 2018 15:24:23 
 generacion: 5795
 pesos capa oculta 1
[  0.67303464  -6.16673564   3.08946375  -1.87202934   0.3098295
  -5.15581692  -0.55688497  11.17043095  -0.35143186   4.3779079
   0.77737359  -0.84553358   1.95805555  -1.83124823  -3.0635135
   4.45990744   3.59709638  -3.90702707  -4.25319596   3.24491961
  -1.0236683   -6.03871352  -3.5755501    5.50719492   3.86213017
   5.37885061   2.17024244   7.1998869   -3.61614686   0.69697197
   0.72641928  -0.65999859   1.5253516   -4.0712481    0.73609434
   1.51261909  -1.85862969   3.50174444   0.794442    -2.93020305
   3.31176215   0.84647616  -0.26374269  -1.30285862   7.21293039
   1.31783327  -2.81126217   2.65572487  -4.46669976  -5.50142951
   7.19847136   2.03544261  -8.3936176   -1.39886981  -3.69991202][ 1.32628174 -2.49408098 -8.66441725 -1.74785255  1.00381267  2.63604132
  3.35286821  3.08655576 -1.57696062 -1.81294378 -0.36178504  0.03067771
 -3.42257404  0.56075246  0.86285037  4.29514068 -9.084024   -0.46431824
 -8.97324369  0.2473244   3.22010992 -3.37222479  0.93429174 -2.20573985
 -6.0316796  -3.27398715  3.30340723 -2.01681059 -5.00708908  0.26117554
 -9.69931274 -0.29927718  1.42779409  2.27897223  1.23871593  3.06241087
  1.5078182  -4.06258674  0.21001461  1.94558457  1.48617701 -0.01669108
 -7.08005661 -2.63291953 -5.81523768 -1.81933463 -0.10609482 -7.50893216
 -2.14580862 -4.67076332  2.53448171 -0.51410518  4.01635242  5.49352023
 -9.80779359][  9.56254502  -0.55450289   4.10732097  -0.78035197   3.11841691
  -4.24207015  -4.68625155  -0.62395728   5.03561446   3.81598708
   6.62779715   1.21589479  -0.28200633   4.00900658   5.43823238
  -3.4611559   -0.75606722  -0.38473049   3.6021301   -0.92139096
  -0.24198052  -6.49807069  -1.13828289   0.2097208    4.52301781
   6.74391489   0.99278405  -3.82763975  -1.85520305  -5.43571526
  -1.67256485 -16.35323763   0.95181302   2.89791248   8.39605327
   3.00130446  -1.20911654  -1.69145419  -2.92138428   5.35756691
   1.51374803  -2.7794843    2.91161916   4.8057278    1.69031642
  -1.54198926   0.15888375  -3.20106795   0.6648505   10.29431727
   1.49851042   5.07034503  -3.9923656    4.53746275  -4.48226583][ 8.96384776  5.23193783 -1.29917866  0.8177212   0.35643415  4.71793686
 -0.3877474   1.83724747  2.20197858  1.3616753   1.70930934 -9.17172872
  2.20972424 -2.40421343 -3.05481511 -2.31903671 -2.78575368 -1.67336456
 -5.32418693  0.65129001 -1.03860551  5.9294306  -2.01489096 -7.84080318
  1.34618204 -0.6399548   1.63037986 -6.82436453  2.13656005  4.58656893
  0.90257985 -4.55751715  2.32185908  1.1671346   3.86147594  4.8852404
  8.27645195 -1.02081202 -5.14750349  2.04617351 -7.11692433  3.9953457
 -1.97394192 -0.62569833 -2.64573889  0.98416323 -2.99227417 -0.47359415
  5.05172521 -3.06919029  1.70452616 -1.45428842 -3.69795951  3.64422009
 -1.0019413 ][-4.73175337  2.2639403  -8.57641757  0.64624659 -0.22852437 -1.06978483
  0.94559774 -2.00678066 -1.77219525 -5.12341038 -6.12141867 -2.54118897
 -1.31275016  4.12300094 -1.01517711  0.27630634  7.53998989 -0.73844573
  2.11834703 -1.70966986 -1.61832455 -2.84539264 -3.20870266 -1.8364036
  1.76358097 -0.4391762   1.16893559 -4.80310522 -0.10584483 -3.11546951
 -1.71894878 -0.74188516 -0.54999435  8.40035829 -0.96867775  1.47477831
  6.7678332  -4.2514948   0.50883829  2.82241727 -3.96095112 -0.51737437
 -1.59531388  0.87809905 -2.71681589  6.50682473  2.13178424  0.83977401
 -1.00787344 -5.17667338  0.63573296 -4.52459478 -3.58077392 -5.51223793
 -1.1109487 ][ -0.93528232   6.52476337   2.4779865    2.24362617   3.95216147
  -3.85654866  -3.17842343  -0.87839947  -4.68396732  -3.50152055
   1.41887094  -0.96563561   0.73105211  -0.41631274   0.43941009
  -0.56059917   5.35294478  -2.44523586  -3.35337325  -2.18442897
  -0.42412296  -3.27513376   2.05381469  -2.04990535  11.6230366
  -1.26196622   3.20882482   2.89228084  -3.75558794  -4.69455818
  -2.51507434   4.80216831   6.21173459  -2.12045945   1.63733266
   0.52895773   3.16783878   1.39351132  -2.39495328   0.89889119
  -0.80682859  -0.46052321   2.98191364  -3.98705617   2.45951492
   7.36928927   4.48720391  11.13100776   3.19204602   1.84413236
   2.05013026   1.1478417   -8.04891502   0.5013375   -5.31324571][ -0.66368603   0.61974001   1.61107277 -11.81622612  -8.57799885
  -4.26834519   6.81533621  -3.94447046   0.91624172  -2.82590058
  -2.23365766   2.88026287  -0.51579265   6.23969382  -1.65973018
  -2.73024578  -0.30256692  -0.20126804   5.16688657   1.35846001
   2.98780739  -0.31308238   2.89752801  -0.01822286   0.36408059
  10.07578772   3.50093228   4.29652107   4.23856967   0.04955074
   1.00876847   3.36095942   4.93941447   4.40123435  -0.11239795
  -1.20121744  -7.40182084  -3.47475407  -3.37024911   2.7529028
   2.44770465  -3.86085798   1.77452139   1.86406798  -7.41192669
  -0.96826178  -0.37556366   0.69037985   2.67865386   3.5972637
  -1.39377605  -2.59588357   0.31079422   0.12151118  -4.15300594][  0.14842512   2.45940447  -0.84049304   4.10176953   2.57084831
   0.37558584   2.14265081  -9.47610154   1.36386229   2.10358197
  -1.17496003  -1.57220819   0.19233073   0.47789076   0.47335609
   1.13046668  -2.12690459  -1.64563856   1.89114254  -2.23954366
  -0.95857599   1.12608359  -5.79402797   4.45487135  -5.82655553
   4.80900389  10.359493     1.24406133   2.33847137   0.82156418
   3.72614395   1.0081903    2.35183643  -3.74813334  -2.68246343
   3.7531489   -1.11661945   7.42357252  -0.04709637  -5.48383037
   1.94940505  -0.76854265   0.74670982  -1.72498877   0.67276812
  -5.73154103  -0.64055174   1.73524986  -1.17159532   7.37407223
   0.6045794    1.57472189   6.10247915   3.57476083   1.22828235][ -1.06922892  -1.23072351   1.95675416   0.31182124   0.45081506
   2.9877365   -1.0378097  -10.14087272   2.22035655   3.02928988
  -1.05367952   1.36028137  -2.69338123   1.15623406   9.26627577
   0.34266411   2.01929866  -5.45860043  -2.95562935   1.24788738
   0.97954129  -1.13738848  -4.09624478   4.56567238   4.92240589
  -2.86492739  -3.80570894  -4.0229986   -3.3197539    2.03340416
   4.41057751  -2.62706118 -10.52203375   0.21019356  -2.57082851
  -1.25586944  -2.07085331   3.12279528   2.39487633  -0.16931986
   1.86730278   3.30556436  -2.90498676  -2.61124053  -1.92984668
  -1.54951253  -3.18491911  -0.68488304   1.9875463    2.05652172
   4.74232661   0.42594248   2.58933201   0.85823267  -3.62800145][  1.51670337  -6.80385977   0.06301747  -2.27895821  -3.17722452
  -6.18257284  -0.31626401  -3.09778003   1.2774821   -6.00895775
  -1.79206361  -2.87637497  -8.85880478   5.33317177   9.54507483
   0.62006595   6.9581434   -3.68723663  -6.53805306  -2.05759254
  -4.00985185   8.02368662  -3.59969029   1.64705465  -1.00329447
  -0.83700792   5.3656559    6.7373868   -3.30927839   2.95292784
  -4.08612747  -5.96656865   0.08212511   3.4427643    1.53268993
   0.9985392    2.15830515  -1.29522591  -0.18480496   3.06479121
  -0.1001623    1.29490941   2.68288695   0.82863511  -6.25487262
  -5.35187118  -4.32985755  -1.34313117   3.63766642  -0.04097902
  -3.40487689   0.32491855  11.86393757  -2.47253419   1.8497187 ][ -4.48244934e+00  -7.97001572e+00   2.66067081e+00   1.94837626e+00
   1.84270463e+00  -6.96015545e-01  -1.20696212e+00   1.14128202e+00
   1.85905989e+00   1.07221550e+00   7.49587555e+00  -2.43654811e+00
  -3.19729547e+00  -3.86102620e+00   1.85721851e+00   2.17092529e+00
   4.31729185e+00  -4.74556596e+00  -7.20937461e+00  -3.43312958e+00
   9.84540542e+00  -5.22788485e+00   1.35072352e+00  -1.25700859e+00
  -7.92953973e+00   7.45792154e+00   9.30210577e-03   2.37200461e+00
   6.26426329e-01  -2.85179622e+00   3.60561069e+00  -2.64017044e+00
  -1.64759369e+00  -3.25023034e+00   5.52129844e-01   3.22684457e+00
  -5.65950598e+00  -2.25016883e+00  -3.40580498e+00  -5.79760519e+00
  -6.18256586e-02  -7.58696623e-01  -2.49760218e+00  -1.33902853e-01
  -4.01666757e+00   5.40326145e+00   3.04598872e+00  -2.47535063e+00
  -2.05083573e+00  -7.60739357e-01   1.21924200e-01  -2.15557114e+00
   1.27365193e+00   2.39989228e+00   1.37259952e+00][ -4.81221933   0.41618234   0.81694361  -1.26521028  -0.05676698
   2.12514255   2.93964351  -0.97648099   1.50785649   0.13745496
  10.79583354  -0.17591133  -6.73591274   0.14587601   4.59900565
   2.73738327   0.40269295   0.80227928  -1.10241131   3.32902784
  -6.1944322   -4.19686281   0.40098463   1.76437982  -4.60806868
   5.16797165   0.55568534   1.41947195  11.02291247  -3.04186889
  -0.0805916   -9.30813404  12.91679149  10.624937     2.69229627
   1.12943112  -4.10160408   7.31261419  -5.03721942  -3.66939034
   6.24039112   0.04144646   3.56278352   2.88110548   1.80216703
  -1.26799064   2.82746354   1.73008673  -1.6159462   -3.35150431
   0.23204607   2.93293509   0.36204959  -8.50021306   5.14855071][-6.16009491 -3.1833413  -4.73299185 -3.73436914 -2.68444982 -1.28142552
 -7.93930165  3.21880762  1.54135045 -6.92232314 -1.14076055 -0.5325306
 -0.3513551   0.53350912  4.65377316  6.76371714 -2.58992862 -2.67160296
  5.25487709 -5.01508673 -4.85118714 -4.40768985  3.92324554 -1.02262171
 -4.97790536  4.7291264  -3.51418717  2.56981836 -6.85843683 -5.09823848
  2.28000843 -4.9238678   0.85933816 -2.14190776  1.3052026  -0.88819168
 -6.33589257 -4.63439021 -6.03652499 -1.74585066  1.30255942 -2.89038874
 -2.23166216  2.84313334 -0.51182239  4.29731793 -0.51916079 -1.67664156
 -0.1896888   7.43258493 -0.29746637 -4.00875188 -9.77577309 -0.15597898
 -5.48307161][  3.38781595e+00  -1.02634497e+01   1.28965411e+00   3.12597820e+00
  -2.87195154e-03   4.17945042e+00   1.42835076e+00   5.19671356e-01
  -6.75634676e-01   2.81585534e+00  -3.58485865e-01   6.18256668e-01
   1.49516617e+00   3.00961368e+00  -8.49184783e-01  -1.27833071e+00
  -7.98739739e-01  -2.51677557e+00  -4.08176216e+00  -2.35545494e+00
   1.96094205e+00   2.53938786e+00   2.93877568e+00  -2.73206588e+00
  -6.16437380e+00  -4.63448498e+00   2.50127239e+00   1.67201667e-01
   3.35723191e+00   1.13506264e+00  -2.75554996e+00  -1.82035010e+00
   3.21228201e+00   1.43510987e+01   7.43978731e-01   4.60248941e+00
  -8.90313755e+00   5.13264346e+00   9.93399342e-01  -2.02263088e+00
   1.84065380e+00  -6.37462045e-01  -5.00781244e+00   1.37140674e+00
  -2.32949266e-01  -2.99902873e+00   1.42294010e+00  -4.76373472e+00
  -3.54640906e+00   6.47775149e-01   4.00352314e-01   1.21355711e+00
   3.65940668e+00   6.14791459e+00  -8.29309236e-01][ -2.33947905  -1.12582356  10.68593011  -0.41056595   1.21587699
  -3.47784234   4.61737182   0.23847782  -2.74565112  -2.84716127
   6.31562653  -5.17773613   2.52083948  -1.87708012  -8.19178728
   3.6526237    9.1492708   -3.36489841  -5.28645983  -0.50536801
   1.15437491   4.78517371   0.02215095   6.68033569  -0.29702687
  -7.79506336   1.89768378   2.03835067   5.99414973  -2.62679715
   0.29346985   4.30225228   0.55099575  -1.39551499   5.25512922
  -0.41079055  -3.32491306  -4.5193232   -8.58590548  -3.58821937
   0.51553935   4.97825059  -2.07957385  -3.68402886  -7.27966713
 -11.73152178  -2.9708844   -0.39919768   0.38065538   1.58692089
   1.41256812   6.7095402    0.43267353   1.64093773   0.63433664][ -3.97172403  -2.58928229  -2.01375784  -0.05661902  -1.50920021
  -0.15598456   2.86939476  -1.0549207    3.79791189  -9.05523785
  -0.16480278  -0.55270438  -7.38833278  -0.84250061   2.42919434
  -1.26496698   3.51374002   4.53785466   4.3329299   -1.56322623
  -1.99256481  -2.90836045   1.9530987   -0.40142017   1.88643258
  -7.98564682  -4.83837831   0.72970113  -3.10235993  -0.22122903
  -5.53287024  -6.12284146  -1.80704448  -1.92878018   8.31302313
  -7.90608796   8.78431839   2.56321835  -2.70581198  -2.82263554
   0.64550392   0.23091115   4.14407047  10.92803511   5.30169334
  -0.86105982   2.81373288  -1.70930828  -2.75378179   2.63845095
   2.16244177  -1.31539592  -2.0778752    0.9210744   -4.38052472][  7.40139503e-01  -2.15611712e+00   5.19866632e+00  -1.30292432e+00
   6.28505474e+00  -3.20057581e+00   2.91000441e+00   4.30178019e+00
  -1.19480445e+00  -5.82036541e-02  -8.32916041e-01   1.45077811e+00
   4.30353792e+00   2.62388876e+00  -1.00423392e-01   6.46775831e+00
  -1.17625352e+00   5.41132311e+00  -2.71273607e+00   1.87077745e-01
  -7.78361641e-01   1.13449533e+00  -9.48136822e-01   1.05696468e+00
  -1.06263069e+00  -1.57198519e+00  -8.86406667e-01   2.55421337e-01
   5.04880184e+00  -5.27942840e+00  -1.51457896e+00   1.73134624e+00
  -8.94348685e-01  -5.87623077e+00  -3.96966041e+00  -1.77185928e+00
   4.40253634e+00  -2.36269734e+00  -2.11661002e+00   1.02428537e+00
  -3.83190351e+00  -9.42934931e-01  -2.75641932e+00  -3.44099220e+00
   5.41467987e-01   1.38048530e-01  -5.94737782e+00  -3.56373445e+00
   6.22860218e+00   3.79069631e-03   7.93469737e-01  -3.19550178e+00
  -4.01573602e+00   1.54438753e+00  -3.59255481e+00][-0.261301   -6.06458349 -6.1134057  -1.34282802 -3.67484057 -1.81263107
 -0.78728722  2.28531442  6.96439077  1.30278091 -4.55742274 -5.11292705
 -0.49632088  0.86598075 -1.60816223 -2.95372893 -1.71645104  9.34651369
 -2.62607646  0.92665906  1.78646803 -3.15965007 -1.15727513  2.17845472
  3.14252015  0.46986407  1.52791236 -1.49494214 -0.10369765 -0.7408634
  2.4102321   8.22575583 -7.27863577  1.11810563  1.62635542  1.02431687
 -4.65293839 -6.50273469 -1.762609   -2.72238442  1.23148415 -2.22858213
  1.90759305  2.24773345 -1.05041358 -0.66328802 -5.43745867  3.03568828
  1.35172462  2.84583158 -1.37958612 -1.32717632  0.95071486 -4.00782867
 -1.46425055][-0.75925748  3.74378673 -7.99541802  0.42320778 -0.95530112 -1.29106426
 -1.48591539 -2.27895915 -4.6793431  -5.72470276  0.53162908 -5.23442507
  1.14295496 -1.77492673  3.70205568 -1.68003155  2.71255204 -1.15399351
  4.95373991  4.98814121  3.19698618 -5.90390235  4.74932284  1.52727972
  2.98122581 -2.17244406  1.16300169 -6.07421119 -3.52402442  4.36079527
 -1.66070902  8.71679428 -1.10277748  4.82650705 -3.2111473   8.84543642
 -3.51419312 -4.09021481 -4.20134629 -6.42070074  1.64003785  4.68382469
 -0.94683342 -1.33019241 -6.34152149 -1.80379275  3.68610279 -2.74064285
 -1.2311222   6.7142975  -7.35889708 -7.37309459  2.41661031  5.38488678
 -2.77755393]
 pesos capa salida
[ 2.58373687 -1.28086406  1.60920918  0.95700063 -0.3671146   0.01602594
 -0.59255     0.08394612  1.86564377  0.51505983  0.69203669  0.38421564
 -1.9427931   0.40330136 -0.15780418  0.88195384  0.42995736 -0.67196637
 -1.43908904]
 biasCapaoculta
1
 biasCapaoSalida
1
 mejor error
109.9983267515557
 Precision 
0.7211120764552563