
 fecha de inicio Mon, 15 Jan 2018 21:55:30 
 fecha de la generacion Tue, 16 Jan 2018 03:25:31 
 generacion: 2583
 pesos capa oculta 1
[ -1.12123885e+101  -2.31605914e+099  -3.25669268e+099   3.98332075e+100
   9.91173070e+101  -3.15972327e+100  -8.71496185e+099   1.09956792e+101
  -2.81776015e+099   4.27058125e+098  -4.21646932e+098   1.54821191e+098
  -3.30384467e+098  -2.56038915e+100   8.87306084e+097  -5.42232348e+100
  -9.87778898e+099   2.46361543e+100  -3.31869372e+100   9.42909191e+101
   6.55659015e+100  -1.62299207e+100  -7.74081415e+100  -9.16314962e+098
  -5.61635186e+099  -8.83393928e+100   2.50850519e+099  -1.50260263e+100
  -4.09710117e+098   1.98885745e+099   8.45291003e+099  -1.27484484e+099
   7.59289964e+099  -1.46460689e+100   6.22617563e+100  -7.58430445e+099
   4.13020941e+100   4.20521918e+097  -3.61035288e+100  -5.30479459e+099
   9.06261437e+099  -4.74949995e+098  -7.69972837e+100   6.63218017e+099
  -7.71072497e+099   3.68078026e+098  -4.03918064e+100  -1.18022985e+101
  -6.25396176e+099  -4.40020851e+100   1.52894810e+099  -2.01864403e+096
   4.62811357e+100  -7.04333511e+098  -1.01501589e+101][  8.52728570e+097   5.29830325e+100   5.82453088e+100  -1.13966926e+099
   3.75889549e+100  -1.40111794e+100  -1.50627702e+100   4.21208107e+099
  -2.20850638e+101   3.38950037e+097   8.67899176e+099   1.54453152e+101
  -4.50603791e+097   4.21528201e+099   1.65274673e+100   1.16829354e+100
  -1.18537831e+100  -8.02319524e+098  -1.51368914e+100   1.43333248e+101
  -1.69919732e+100  -1.34420879e+099   1.16047712e+100   1.62428414e+099
   4.09393087e+098   6.27215380e+099  -2.89948002e+099   1.11608069e+100
   7.53722477e+099   1.86749865e+099  -4.27178366e+100  -2.79857647e+099
  -4.15295382e+099  -4.41590201e+099  -1.81411898e+100   6.09103866e+099
   8.15509624e+099   8.92038091e+099  -5.03236317e+099   2.20500955e+101
   3.94311008e+099  -4.30325705e+097   1.27360477e+098   4.84577257e+099
   1.49438650e+100  -1.27358560e+100   1.50094577e+100   1.15364638e+100
   1.55807426e+100  -1.41199933e+102  -5.95693347e+098  -1.60468579e+100
   9.08052053e+098   2.98955643e+098  -1.68153403e+098][  1.13280608e+100  -3.60530699e+100   5.00675343e+100  -6.30415845e+099
  -3.23766051e+099   3.90745790e+099   4.11099921e+099  -1.75832563e+100
  -8.91151698e+100   7.48653717e+100   5.64225237e+099  -2.56803606e+101
  -2.11817326e+100  -1.60143939e+099  -8.96079167e+099   2.21302881e+099
   3.45044689e+100   2.55827167e+100  -1.92358492e+100   1.82365042e+101
  -2.04357507e+099   9.40334312e+100  -4.24291932e+099   8.01787391e+100
  -8.03032677e+097   1.38035995e+100   2.48004834e+098   2.45518006e+100
  -2.30911716e+099  -6.43637740e+098   5.80154069e+100  -1.04843407e+099
  -8.67989780e+099   7.53748838e+100   3.15363412e+100   2.05193335e+099
  -3.51181468e+100  -4.91708357e+098   6.44035317e+097   1.94150508e+101
  -1.15991704e+098  -3.15024825e+099  -1.06571191e+100  -1.20135791e+101
   4.15758337e+100   5.17574717e+100   6.69286975e+099  -9.65191945e+100
   2.85820783e+099   2.59017679e+099  -1.55730241e+101   1.56931573e+101
   6.21253193e+097   1.91515836e+100  -6.15775849e+100][ -2.12422281e+099   2.92921164e+100  -6.51708979e+101  -1.58139926e+098
   1.21368987e+100   1.27950008e+100  -1.82384551e+100  -2.76453572e+098
  -2.86727688e+101   1.22450984e+100  -1.73288467e+100  -8.09752291e+099
  -5.70336715e+098   1.48261941e+097   2.52319670e+101  -7.52588517e+100
   5.99915191e+098  -8.97695823e+098  -5.74425399e+100   2.26758182e+099
   1.29756769e+101   1.49124539e+099   1.25474332e+100   1.97532629e+098
  -2.25286577e+100   1.58415300e+100   1.00268712e+101  -1.06329099e+102
  -2.88923562e+099  -2.74507833e+100   3.92560230e+100  -2.85059685e+099
  -2.79828125e+099  -5.38248951e+097  -4.48890823e+100   2.76766516e+100
   2.02234695e+100  -1.45416312e+099  -3.67699111e+100   2.46128196e+100
   4.28379461e+101   5.49143491e+100  -1.26790667e+098  -3.70354695e+098
   4.52366081e+099  -2.42973243e+100   1.19710797e+101  -8.89399552e+098
   6.85028649e+101   6.71176687e+100  -2.68159180e+098  -4.97048070e+099
   3.33607673e+098   7.51155774e+100   3.24129724e+099][ -7.26183524e+099  -1.10158426e+101   1.74233194e+102   2.12984254e+100
   3.12212763e+098   9.99950941e+100  -6.04547520e+098  -1.58009227e+098
  -5.72388429e+099   2.94524305e+099  -7.39835851e+100   5.73509986e+100
   1.48840963e+098   8.73920702e+100   2.78505675e+099   1.95637094e+098
  -8.99662954e+095   7.68580587e+099  -2.06819575e+100   2.37603640e+098
   5.64461693e+099   1.16010731e+100   5.39896706e+099  -5.60690201e+099
   2.14109746e+100  -1.97242658e+101   9.88465302e+094   1.75447873e+099
   6.85302943e+098   5.25063283e+100  -9.46830697e+100  -1.09198743e+100
   4.83695718e+100  -1.69804211e+100  -9.38533935e+100   5.12340606e+100
  -1.89739364e+099   2.59859877e+100   4.38695238e+099  -2.73920685e+099
   4.82788915e+097   5.78660015e+099   4.62609830e+098   1.64231733e+099
   1.01950431e+102   7.56099447e+097   1.93326613e+099  -1.98150659e+100
   5.75796660e+099  -2.09041969e+100   2.03400201e+101   4.05703028e+098
  -7.65196422e+099   2.05466526e+100   4.64907699e+100][  8.78126817e+099   1.93035032e+100  -4.19942668e+100  -3.21668490e+101
  -8.49806254e+098  -1.28189395e+101  -3.23539505e+097  -2.06412685e+100
   3.15534154e+099  -6.51173863e+100  -5.60966361e+100   8.47572769e+096
  -1.04989947e+100  -4.26606274e+101  -3.46985891e+100   9.51025935e+099
  -6.81752833e+101  -1.15567495e+101   2.44765425e+100  -1.00153936e+100
  -2.49623846e+099  -2.86740907e+100   5.16643906e+101  -3.86596602e+100
  -1.28282698e+099  -8.84086271e+100  -1.09669776e+100  -5.79693492e+099
  -5.59015341e+098  -1.78022001e+101  -6.88879143e+098  -1.83623339e+097
   2.87417148e+100   6.79227426e+099  -6.33587191e+100  -1.48874896e+100
   6.32241555e+100   1.35458850e+100  -1.88182575e+099  -5.44125805e+100
   1.26322671e+100  -3.21525427e+100  -1.54727764e+101   1.02889100e+101
  -1.64309286e+099   9.56665770e+099   6.49995884e+099   8.42411084e+099
   4.44079942e+099  -7.85881437e+098   3.24751075e+100  -9.49849526e+100
   2.83878635e+100   4.57918195e+098   4.29655126e+101][ -4.68528296e+098   1.87191978e+100  -2.49966755e+098  -2.13863064e+101
  -2.90733240e+097   1.54541407e+100  -1.19477919e+101  -3.79572182e+100
   1.10448414e+100  -6.23663649e+100   6.24262946e+098  -2.25681428e+099
   8.76769173e+100   2.69995120e+097  -1.84440462e+100  -1.18911119e+099
  -1.68290585e+100  -3.18145516e+100   2.38103369e+098   6.70298474e+100
  -9.44415612e+099   2.90162608e+099  -4.69300892e+101  -1.08925395e+101
   5.95114825e+098  -1.93426298e+098   9.41744730e+099  -4.54623173e+100
  -3.59286604e+100  -3.00563588e+100   1.67166469e+099   4.61015024e+100
   2.38510028e+100   6.17646506e+100  -4.67827773e+098  -1.56973969e+098
   4.56987832e+100   8.76252715e+100  -8.51357694e+099  -6.85390556e+098
  -2.45160131e+099   4.59701605e+100   1.31400818e+101   1.68101415e+098
  -5.22478861e+101   6.89881716e+098  -1.20502745e+099   2.29147520e+099
   3.84957806e+100   1.72279313e+101  -1.81475611e+101  -1.23533609e+100
  -4.52022208e+099   7.87023269e+100  -7.62994542e+098][ -1.08742298e+098   3.47768407e+100   5.00455715e+099   1.74460250e+099
  -2.43202754e+100  -6.35511700e+100  -2.45483989e+100  -2.68113973e+100
   2.27039370e+101   1.89859985e+100  -9.99658427e+100   1.51316395e+100
   1.12602838e+099   2.23229036e+099   3.61921373e+100  -3.93994472e+099
  -7.25386940e+100   1.18169236e+100  -7.70399532e+100  -2.95679628e+098
   1.67520798e+099  -2.27667107e+101   2.35831809e+098   1.04826602e+098
   9.13307552e+100  -5.37987327e+098   1.20712645e+101  -2.98929231e+099
   3.33713318e+100   2.41614217e+101  -1.22389606e+100  -3.54614326e+099
  -1.73582257e+100   2.59313070e+098  -1.26079844e+099   1.12430065e+101
  -1.15973304e+101   3.29427274e+099   4.41109849e+100  -2.80155889e+100
  -2.25154967e+097   2.55782711e+098  -6.66294806e+100   1.05640317e+098
   3.81495372e+099  -8.36826273e+099   6.33049162e+100   6.59888455e+100
   8.99481733e+097  -1.37414693e+099  -6.59156340e+099   1.51693604e+100
  -4.43032252e+100   2.35636914e+100  -1.37237834e+099][  1.42532595e+098   2.11684436e+101   6.72104106e+100   6.18740214e+099
  -1.74045423e+098  -5.22849172e+097   9.97014911e+098  -1.22326273e+098
  -9.08906923e+100  -1.84935759e+098   7.47760092e+100  -9.32676440e+100
  -1.71187179e+099  -1.51443677e+101   1.99046643e+099  -9.25188740e+098
  -1.60471645e+100  -5.96714608e+100   2.14245714e+099  -1.85685969e+100
  -1.24038368e+100  -4.59997718e+098  -6.39235991e+099   1.94817452e+099
  -4.99649826e+100   7.09651983e+100  -6.87558521e+100  -2.39263695e+099
   5.90122629e+099  -4.48207418e+099   2.56187493e+101  -1.44755551e+100
  -4.97027419e+100   1.82595617e+101   4.92611973e+099   8.28475514e+100
  -6.06617488e+099   1.05023805e+101  -1.71996105e+100  -8.72136831e+099
   1.75931799e+100   4.42460521e+100  -4.91220605e+099  -3.42256989e+099
  -2.81000113e+099  -9.18145255e+100  -4.35841296e+097   4.92826392e+099
  -1.22984815e+100  -2.80394962e+101   4.34426699e+099  -7.68040453e+101
   6.96258555e+099   3.48714176e+101  -3.27998095e+098][ -8.10977045e+100  -1.42084163e+098  -3.94982167e+098   1.41879463e+099
  -1.45149392e+101  -3.35833301e+100  -6.35731398e+098  -4.46050293e+098
  -8.95629472e+098  -8.09218721e+098   7.39278912e+100   9.59444427e+100
  -1.18926309e+101   3.41388263e+098  -6.27788852e+099  -3.14554483e+099
  -1.58296903e+098   2.90182468e+097   2.56285363e+099  -2.90637278e+099
  -2.85016188e+099   3.05002157e+100  -7.50973301e+100   2.35531323e+101
   6.09137843e+099   3.89453225e+100  -2.76519406e+098   3.60517388e+099
  -1.28665746e+099   3.81606309e+101   1.55412985e+099  -3.34027239e+100
  -8.38917061e+098   1.34359808e+100   5.58484263e+097   1.18803442e+100
   2.08823423e+100   1.67582837e+100   9.67575502e+099   1.42438984e+100
   1.02933661e+100  -6.78197997e+100  -3.38444058e+100  -6.27884180e+100
   1.60882921e+100  -2.46949046e+099   2.35147045e+099   8.63175497e+099
   4.17924675e+099  -1.92740422e+099   4.32076607e+101  -3.26023352e+100
  -5.91252204e+099  -1.24179898e+099  -5.82561498e+099][  2.27476311e+100   2.04849669e+101   6.04681580e+099   3.97980872e+100
  -4.12010698e+099  -3.65694321e+100  -1.59752367e+099   1.34533178e+101
   4.17040051e+097   9.86095408e+101   3.33475145e+099  -2.12976923e+101
  -2.82477683e+098   3.05661218e+100   1.86143896e+101  -8.75554276e+099
   3.55390002e+100   1.00232256e+100   1.05164417e+102   5.48675835e+097
  -1.58822511e+099   1.85889222e+099   6.98429504e+098   1.26031428e+099
  -1.01257694e+100  -5.36650532e+098   3.04836795e+099   7.84193449e+099
   2.37498315e+100   1.37595022e+099   9.59798267e+099  -1.15086596e+100
  -2.24155333e+100  -1.93463219e+100   1.15584736e+097  -5.21188979e+099
   7.88633968e+100  -7.31471561e+099   3.64399745e+099   6.14897845e+096
   2.12515261e+098  -1.40670544e+097  -6.95322936e+100   3.56381225e+099
   2.06981148e+100   2.42433678e+099  -5.24935780e+100   8.10950209e+099
   1.18399530e+100   2.32594393e+099  -1.23939011e+099  -5.08082809e+099
   1.65348991e+101   8.32974710e+099   9.76267665e+098][ -7.21867523e+097  -1.23787797e+098   1.83886909e+101  -3.92772240e+100
   9.70062535e+098   8.41350388e+097  -7.92660172e+098   6.21134329e+100
  -9.92958972e+099   2.65532784e+099   3.74327711e+100   3.53418037e+100
   2.00907074e+099   8.03044866e+098   8.91993088e+099  -3.69985183e+100
  -1.13257106e+099  -6.71250979e+099   3.28395867e+100   8.37368160e+099
  -7.09792966e+099   1.51421001e+101   2.02567558e+099  -2.45631281e+100
  -2.73090793e+100   2.76724905e+099   3.74511781e+100   7.14211234e+099
   6.91161207e+099  -1.48669221e+101  -4.89293507e+099   5.81151261e+100
   6.50924711e+100   2.26164435e+099  -1.47436075e+100   5.76923730e+099
  -6.03748493e+099   2.50687875e+100   6.26621463e+100   1.33487724e+101
  -7.37194016e+099   3.44161653e+099   2.12562507e+101   2.59660160e+099
  -2.21225300e+101  -3.40335398e+099   4.01401115e+100   6.38577181e+099
  -2.87343450e+100   3.87653704e+100   1.12879522e+100  -1.24858644e+100
   9.70069297e+098   7.84527508e+099  -1.06227138e+099][  7.26918426e+099   4.21618296e+099   2.04151907e+099   3.17829785e+100
  -3.46833911e+098   4.35921146e+101  -1.32074874e+100   1.07314759e+099
   2.26325947e+101   9.06905139e+100  -1.25140413e+099   1.91028060e+100
  -5.95439750e+099   6.19490581e+098  -1.24174240e+097   3.41344922e+099
   4.02546301e+099   9.57397279e+100  -1.43487923e+100   1.45070646e+100
   5.43439446e+100  -1.02244505e+100  -1.92800881e+100   6.58164742e+099
   5.00536062e+100   6.96313298e+099   1.08353985e+099  -4.38587957e+098
  -6.53520910e+099  -9.14534266e+098   3.67930302e+101   2.96307696e+099
   1.77433359e+099  -5.84802561e+100   2.20438665e+100  -4.60505985e+099
   1.25893309e+099   2.51961866e+100  -5.39948756e+100  -1.58225576e+100
   9.35673092e+099   6.94901737e+098   1.08482168e+098   1.31098790e+101
  -4.01397508e+101   1.01033889e+099   4.45912404e+099   1.74870649e+099
  -2.46954010e+101  -4.12730863e+101   5.64947216e+098   3.58396378e+098
  -3.86264194e+100   6.35934210e+101   4.41759747e+101][ -4.41962405e+100   4.62918109e+099  -6.63386398e+100   2.24805591e+100
  -5.02264933e+100  -6.17764600e+100  -6.69356250e+099  -7.40268019e+099
   3.56132363e+099   5.22124316e+099   7.87125066e+098  -1.99891299e+099
   9.41309097e+097  -2.58883092e+100  -4.35809026e+100   3.15818714e+099
   2.92683011e+100  -1.52968811e+099  -6.54829054e+099  -9.77898873e+100
  -1.92808695e+098   1.38706404e+098  -3.95074640e+100   1.01907342e+101
   3.16365354e+100   1.32815298e+100  -1.21711647e+100   5.45382485e+099
   3.38426785e+099  -8.16012741e+099   8.72559085e+100  -3.79771970e+101
   6.21745129e+100   6.81299147e+100   4.25893828e+100   3.19213704e+099
   1.28117618e+100  -3.71366941e+101  -4.30584802e+099  -9.17288515e+100
  -1.74612482e+100  -1.64441115e+098   4.45231322e+098  -3.13403475e+099
   5.87575311e+096   3.07802021e+098   5.00416966e+099   1.44036257e+100
   2.53671935e+097  -4.37939844e+099   2.53751233e+101  -5.28963992e+097
  -3.84015150e+099  -3.24391606e+100  -3.16242284e+099][  5.40235241e+101  -8.15203355e+097  -1.11979642e+099   9.12316293e+099
  -3.40960464e+099  -2.26272133e+098   3.54684687e+100   6.06945778e+100
  -1.63604368e+101  -2.86587180e+100  -5.80736481e+099   3.72796858e+099
   1.01474935e+099  -2.84489997e+099  -6.60761358e+098  -2.25008560e+099
   4.95083613e+099  -6.53821869e+101  -1.56227432e+100  -4.30732505e+099
  -2.20815336e+099   7.91892243e+100   1.42391657e+099  -5.04510666e+100
   1.04771225e+100  -2.65130909e+100   1.34782756e+099  -6.06664253e+101
  -1.95817793e+098   7.62838112e+100   3.17144261e+100  -2.60908409e+099
  -4.34190230e+100   7.97625548e+097  -8.71315413e+099  -3.79686831e+099
   5.31985620e+100   2.21614053e+101  -3.23717260e+099  -8.28824549e+100
  -6.37804785e+099   4.84796759e+100   3.99804884e+099   2.26420677e+099
   6.15219069e+100  -3.96957095e+101   1.26145214e+099  -4.52100835e+099
   5.61448590e+099   2.72348814e+100   7.38352541e+100   7.29839402e+099
   6.12686233e+100   4.77571392e+098  -1.54205478e+099][  1.39637592e+101   6.63782243e+098   4.54655109e+098   9.84825154e+099
  -4.56453261e+100  -4.38036901e+099   2.70488448e+099  -2.27368686e+098
  -2.51211065e+100  -5.83674885e+100   1.70659859e+100   8.70554050e+099
   1.03976140e+100  -6.81869087e+099   1.32548049e+099  -1.06645059e+098
   1.01281859e+101  -1.12186276e+101   2.24038455e+100   1.48474327e+100
  -1.15244804e+100   1.41840928e+100  -8.95076936e+100  -7.93131236e+100
  -5.95927948e+099  -5.90377027e+098   4.51447498e+100  -3.62621001e+100
  -5.89086762e+100  -9.39318656e+100  -4.67476985e+099  -2.77110122e+100
  -1.24697713e+100   1.67753373e+100   5.48070095e+098   4.81120969e+100
   1.16085785e+099  -3.88860242e+100  -3.27551891e+100  -2.32779350e+100
   5.65578558e+098  -2.25613497e+100   5.74231627e+099   9.66318973e+098
  -7.07365186e+099   1.12923540e+100  -4.42806140e+099   4.02453870e+097
   5.56441067e+099   3.72001969e+100  -3.63143040e+099   2.90211235e+100
   7.46637736e+100  -1.70946402e+100  -2.69147825e+100][ -3.10049379e+099   4.38512622e+099   2.28215411e+099  -6.57152976e+098
   1.37852740e+100   3.00678806e+100   1.09254361e+101   5.17842513e+097
  -8.48168226e+098   2.40788808e+098   3.51003384e+101  -2.05956118e+100
  -1.50028664e+099  -3.14806315e+099  -2.30174558e+098  -5.58049372e+098
   2.69859299e+099   5.21338391e+099   1.39440157e+101   1.77081572e+100
  -1.42400446e+101   1.43854413e+098  -7.29325159e+100  -2.00637772e+099
  -1.68525750e+101   1.09706116e+100  -4.36155798e+099  -8.46514280e+100
  -2.85261539e+099  -3.16643989e+098   2.51880277e+101  -4.73405544e+100
  -8.15890196e+099   6.43825361e+100   6.66775072e+099   1.64463914e+099
   1.13830785e+101  -1.65976889e+099   2.40912896e+100  -6.12834260e+099
   2.80977931e+100   3.44539709e+099  -3.95718907e+099  -5.73337301e+098
   8.10230680e+100  -3.17450025e+099  -5.68326090e+099   7.46150293e+100
   3.19843762e+099   1.09911078e+099   4.45781682e+098  -4.00136853e+099
  -2.34001473e+100   3.53365591e+100   2.73092713e+100][  1.28685768e+101  -1.60777958e+101   6.32888403e+098   1.41231045e+099
  -1.03040201e+100  -4.15724947e+100   8.81560089e+098  -6.11837676e+100
   6.04051053e+098   4.49100155e+099   2.78736183e+100  -1.91072135e+101
   6.31882277e+100   2.28197574e+101   2.96502356e+100  -3.22927932e+100
   3.78325139e+101   7.50502946e+099  -5.76450584e+099  -1.87942459e+100
  -7.66184186e+099  -1.00685923e+100   1.10790453e+100   1.98325866e+098
  -1.03293808e+099  -5.58951476e+099  -5.35913355e+100  -5.95048281e+100
  -8.44836696e+100  -2.67100952e+101  -1.36156237e+101  -4.55375206e+100
  -3.46227330e+100   1.56120126e+100  -2.46206302e+100   9.17033499e+097
   1.08959456e+100  -1.56114582e+099   4.59161925e+099  -2.08323469e+098
  -4.50654766e+099   5.23624804e+100   2.67104811e+100  -5.78665330e+099
   2.83218472e+100  -1.54102283e+101   3.94650687e+100  -5.19709376e+099
   4.10614436e+099   3.10963898e+098  -8.49972284e+097   1.84874592e+100
   1.11463492e+101  -9.45209196e+098   2.70757231e+100][ -1.47365379e+100  -3.19968863e+099   2.98427531e+101   6.91819423e+099
  -2.76348686e+101  -9.17633551e+100   5.26940913e+098  -3.04706250e+101
  -2.98572575e+100  -5.46492149e+100  -5.49845112e+101  -4.43868411e+100
   1.45521377e+100  -9.22039062e+100  -3.66425340e+099   1.11755506e+100
   5.16145276e+098  -1.20012439e+101   4.09307730e+099  -2.16506116e+098
   4.79873065e+100   2.62455816e+098   4.89576217e+101   3.02580255e+100
   7.46951709e+100  -1.31839603e+101   7.56732300e+098  -2.81065170e+101
   7.60725039e+100   9.60091970e+099   1.31991156e+099  -8.47695847e+100
  -8.96978519e+100  -9.25588055e+100   3.12922422e+100   2.06142750e+101
  -4.80387067e+099   1.52525110e+100  -7.71064300e+100   1.76079383e+099
   1.91445739e+099   6.15003632e+099   9.23301094e+099  -3.69039532e+099
  -4.66145958e+099  -7.23033326e+100   5.46141273e+099  -4.63192263e+100
  -1.41689977e+101  -4.78323399e+098   1.87452412e+100   6.58692980e+098
  -5.94211976e+100   1.41036895e+099   1.90273485e+100]
 pesos capa salida
[  5.33796768e+099   3.47511163e+100   3.11489247e+099  -1.62071136e+101
   1.56729951e+102  -3.03368340e+101   1.11470480e+101  -2.82090970e+101
  -6.11401532e+100  -3.44939674e+098   5.67209786e+100   8.19949459e+100
   3.06526386e+101   2.30490648e+101   7.16264570e+099  -2.00857428e+101
   4.26402369e+101   4.87438469e+100  -1.20226884e+101]
 biasCapaoculta
1
 biasCapaoSalida
1
 mejor error
179.49999975000043
 Precision 
0.6880973066898349