
 pesos capa oculta 1
[ -4.19148937 -18.45450062  26.32198505   4.41690629  -1.78769837
   9.1619539   -9.85065179  -8.70736194   2.0620675    6.73380777
  -0.80265726  -1.53481097  -4.22166871   5.37215054   3.01200449
  -1.97897175   6.40418028   0.35552592  -8.35219209   1.42774962
   2.8159977   -9.40661554  -4.1585661   -9.95321027  24.72180516
  -4.01532253   5.43154145 -11.23117605  -2.09644783  -6.98841391
  -0.3736787    3.8651197   20.51261178   4.91254491 -10.51728825
  -0.47170723  -1.49869749  23.70643275   6.51339881   6.47029605
   9.05786009  -5.04879177  -7.38366062   3.06209182  21.87056272
   5.12944014  -2.9981459  -21.49731486  23.7150611  -12.78512815
  10.33448296  21.57463301   3.42129515  10.48980771   5.22749552][  7.68969945e+00  -2.25284251e+00  -5.19341083e+00   9.78929098e+00
   8.04234623e+00  -2.15470406e+01   1.32414285e+01  -1.52792454e+01
   1.38699700e+01   2.80599623e+01  -1.59596797e+00  -2.27076647e+00
  -2.98185437e+00   1.57250158e+01  -8.71235960e+00  -1.09856140e+00
   1.14233643e+01   1.73729508e+00  -7.96859315e+00   6.87204046e+00
  -2.07201626e+00   4.30858388e+00   4.97909928e+00  -3.20710334e+00
   1.44499691e+00  -5.71806250e+00   1.67176710e+01  -1.34467434e+01
   1.39631506e+00  -1.62616568e+01   1.78539004e+01   4.42782337e+00
   8.66090142e+00   3.05718471e+00   9.97877054e+00   9.37573077e+00
   9.77275111e+00   1.26732327e+01   4.51800610e+00  -6.08595281e+00
  -5.88202717e+00   4.61441952e+00  -2.07123803e-01  -1.55644548e+01
  -1.99450498e+01   7.95369634e+00   6.63544750e-03   1.18151969e+01
  -7.78293674e+00   1.85407237e+01  -9.70366199e+00   9.27272500e+00
   7.59441876e+00   4.53728389e+00   1.96243242e+01][ -5.37722976   5.94952127  -3.84824319   1.04014131   8.4408185
  -6.45752741 -11.90206723  11.22622694  -2.89498044   7.2332563  -14.590295
   6.91382004   0.48444272 -16.67679685  -1.51537613   4.3235799
  -1.73128224  -3.95165939  -7.13050312   2.91140115  -7.68863826
   0.01965468  -7.07617422   4.73128392  14.23821531   2.47395079
 -12.38388135  -8.52599266  -0.8302864   -7.0678415   -4.26797817
  -2.44771717  -8.58773921   0.33612105  -0.45933557  16.91889872
   4.7904545    5.23517254  -6.73031579  -0.83025714   9.11128433
  -7.31882251   7.76711532   1.25454471  -4.91681865   0.75281416
  16.37052788  -9.34451173  -2.86420155 -10.70544596   3.80806585
  -7.8079205    1.94562105  -3.5218242   -2.93635326][ -8.29064409  -1.96874441   8.37889412   4.22332899   3.17657636
 -15.23127909  15.35256915 -15.32639631   8.69837202 -30.20012769
   3.88149731   0.97995337 -21.497781   -16.7723616   12.15837954
   0.20774193  -0.59846376 -13.21567355  -1.22611193  27.10909792
  -4.57661339  -4.02778435   3.42308737   3.94686469   9.19905272
  -7.70228768   5.1862414    1.17877684   5.41805622  -6.2275528
  -2.79272611   0.7316441   12.03586944   1.66973802  -6.80836266
  -1.76447072  13.2919488   32.99498901   3.1166433   11.35827402
  -2.59755723 -27.09977722  -8.8535276  -11.07321196  -4.79306438
  -3.95597723 -11.22450714   7.10612436  -1.44537262  11.48934835
  18.03180079  -1.70864825   5.6463758    5.20462649  -3.43287442][  0.11912661  -3.61211307  34.61785873 -15.24152191  12.42834774
  17.10847398  -2.50848646 -11.90910267   6.57784404   3.12558203
  -9.66726292  37.85243191  13.60444401  -6.21127646  -1.37810307
  -5.11839041  -2.75537758   8.35426661   2.89755957 -12.23333289
  -4.41455989  -9.84412417 -14.86874533   8.77907481 -12.70320053
 -18.62396338  -2.03715884  10.65358688  30.52168663  -2.48090158
  -8.63617485 -11.98242764 -17.35044174   3.44471264   0.28054365
   1.95796429  -1.65138286 -12.34919951 -18.85961251   9.18482735
   4.99095836  -7.14214679  -0.71722836 -14.19266019 -11.07334347
  30.03033781 -16.44330666   8.8140952    0.07592878  20.87606782
  -9.58580665  -1.36759973   0.33053938 -15.85101125   3.39189599][-14.36594359 -10.36227129  -8.69556458  21.60744209   7.1078947
   2.40466276   8.90674235  16.70142216  -9.52071392  -5.99109527
 -14.68721661   1.76179059  -6.35339564   7.0675895   -0.35814199
   2.62243561  -7.58634944  -7.78826559 -18.76727337   8.27199594
  10.60188694  16.77591012  -9.14249381   8.99134776   5.91608277
   3.07485567   0.98588464   8.44622463   1.20925448 -13.58108038
   5.45097031   4.44417533   7.24660216   3.36498575 -15.51845004
  17.66486221  -3.96152081  20.44867421 -11.13764573  -9.45234414
  -0.30500887   8.75956643   3.47656733  13.30620076   1.42989143
  14.6567222   -0.57014015   1.50907298   0.46457892 -10.65866056
  24.25024712  -7.15239548 -16.40897354  -6.23987153   4.52126946][-12.45001854   2.67661313  21.70602727  -0.49436931  -9.51048148
  -7.23915518 -11.72745178  -5.96354101   4.85329677  -4.59928728
   3.28182668  12.5063775   10.70394859   4.94283863  -8.53135307
  -6.89602488  11.9823123   19.43339313  -4.45938951  -6.93598029
   0.15659596   8.63428363  -9.90993099   7.41716982  -2.14849231
   2.82168139  11.40545991 -11.31712316   8.05844244   0.89364257
  12.0284922  -13.16288868   3.50236054  -9.39567256   6.97965673
 -27.51260879   1.46131475 -13.63369574   4.97413715 -15.40802829
  -2.64581321  -8.42496597  13.7296844   13.92023886  -1.44094487
  14.01666862  10.90690989  18.90017514 -14.10894735  -1.96266862
  22.19397131  -1.16626571  -5.15966086  -8.1919187    2.73906323][-12.39370071  -1.61116324 -11.3467615   10.20858584  18.05112818
  -7.15023742   6.92280594   6.41470827  -3.84132801  26.81675297
   9.54122466  -5.38585027  18.49500375  12.73378625 -12.30825592
   5.2469151    5.41189041  23.05599148 -20.20003708   0.59446656
  -9.25035441   8.22622031   5.53723531   7.55784858  -3.92670541
   4.6855233   -4.4009264    3.04460243  -5.05910774   9.34125145
  10.58555952  -5.34349246   1.23194639  -6.95557933  -6.55032572
   4.01288626  -0.85934149  -6.21868902  -7.17155653   2.26161493
   5.21976761  -3.86660602   6.64211898  -0.49183619   9.39298381
   3.98666008  -0.96406805   6.32780518  12.00092482   4.05298347
   8.96333408   6.17705841 -30.25706527  11.90087566  23.59185647][ 14.96547783   3.29105942  -2.67075674  21.45366793   3.50454878
 -11.51231353   7.08743809  -9.87805008 -13.06012894   9.04204792
   7.79147823  24.87460785   3.209724     0.96865616 -20.12033526
  -9.42043019   0.61160055   3.10405918   6.05173895   2.04667279
 -12.54652631  -1.58591133 -16.86144278  -1.24000741   0.4299866
   7.00447241   2.00448731   8.96740138  20.56945732  19.12162447
  22.37076516   1.20083407   8.18101568  -7.34946615  -7.23632317
   5.80632247   1.06606931  19.63531179  -0.97467827  -7.84929385
  14.98598258   4.17188309   2.68704473   8.95046787 -19.56181388
  -1.53614451   8.98429152 -13.25947079  -7.47346039   7.66073317
  -8.77308761  17.81674252  -7.90015687   3.76636315 -10.58106609][  2.00088723e+01  -3.88141015e+00  -5.19419148e+00   5.34871941e+00
  -5.38416246e-01   8.59044613e+00  -6.65540605e+00  -2.94856250e+01
  -1.06369368e+00  -7.47774216e+00  -8.92759185e+00  -1.17636984e+01
   2.35093280e+00   2.03649639e-01  -1.04729897e+01  -1.72582898e+00
   1.06020079e+01   3.44540477e+00   1.84190148e+01  -1.45335656e+00
  -9.29020879e+00  -8.53898313e+00  -1.67551110e+00   1.29753793e+00
  -4.62926057e+00   1.00944313e+01  -2.86297706e+00   9.16711559e+00
  -1.72919793e+01  -4.13115122e+00   1.02433791e+01   2.07530654e+01
   1.98024363e+00  -2.65635661e+00  -6.35562141e-01  -5.94546913e+00
  -9.42853450e-01  -2.96232695e+00  -3.04743508e+00  -1.45814370e-02
  -1.59609387e+01  -8.70996541e+00  -8.29836955e-01   6.62170785e+00
  -1.94754397e+01  -8.74325664e+00  -2.99600454e+00   1.12110635e+01
   1.59003294e+01  -5.29561592e+00  -2.72030514e+00  -1.32907752e+01
  -1.78410342e+00   2.99647972e+00   2.20820112e+01][ -1.88199004  -1.42180283   9.80697904   8.77939808  15.95204138
   7.59868653   0.79648674 -11.83322148   5.25746565   4.05261244
  -1.55332126 -12.07875604  26.63078345   6.04713374   4.64122509
 -20.24656207  21.49213488 -11.43683446   4.35548227  -6.7022668
  -9.60903457   3.61093512  11.5100564    8.76713392   3.01353478
  -5.23687279 -12.17057979  27.44924851   0.7083666   -8.72607009
  -0.77608139  27.07373957  -3.37713814  11.82129255 -17.32420155
   8.09442741  17.17213913   9.4152185   -4.23958759  -7.62068194
  -4.3207823    3.51209639   5.86321284   9.46299073 -19.40848325
   1.53088532   8.25109484  22.20741596   5.98778122  -3.26487271
  10.48640067  -6.01975546  10.6783151   -2.91697433  -3.6411879 ][  1.8671719   21.32074049  -6.07512186  12.32347376  -5.38900941
 -15.06554822 -10.43403452 -11.38711298  -2.47815403  -1.39124662
 -14.26914528  -3.42163998  -2.58089806  -4.11062534 -12.52903278
   3.66943813   0.57311294  -7.26514718  -0.99492283 -15.72597814
   6.16828017   2.9688599   27.71375495  14.24461752  -0.68371349
  -0.1306481   -0.47112737  -0.13543668   4.02913857  -8.49597454
   8.05802673  16.58201887  -1.97046507   0.34933542   3.83413733
  12.20426039   1.31603042 -20.67351038  18.49790252  -5.1054057
 -12.75734047  -0.6079614    0.42578573 -12.7772693   -4.34764184
  11.02919065  -2.22070457  -6.6015843    1.65356932   6.24565377
 -10.79966018  -2.00044781  18.70509807   9.27213329  13.38340647][-15.19191484  26.07291664  -5.10845737  13.82930931  11.48784288
  14.32931019  -5.0992383    5.57708251 -26.05123153  17.14694076
  27.44162249  -2.86491298   0.51865615  -8.99397926  -3.09086358
  29.69658597   1.47564679   8.37669958 -12.50656171   3.33543183
  -2.49915855   4.36538641 -13.47460632  14.61673716 -10.74821486
   1.06619115   4.28881875   9.94194855  -1.73583979 -18.84471377
  -0.28096145 -25.70401932  10.21086542  -0.62447872  18.01952076
  -2.50979023   0.05320718  -4.71387677   2.61609431   0.91256252
   2.41766323   6.70799784   7.50448743   5.08727292  -5.77316498
   3.56824499  -7.38866238 -11.56201136  -9.46324219  16.73287267
  10.47138854   2.10345209 -22.09062003  14.23656107   6.96975301][ -7.56330702  -2.4379444  -17.36820904   6.61187006  -6.56632939
   0.18342283   2.98983066   1.92959255   4.87897427   8.43733666
   6.87788863  -5.82922884  20.3810498   13.13359291   7.08087213
   2.79037944  -4.19797357 -10.69411351  -3.77243203  -6.57717669
  -6.30134032  15.18228182 -16.06240744  -3.77737548  13.45608    -11.75776502
   8.82593784  -5.73579924  -3.43400354   9.54110099   1.1673219
  -1.74204988  -4.02163159  -1.41894776  12.61844881 -18.93565791
  -2.25886388   2.06851719   1.03939964 -19.98703485  11.1655726
  -4.85011689   6.05860846 -18.03880751   1.4804808  -21.97420149
  -7.43742488   5.38636812   1.03096072  -4.06839311   3.89857382
   4.77665379 -18.44213785 -13.73770947   9.89132892][ -2.4637975    2.78772302  -5.72517897  -7.80787674 -11.75013239
  -8.5796462   14.51064388   7.94507971   7.46639335 -11.45019209
   7.46799659   1.96872331  -1.07994798  10.18818538   1.54942198
  -0.32911579  21.48235992   1.72670435   3.18240891   6.15545493
   7.84180485  16.00706823   9.13873983  -7.12400998   9.94663438
  -3.63072671   3.6864911   -1.57641894  -0.52997315 -21.60807276
  -5.56515645   1.93467373  -5.37268644  -0.45605054   0.38127137
   9.42264988 -18.981439     4.53616603 -12.94348808  12.46271933
  -9.09760098  -9.87038629   1.75935634  -0.06245964 -11.50271527
  11.25503566  -5.08009384   7.14862725 -30.12891114   9.19031609
   2.25513059   1.3626454   -3.46880295 -18.94088773   0.11482653][-26.94096645 -14.91899065  13.68469769 -10.51079981   8.66466898
 -15.83140449  -3.03109843   0.08715176 -10.95013775  30.67839732
 -14.95106781   1.94887353   6.4895801    2.33064838  -3.98313481
   1.78152278  -5.05034548   0.66213833   3.45148744   3.87796448
   5.07423147 -13.74237156  -7.55899457  -0.42653024 -10.84736624
   8.37530584   6.86873383  19.80030981  10.95799128  15.28202469
  14.59688257   7.50006244  24.73146601  19.83615053   7.41583043
  -2.03386134 -10.09860026  -4.35241673  -0.67137073  -8.5400375
  12.98297889   2.99101538  -0.97881951  -6.02264065  -9.67437043
   5.36350698 -14.7123602   -8.94852896   7.34069273 -25.35666825
 -25.98812746  12.5823      18.80354702   0.24631648 -11.47323221][ -1.10159894  -7.92333073  36.70419074   4.98775653 -27.9435498
  -4.98018259  14.11868308   4.75890949   0.52051042  13.36340285
   7.88643489  29.22899274   8.54666562  -6.75186399   5.82479138
   2.32502039  17.94219366 -14.55631817   3.52985356   0.94040265
 -13.03135215   8.27059301  -3.0771667   -6.2866715    5.52816841
   1.86260476   5.50197733  -0.56749897  -0.25325487  -3.64747453
  -9.84460804   3.88826457  -4.73021054  -2.99908759  -2.34694613
   9.59338866  -1.56772845 -23.51525183  -1.99739626   0.36611077
 -17.68869081  -0.80989427  17.78690518  -6.10211231   2.88992885
  -0.07382761   0.73226014  -2.13434705  14.08076767  25.31286709
  13.96061849  20.1170871    7.69513025  -4.95247224  -8.54496434][ -3.45264645  20.8918437  -29.24495003  -4.04979202 -29.86408159
   0.70810992 -15.93461926 -21.84975505  15.17757029  -0.53740967
 -16.68433879  -9.13539453  -9.83117639  -6.71087706 -13.32360577
  -9.97265725   7.34899671   2.27485686 -16.26365051  -8.97422484
  -3.43472895   7.18383797  11.34436301  -7.50509988  -8.58790479
  -7.25485692 -13.70489962   3.27551854  20.77669821  10.22081901
  -0.50765863   2.57120313   3.94152678  -4.4086951   16.48360875
   9.74548957  14.19442063   2.84002308   7.01231879 -16.09471666
   2.55143441   1.48006417  10.41238193   1.32186922  -1.93796269
   5.66080776 -20.25716027  -9.44557125   7.74607975  -6.7988539
   7.00566899  23.43482681 -20.01645327  11.00372159   4.2431117 ][ 17.71226952  32.91114478 -12.45907014 -14.81488122   9.80912496
 -19.5214042    5.08636916   9.04708802  15.13139798 -32.22344381
   9.10730585  15.84647     11.564652   -12.33798901   5.60640737
  -8.40099565 -18.37153337  -9.01005111 -17.81261254  -3.37917703
  11.91683908 -10.58710169  -7.30988865 -14.05444744  -7.73434834
   9.84078444  13.35599104  -5.96727013  -6.36509898   1.23142916
   5.87948101   1.01713696 -14.94883072 -11.16351311  -9.05553555
   0.16326507   5.94123804 -14.82774785  -6.16134319  20.8857194
 -11.41095357 -14.33832665   2.2771059   -5.21114229   2.13131868
 -15.01993901  -6.36228584  -4.1622711  -23.98481701  -0.17967382
   1.13930272   6.8719049   -6.905639    22.0721043   -3.0682543 ]
 pesos capa salida
[  3.7189871    1.66606067  -0.47808074   1.15811059   0.7291487
  -0.43140977  10.76730496   5.79628887  -0.6616055   -0.72836177
   0.77005578  -1.04266801   1.44511342  -0.44112474  -0.40063623
  -0.46326511   3.32493875  -0.61129453  -1.55697174]
 biasCapaoculta
-61.8970398423481
 biasCapaoSalida
1.8081503754864379
 mejor error
98.93009019521395
 Precision 
0.7549956559513467