
 fecha de inicio Wed, 29 Nov 2017 04:48:24 
 fecha de la generacion Wed, 29 Nov 2017 15:02:38 
 generacion: 5213
 pesos capa oculta 1
[ -2.28143521e+206  -9.31928730e+205   6.99186370e+207  -9.51491758e+205
  -8.07473954e+205   7.46944777e+205  -2.59048649e+205   1.26340535e+205
   6.97623199e+204   2.87053105e+207  -4.53423545e+205  -1.72763952e+206
   1.30604057e+204   3.11375245e+201  -1.02059858e+204  -9.47336361e+203
   5.46082700e+205  -2.32178108e+204   1.45008902e+206   1.27078162e+205
   2.84587425e+205  -2.08149654e+204  -6.01563133e+204   7.14945313e+203
   3.89526648e+204   4.67020465e+205   6.00062584e+204   3.75965130e+205
   2.38856943e+207  -9.34818060e+205   3.27132286e+205  -2.02688364e+203
   1.31718115e+204  -7.63362128e+204   5.20442217e+202   3.90885153e+204
  -3.42453635e+205   2.71075269e+204   1.22837875e+204   1.00048432e+206
   4.67303989e+205  -1.22714592e+206   2.00268433e+205  -1.78976017e+208
  -1.41079417e+206   3.75982073e+205   4.13817631e+204   1.42414851e+203
   8.95248605e+206  -9.82023742e+204   1.12727254e+206  -2.10810973e+206
   1.17899090e+206  -6.50927059e+205  -3.14210716e+206][ -2.35858921e+206  -8.66945617e+202  -1.18600073e+204  -5.02084036e+205
  -3.42153469e+204   1.22048957e+205  -3.55134503e+205  -1.68034789e+205
  -1.34712057e+204   1.55135716e+206  -1.47564376e+206   2.76432222e+206
  -4.15494774e+205  -2.86616416e+205  -3.34849369e+204   1.99751021e+207
  -9.01400284e+204  -1.60382893e+206   2.67872598e+204  -8.50859882e+205
   2.76987688e+205   6.75555302e+204   2.07914021e+205  -6.62676581e+204
  -7.11479050e+205  -1.31737863e+203  -2.20129156e+203   1.27809770e+205
  -4.12323488e+206   1.67621394e+205  -2.90687001e+202  -1.03750891e+207
  -1.37908307e+203   6.20036926e+204  -4.36617500e+205   3.70231966e+205
  -1.98006103e+206  -6.60335319e+205  -2.16695840e+205  -1.43584362e+206
   6.72651918e+204  -9.99398723e+203  -7.54029721e+203  -5.46973135e+204
   5.48808269e+203  -7.21687184e+204   3.12155848e+204   3.26215338e+207
  -2.84853049e+206  -5.49066549e+205  -1.62716254e+202  -1.26199661e+207
  -6.40204985e+204   6.91745397e+204  -1.36148722e+206][  8.21681435e+202  -2.23535749e+204   1.62246366e+207   8.37521968e+204
   1.08235891e+204   1.44850110e+204   1.80153009e+203   5.09450300e+203
   6.60703897e+203   3.04011855e+204   3.25981368e+204   1.79196134e+205
  -1.48292674e+203  -5.10493802e+203  -1.32626594e+204   5.09053725e+205
   2.68696432e+205   5.96099749e+206  -2.27057227e+207  -7.45008970e+206
   1.72815195e+204  -6.99086748e+205   7.14889956e+202  -4.22746087e+204
   1.42696106e+206   1.66554095e+202  -2.95877720e+204  -1.54666263e+208
   3.48113127e+205  -1.23093263e+203   1.16236099e+205   1.05598928e+205
   5.41896349e+204   5.31719571e+205  -2.14232835e+205   3.26175195e+204
   1.65858261e+205   9.40862491e+203   4.96458912e+205  -9.24538774e+204
   1.45320949e+205  -9.92102870e+205  -6.95893471e+206  -2.03390408e+205
  -3.65275523e+206   2.22314930e+206  -1.89550244e+206  -6.27235335e+205
   2.76676130e+205   8.48212268e+204   3.76021062e+202   1.86214594e+203
  -1.33994909e+204  -1.43791634e+205  -1.37168276e+203][  7.03832410e+206  -7.74312389e+203   8.05770035e+204  -9.38425804e+205
  -4.70219706e+207  -2.40498929e+205   1.84912710e+205  -6.84995100e+199
   7.71253621e+204   4.12846201e+206  -1.24416724e+205  -3.92821601e+206
   8.35175833e+204  -4.07344388e+205   4.48090052e+204  -1.83062842e+204
   2.85860469e+207   2.86741879e+205  -1.83782756e+205   1.39419633e+206
   5.40490832e+205  -3.12576169e+205   4.41746330e+204  -2.59876346e+206
  -7.29956432e+204  -7.72198441e+202   5.06314325e+205  -1.22784098e+208
   2.26316586e+206  -3.73979107e+204   7.79613357e+204  -3.78158364e+205
  -4.43716475e+203  -5.05276577e+205   9.42308657e+206  -7.92051117e+203
   1.75585261e+206  -9.26985030e+207  -1.94129084e+204  -3.50292268e+206
   2.39876805e+206   6.34629722e+206   3.69470420e+204  -4.94375836e+203
  -5.74087030e+204  -1.19247989e+205  -6.49899224e+204   9.41008021e+204
  -2.65835668e+204   1.06255413e+206  -3.87979409e+204  -1.55898597e+204
   6.77061170e+206  -4.53937790e+204  -2.49642097e+205][ -1.10606381e+206   1.68135178e+206   3.48328079e+204   5.18394043e+207
  -1.69187991e+204   1.95057456e+205   2.69376064e+207  -6.30990933e+203
   1.28034230e+205  -1.45299298e+207  -5.40639030e+204  -5.27889584e+204
   4.28195242e+204   2.40858768e+203   8.42278585e+204   9.65910670e+203
   3.84516201e+205  -4.10888977e+204  -1.64487037e+205   2.68206797e+205
   1.26803689e+206  -4.22638350e+205  -9.74704114e+207  -9.52508466e+204
   3.59407013e+205  -1.57413231e+205   4.65552059e+205  -2.37623309e+206
  -1.20130306e+204  -2.21563699e+204  -7.94508870e+202   2.55626287e+205
   3.20680830e+207  -4.58147854e+205  -3.67042695e+205   5.16246147e+206
   8.42675355e+206   2.71361350e+203   3.05244472e+204  -6.48876175e+205
   1.94383151e+206   1.22685428e+206   2.59528930e+205  -1.39496879e+206
  -3.78978226e+205  -1.01342154e+205  -7.57213079e+204  -6.38280237e+203
   8.01115452e+203  -1.45894117e+205   5.53274134e+208   4.94816355e+206
  -3.30476177e+204  -1.13653753e+204  -5.38810466e+207][  3.28465674e+207   6.73352547e+205   1.01540271e+205  -3.29515620e+204
  -7.31449798e+206   2.00490546e+206   1.18626091e+205  -5.37927208e+204
   4.98187022e+203   1.56388801e+205  -4.17745154e+206  -6.96548127e+204
  -7.20181783e+206   9.21145380e+204  -9.62983884e+204  -4.23965204e+205
   5.11253265e+206  -3.64545327e+207   8.26311004e+205   4.17489509e+206
   9.05566308e+205   1.75143293e+207  -5.43836378e+205  -9.19883606e+206
   4.83577841e+201  -2.02062333e+203  -1.06094212e+205  -2.18043992e+206
  -5.51884469e+203   9.44851628e+204  -6.64232345e+206  -2.42854650e+203
   6.12698511e+204  -1.51598027e+207   1.64568599e+204   5.98366720e+204
  -1.46446757e+206   4.74883431e+208  -3.48253499e+202  -3.39017674e+206
  -1.37825872e+206  -5.88298175e+205  -1.65585539e+203   9.65761766e+205
   1.66500046e+207   1.06073905e+206   2.29925021e+207  -1.69034090e+205
  -1.28334159e+206  -6.26494691e+205  -3.56095172e+206  -4.55216041e+202
  -9.28339739e+206  -2.02323689e+205   3.27233272e+202][  6.25070223e+205   5.65402179e+208  -6.79429149e+207   4.57162132e+201
   1.00338749e+206   4.52925062e+205  -3.39213251e+204   1.13803081e+206
  -7.57947151e+204  -3.30358932e+206  -1.15688477e+207  -3.06207785e+204
  -1.72877493e+203  -4.66369916e+206  -1.96202163e+202  -9.50513745e+203
   6.37700710e+205   4.37389454e+204   4.99382648e+204   1.34384306e+205
  -5.34992421e+205   2.24698629e+206  -2.04313549e+204  -3.80167982e+205
  -1.35753993e+207   1.77490542e+205   2.25154291e+205   2.14469787e+206
   2.55063672e+204   5.91250058e+206   7.10293648e+204  -7.40704093e+205
  -9.91267348e+204  -5.83467529e+205   2.06906516e+205   3.26534793e+205
   2.62984160e+206  -7.10844424e+205   1.45216224e+203   1.13560096e+203
  -1.33969106e+203   3.61185492e+204   4.14087646e+203   1.24142656e+205
  -3.24052022e+204  -7.54872964e+206  -3.33807246e+202  -2.91745318e+207
  -6.22837539e+204   2.78216630e+205   8.95479214e+204   1.46904848e+204
   1.86593018e+205   3.74906464e+205  -5.20970667e+206][  2.27830064e+205  -8.86615229e+206   3.23524407e+206   2.18093645e+206
   1.61622786e+206  -8.28135706e+203   5.97779024e+205  -4.83704765e+203
  -4.74033777e+204   3.13059847e+204   9.32783699e+207  -1.56989568e+206
   3.48381271e+205   5.08966183e+204  -4.96429743e+205  -2.48094850e+203
  -1.91608638e+204   1.84797045e+205  -9.02029375e+204   5.58644870e+205
   1.51493958e+204  -4.97977337e+205  -2.53035565e+202  -1.97991251e+204
   1.33285575e+208   1.74846834e+205   5.69144018e+205  -2.41437231e+206
   3.67693782e+206   5.10904951e+204   4.22162310e+205  -8.30399631e+202
   2.12651463e+208  -2.63531915e+206  -4.30081205e+204   5.05295732e+205
   9.12387315e+201  -5.43967112e+203   9.64623354e+205   5.01077838e+205
  -3.93663142e+204   4.71256537e+205   5.01166393e+202  -3.84207929e+205
   2.50538612e+204   2.96814212e+205  -3.95907379e+203   9.44286632e+203
  -8.35133847e+202   3.16453537e+206   2.31377062e+205   7.10036296e+203
   1.99723000e+205  -1.81238999e+204   1.75736366e+207][ -9.62457840e+206  -1.28346617e+206  -4.74551494e+205   4.47178314e+204
   4.52649201e+203  -1.12630275e+206   7.75264424e+205   3.73127906e+207
  -5.50551307e+203  -6.53855641e+206  -7.29840199e+204   1.04178572e+205
  -4.37850218e+204   2.36032233e+205   3.02759419e+205   1.57243058e+206
  -1.47654765e+203   1.08473379e+207  -1.56219844e+204  -8.84649849e+202
  -1.40327359e+204   1.11281516e+207   3.79753102e+204   6.93535079e+205
  -4.15628424e+204  -3.13741637e+205  -4.52319975e+206   2.60944895e+204
  -3.87166469e+205  -2.78749785e+204  -1.62082164e+206   1.25027573e+207
  -1.66668874e+205  -1.29248143e+205  -2.23140722e+204  -7.01010007e+204
   1.88196851e+201   1.24388543e+205   1.53486172e+206   8.60827926e+203
  -4.19945850e+204   4.48958310e+205  -5.22940091e+206   1.65504162e+201
   2.92513192e+202  -9.45132229e+204  -9.13576739e+204   3.95628428e+202
   1.93078119e+206   2.53383112e+206  -2.90270266e+202  -1.43936190e+204
   5.78013178e+205   1.69657730e+205  -2.57867801e+203][ -8.32691098e+204   5.43400228e+204   5.05533771e+205  -1.30561532e+207
  -9.90793098e+203   4.85204012e+205  -9.25068490e+203   2.13705250e+205
   2.36923196e+206   2.13549565e+203  -8.57897207e+205  -1.00111682e+206
  -1.35054634e+204   5.20332051e+204   2.47531097e+206   6.64206870e+204
  -9.72375123e+204   5.83746449e+202  -2.51179451e+204  -9.42079494e+203
  -8.61925326e+204   1.64410410e+205   5.87525343e+204  -1.98147848e+203
  -3.76810132e+205  -8.50121649e+205  -8.46386967e+202   1.57052056e+207
   8.06181880e+204   1.43504185e+207   5.16917271e+207   9.14963251e+205
   4.82451964e+204  -2.33201199e+204   3.17332722e+205  -8.00544914e+205
   1.55379919e+207   1.76117193e+207   8.20677255e+202  -3.48041030e+206
  -4.04725474e+205  -5.42683441e+205  -3.47360703e+204  -2.37923109e+206
   8.68723611e+204  -1.17733369e+204  -5.98303862e+204   3.26203098e+206
  -6.52772059e+207   1.95471998e+207   7.93946903e+204   1.20267005e+204
   8.25982997e+207  -2.32851549e+205  -2.83539588e+204][  1.21839633e+205   7.35550384e+206   1.04404541e+208   1.28392558e+205
  -7.64689105e+205  -2.08548258e+205  -7.88894629e+205  -1.23138288e+205
  -4.48155228e+205   1.28414481e+206   1.03744754e+204   5.77908019e+206
   1.04123036e+206   2.18362715e+205  -1.39203490e+202   4.57482763e+204
   3.12728649e+204   5.39349982e+202   1.47127075e+204   4.80464193e+207
   1.07079146e+207  -6.36417290e+205   1.53100773e+207  -3.09796367e+204
   3.47727645e+205  -1.25155085e+203  -1.06754469e+205   1.89834192e+206
   9.26955204e+205   3.69437905e+201   9.11229723e+204   7.14211690e+205
  -2.59159932e+204   2.28126944e+205   6.08694075e+201   2.19057097e+203
  -2.08794588e+203  -1.08345565e+204   8.25334151e+203   2.68603194e+207
   5.83939290e+202   5.26831810e+205   9.82990271e+205   5.61225581e+206
   2.64958441e+205  -7.56625757e+204   2.76184628e+205   5.41233059e+205
   5.96644434e+205  -1.70632251e+205   1.40806024e+204   4.90358890e+204
  -4.40291370e+204   1.05985856e+203  -5.88372718e+205][ -1.25724356e+206  -5.58712255e+205   8.95803396e+203   1.00603528e+203
   3.85365113e+202  -1.62414269e+203   3.42905009e+204  -2.66415907e+204
  -1.01933702e+207  -3.20577101e+207  -1.61070132e+205   1.48773586e+205
  -6.06793727e+204   1.47353453e+206  -7.60678229e+202  -2.27499083e+206
   1.68547142e+205   1.73007421e+201  -4.40958340e+206  -1.96554229e+206
   1.05846722e+205  -9.96667247e+204   1.61825167e+205  -1.37968774e+205
   9.77960111e+203   9.07578440e+204  -7.11933401e+205   5.62658045e+206
  -5.66231754e+204   8.17336358e+205   9.63553255e+204   4.29143247e+205
  -2.84142184e+205   1.62170022e+204  -2.04500676e+206   2.66838269e+204
   8.56074274e+204  -7.90188397e+204   3.31597913e+204  -3.56807821e+205
  -3.18250597e+202   6.03107263e+204  -8.98243956e+203   3.02962174e+206
   1.16337617e+203   8.26575231e+204  -2.69809314e+205   7.72507465e+203
  -1.98758304e+207   9.37631976e+203  -2.13312264e+206   1.69010380e+207
  -2.49016789e+205   1.92429844e+206   2.90496700e+205][ -9.61573810e+202  -1.86471401e+205   1.57888998e+205  -4.31267806e+205
  -7.70231180e+205  -7.68072640e+205  -1.15125352e+203   2.71954167e+206
  -2.28585588e+205  -2.03695646e+206   1.13733934e+204  -4.73236252e+205
   7.73739380e+201   6.97773639e+204   1.89677641e+204  -1.33115734e+206
   3.37101190e+208  -2.34745543e+202  -8.47395330e+203   2.61555926e+205
   4.74847898e+204  -9.06925605e+204   1.98019065e+205   1.66668127e+206
  -3.15132048e+204  -8.72192451e+205  -5.29175500e+205   1.32088416e+205
  -5.89467429e+205  -2.03595370e+204  -8.54554367e+204  -1.27037207e+207
   4.85606816e+201   2.66627674e+204   8.91896465e+205   1.02857002e+200
   3.02547930e+206  -4.33710679e+204   1.38535396e+203   3.52078896e+206
   9.56130479e+206   3.31341469e+206  -2.91266320e+205   2.56459779e+205
  -1.03700033e+205   2.47276198e+204   3.29968246e+204   1.47976509e+207
  -1.21202583e+206  -1.29528148e+206   8.90232242e+200  -2.47220213e+204
  -1.37972056e+203  -6.41433531e+203  -6.33941461e+206][  1.54037227e+202  -1.73896108e+204   1.33736438e+207  -9.29688864e+205
  -1.83334617e+202   2.21961724e+204  -1.63528721e+205   2.25494370e+207
  -5.82351769e+207  -3.32567739e+206  -9.89065179e+203  -1.39410040e+205
  -1.32818998e+204  -2.01905344e+205  -1.37178486e+205  -7.43950455e+203
  -2.45538933e+205   3.20026135e+206   2.04354712e+206  -8.05677780e+206
   1.80449684e+205   4.78759873e+206   1.52895946e+206  -2.37315942e+205
   1.03815717e+205  -4.78662911e+205  -5.30203746e+205   4.36555865e+205
   4.96130805e+203  -1.54483687e+203   4.56722074e+207   4.06502319e+203
   1.53891142e+205  -1.40335713e+204   2.53199395e+202   1.53418229e+206
   9.42175294e+202   1.55108574e+205   1.04059600e+206  -1.41624067e+206
   1.07313537e+205   5.54815714e+201  -4.10012429e+205  -1.59799735e+205
  -1.96450601e+207  -2.44299755e+202   1.39000937e+205  -1.54697886e+201
   4.29056977e+205  -3.27536364e+204  -8.02350946e+205   3.92046112e+205
   4.57142604e+204   3.70204015e+206   3.79850881e+203][ -7.29149963e+207   9.90612286e+202   4.31754483e+203  -7.90924659e+204
  -8.33854807e+203  -3.75999151e+204  -1.05117034e+207  -1.17492182e+205
   5.94130652e+205   1.04553941e+205   1.51796770e+205   2.76302674e+205
   4.09988701e+204  -1.13920050e+204  -2.19405566e+204   9.67855244e+206
  -1.51033753e+204   6.09893071e+204  -9.32346889e+200   7.25112459e+204
  -5.42764769e+205   1.78476156e+204   1.33800403e+205   5.31677501e+203
   3.24027566e+206   1.84532499e+206   1.76941474e+203  -1.22162848e+205
  -1.07299874e+206   7.94164353e+204  -2.07730617e+205  -2.71045375e+204
   7.21679893e+206  -2.05099332e+205   6.54213392e+205  -7.69471386e+203
   5.39241422e+202   1.18111991e+207   3.56370594e+206   2.58007190e+203
   1.98624917e+204   3.74037153e+204   2.13199847e+204   5.09370759e+205
   2.23732850e+207  -1.36147126e+206  -3.49162668e+203   3.12970412e+205
  -2.15271498e+204   3.91407457e+203   1.06784689e+205   1.18063623e+206
   1.27156698e+206  -7.77221703e+206  -2.42095997e+204][ -6.51430749e+205  -6.35870394e+204   1.33224979e+204  -9.26039051e+206
   2.99610024e+205   2.88522666e+204   3.23210357e+205   1.32509645e+206
  -6.05763567e+204   1.18655214e+206   3.73137847e+204   1.68902280e+205
  -4.25580467e+204   2.22116690e+204   4.43203073e+204  -2.58732426e+206
   5.99540549e+206   8.39749539e+206   1.25909892e+207  -8.56103453e+203
  -3.36191808e+204   1.20358874e+206   1.00471630e+204   1.40309935e+206
   9.73664921e+205  -1.73006182e+205   1.60337791e+205  -2.80862264e+203
   4.44238948e+205   3.08723678e+205   6.66727814e+205  -7.09496691e+205
   1.09901207e+204   3.05089862e+204  -9.43915176e+206  -6.74559728e+206
   5.03003910e+206  -3.23505599e+206   1.74446137e+204  -9.81438618e+203
   1.03533136e+206   2.61610425e+202  -8.39069524e+203   2.54510501e+205
  -3.97837540e+205   1.73419196e+205   3.49416735e+206  -2.79303037e+204
  -1.05897502e+204   6.88488694e+205  -5.06123889e+205  -4.98186675e+204
   2.84289852e+205   7.64297834e+204   9.54449089e+206][ -1.02330237e+205   3.82715507e+202  -2.22967203e+205  -7.43506679e+204
  -3.80593782e+206   2.87560915e+204   3.79364357e+205   2.00680806e+206
  -4.56199849e+205   1.79646612e+205  -1.40896756e+207  -4.08503325e+205
   8.57442485e+206  -1.26211613e+204  -2.03111872e+205   1.37682595e+205
   4.19449431e+201   7.62642997e+203  -3.43609123e+205  -4.30705604e+202
   4.22000192e+204   1.66739771e+205   8.01967439e+204   8.37490997e+205
  -1.92825666e+204  -1.07229450e+207  -9.57218570e+206   8.60905494e+203
  -9.84301805e+206   3.56512438e+205   3.56757290e+206   3.68119028e+204
  -3.29439547e+205  -7.59145182e+203  -8.10122390e+206  -3.15255225e+206
  -8.48966985e+205  -1.26911669e+206   1.82295179e+204  -8.36315644e+205
   1.29417654e+203   5.71381323e+208   3.93211615e+204  -3.47293493e+202
  -8.27376341e+204  -3.10422385e+205  -7.03495289e+202   5.66539856e+205
   1.67397147e+206  -6.61804475e+204  -5.96622559e+206   8.29121507e+205
   1.65646013e+205  -3.44945060e+206  -1.57022110e+204][ -2.18059906e+203   2.03248517e+205   4.43731541e+206  -4.39557295e+203
  -1.58229020e+204   1.58473451e+206   1.27524172e+206  -5.25722871e+204
   2.12190629e+204   1.35316611e+208   2.34473463e+206   6.26690696e+205
   6.30496454e+205  -1.43707018e+206   8.13498826e+205  -7.06540094e+203
   6.62523738e+206   8.36899172e+204   1.66567803e+203  -6.58064337e+205
   3.15494146e+205   5.71463763e+205   1.10795873e+205  -6.96929082e+205
  -1.04856414e+206  -1.53130098e+207   1.82519973e+204  -1.99675579e+204
  -9.45827547e+206   1.43730877e+204  -1.24378488e+204   2.45265928e+204
  -1.16326644e+204  -1.65352045e+205  -1.73010843e+207   5.30794393e+204
   1.64671202e+202   2.36038974e+205   1.70591597e+206   1.35221526e+206
  -2.83727289e+207  -7.55163512e+204  -6.03854856e+204   3.55645781e+206
  -4.93568255e+205  -9.44761013e+205   2.53543942e+204  -3.94521882e+205
  -5.14715863e+202   8.65717239e+205   2.56279394e+206   3.54663692e+207
   7.22131924e+205   2.61727341e+204   3.92725826e+202][ -4.01990911e+205   6.40107204e+207  -5.26688473e+206  -5.11615172e+203
   3.42152817e+202   1.34723163e+203  -8.48902883e+205   3.35746514e+205
  -2.39698430e+206  -1.87769682e+205  -8.34607209e+205  -9.07322414e+204
   1.81973324e+201  -1.08815262e+206  -5.34830911e+202  -1.22593813e+204
   5.05803695e+203  -3.18277912e+206  -2.37908936e+205  -1.17112238e+204
  -2.28854999e+205  -2.32558107e+205   1.58267619e+205  -1.00409857e+207
  -2.61404036e+206  -7.04571287e+203   9.15102832e+204   6.77510316e+204
  -2.10785143e+204   2.05986521e+206   1.39619568e+203  -1.15504996e+206
  -1.94264952e+206  -7.10051610e+205   2.16795546e+204  -3.33718487e+204
   1.82223799e+205   3.72631209e+206  -2.80028924e+204  -1.60170522e+204
   1.05797686e+204   1.28363433e+204  -4.56714717e+204   3.76054925e+205
  -3.46078986e+201   4.39554201e+204  -1.98021971e+205   3.08162668e+207
  -1.31464808e+206   1.35285654e+203   3.61052772e+204  -1.12430551e+203
  -4.05160446e+203   2.44641397e+204  -2.65640154e+202]
 pesos capa salida
[ -1.63042681e+204  -1.93416378e+204   6.25315497e+205   1.43996032e+207
   1.02980231e+207   5.58229624e+206  -1.12970706e+206   2.16201760e+208
   1.24707475e+203  -2.07463978e+205   8.72748951e+207   1.04500703e+205
   1.44548397e+206  -2.01580824e+203   9.05830026e+203   1.21567505e+205
  -3.45891846e+206   7.30864299e+206  -2.37935119e+207]
 biasCapaoculta
-5.164687481364579e+205
 biasCapaoSalida
5.029014039030991e+203
 mejor error
190.49999975900047
 Precision 
0.6689834926151172