
 fecha de inicio Thu, 09 Nov 2017 04:59:22 
 fecha de la generacion Sat, 11 Nov 2017 02:29:21 
 generacion: 459
 pesos capa oculta 1
[ 0.86800995 -1.54926692  5.52504766  0.77930792  2.86193392 -1.49094355
 -2.66566848  2.41258221  3.67010861 -1.08268184 -1.15754842  0.47282215
  2.50999161 -2.13134291 -4.77007694 -0.90730194  6.50875622  4.87577913
  1.17703234  2.08640229 -3.31103604  2.37217701  4.77692276 -1.71855785
  5.79988472 -3.46972905  2.4862974   3.76954386 -3.30894179 -0.13926205
  2.35524606  0.7164374   0.6650428   7.18111561 -5.3497532   2.88920908
 -1.19470422  2.52849248  3.02801629 -7.69419289 -0.25312686 -3.911741
  1.66115706 -0.30524396 -0.79214877  1.75563286 -4.16347744  1.86637897
  3.29863865  8.37050793 -1.09299736 -3.84160228 -3.83037679 -4.03903924
  0.90182071][ 1.1471738  -6.09566235  2.87808431  1.84701207 -3.98308107 -0.34256198
 -3.38568884  6.41154941  3.24699765  5.31452867 -1.88546248 -6.81715833
  4.28780956  5.43281621 -4.2487035  -1.35806715  5.77934777 -1.81220301
 -2.99160118 -0.66666696 -1.56054289 -3.36944055  4.52800648  5.37386181
  3.12534676  4.74042837  3.7562452   0.4659364   3.03546755  0.81461656
 -0.84382369 -5.88994463 -5.55717474  3.60828039 -1.19162445 -0.83524101
  0.86955539  4.82174637  1.08233691  3.07022211 -2.29732214  2.26445936
 -6.45795582  0.53773756  2.60302152 -5.00617664 -0.28791143 -1.64252259
 -3.69874943 -0.80779321  4.54170554 -2.48992092  0.55298827  2.70404306
 -2.95148038][ -5.13878903  -1.01122562   2.19584243  -1.46865779  10.88963107
  -1.06964418  -1.30858365  -4.75919053  -2.64767945   6.26812867
  -2.56577239  -7.73228733  -1.45648166   0.50742664   7.65034206
  -0.67559645   6.07262124  -0.50486885  -0.26313931   3.95439524
  -1.10001445  -9.37618044   0.16299136  -4.20522653   1.03863601
  -4.42764024   7.98990388  -2.51252457   3.6984842    3.56474547
  -2.73520122  -1.44724854   2.28959134  -4.92233119  -5.73197274
   1.68451655   2.63645323  -3.53790771   0.42060364  -3.48603168
   3.9166446   -3.22096315   0.89215483   6.97791803   1.12957733
  -2.5979558    0.39450025   2.42102541  -0.46626545  -0.88602588
  10.45071403   3.73637929  -2.34098187  -3.6912051   -1.46007239][  4.64099775e+00   7.39721441e+00  -4.47063635e-01  -5.92250957e+00
   3.65210971e+00   9.92709071e-01  -3.14075024e+00   3.81640769e+00
  -1.43919094e-01  -1.17938098e+00   7.14132878e+00  -1.17796716e+01
  -3.05101128e+00   7.14522843e+00   1.23646429e+00   2.38018020e+00
  -3.32091941e+00  -6.45536533e+00  -2.91694489e+00  -8.86027868e-02
   2.27688230e+00  -2.15229611e+00  -1.75168713e-02  -2.70113799e+00
   1.91395542e+00  -2.99296255e+00   1.14440198e+00   4.16497390e+00
  -3.38099082e-01   4.02631978e+00  -4.03724741e+00  -1.19673309e-01
  -2.85445506e+00  -3.68808348e+00  -1.72194929e+00   4.52455363e+00
  -1.06730390e-02   7.50950706e-01   2.21755373e+00  -3.72827962e+00
  -1.51537747e+00  -6.15484455e+00  -2.10889915e+00   1.40436197e+00
  -2.94379269e-01   3.86690646e+00  -2.72021787e-01   4.17041950e+00
   6.25483677e+00  -1.08926354e+00  -3.95825285e+00   5.24869825e+00
   4.93017901e+00   1.01079776e-01   6.25195346e-01][ -3.38278365  -2.30944825   2.10842162   2.80544093  -2.00649015
   2.52302121  -5.52884435   1.64135603   1.98225919  -4.0336298
   1.64567073   0.22153662   5.30619377  -2.93915906  -0.83146017
  -2.89998043  -2.25018834  -2.40587959   2.54120891  10.00974915
  -2.80188253  -1.88451454   2.80167923   3.73602153   2.22404043
   1.30456573   4.68483302   0.0205319   -7.22991121  -2.3005671
  -3.08675312   3.31308344  -2.21009468 -11.91189197   1.6267742
   1.87012513   0.48302399   2.4760086   -0.96097745   4.5005249
  -2.15466799   2.51189601  -1.75684546  -5.9288233    3.64907377
  -0.79928391   0.1455611   -1.9920812   -5.27811882   1.83801875
  -2.62256807   5.49379994   1.53006296  -1.06185238  -0.26454287][ 3.74807294 -1.89569764  6.12865404  3.29897448  0.71181674  4.3400963
 -3.00415629  0.23967076 -1.0409634  -0.22991505  3.80621212 -2.62654958
 -0.44242692 -1.59473457 -1.27442462 -0.32013372  5.33433483  4.28706275
 -1.23194995 -2.22018016 -2.02582772  0.71300584 -1.70403315 -5.41729845
  2.81308069  1.60003317 -3.57205326  0.96070469  3.90650843  1.55877051
  2.46595573 -3.25605304  2.03168733  5.76127911  3.13219357 -4.78010115
 -1.81539657  0.03469969 -3.65007563  2.24030435 -4.23216052  2.52141267
 -0.39212878 -0.51297364 -0.93311258 -3.05878836  0.6596561  -2.25974111
  2.70191356 -2.28343552  4.66376885  7.53452234  1.91486573  5.34554705
  2.73200611][-2.89859318 -2.98047989  1.33965095  5.12703962  1.46781936 -3.422923
  1.78408184 -3.81238016 -3.7663676   3.63482628  1.29780724 -2.19049041
  2.87973273 -0.71985671  0.47025469  6.55329827 -0.20630717  0.97943113
  2.51270069  2.68825677  3.30939509  1.34459676 -4.5009319   4.39237379
 -5.85929217  4.15684308 -3.21661451 -4.93444152 -1.11702464 -3.33918074
 -2.18526711  1.75945959  4.40774334 -0.49843087  7.15265438 -8.25643492
 -0.83092882  3.28331322 -2.13903412 -0.71953691 -4.92009034  1.67613434
 -0.5218011  -1.96098418 -1.97664393 -3.71918154 -1.39024553  1.45953486
  0.94999945 -1.62981398  2.71773842  4.36491138 -3.93744573  2.71646559
 -4.21054485][-1.13825985  0.82212911  6.50115788 -2.77102359 -5.17281113 -0.07579749
 -0.47662254  0.62529679 -3.08556004  3.60863083  0.01203123 -3.416274
 -1.8137815  -2.89910062  0.04490583  2.23279853  2.65896733 -2.34602456
  2.00269346 -2.80106615  1.14379371  0.31899189 -2.27266353  3.36733695
 -2.68801814  1.63866612  4.55928437  5.67574253 -1.88855412 -0.77734801
 -2.79803973  0.88561004  2.22996191 -1.82936731 -0.24238033  4.4381637
 -0.31976705  1.54844444  1.09906847 -7.79828174  6.510178    0.88420049
 -1.46276303  1.34411586 -2.43366835  1.26782407  0.75828595  9.2891614
  1.53899628 -1.46603805 -2.7936238  -1.67575264 -5.5727285   3.69700736
  3.06742175][ -0.2553144    2.63870063  -8.54630761  -5.01720393  -2.79140606
  -2.09913333   0.80858622   0.24518065   5.42120151  -5.03133853
  -2.67958576  -3.62424174  -0.04626124   4.59538119  -5.96518071
  -2.79055027   0.05169379   1.99268277  -3.26764176  -2.46616338
   2.56780279  -2.6543023    9.81908357   1.60797053   2.02303163
  -4.79162477  -2.90580099  -3.44629489   1.51275532  -2.07510272
   1.46116197  -0.76554624  -3.15208364   2.17512808  -4.06431324
   6.51277802  -8.18938805  -7.1751076    8.12146182   4.08462055
  -0.98342545   0.34706441  -1.49698722   0.60696947  -2.03078491
   1.85794891  -2.67950051   0.41697785   1.29918218  -0.81054523
   1.40948588 -11.30936528  -3.60514091  -1.55546684  -1.63288827][  1.95654363  -1.01823288   6.92622672  -1.34806623   2.65578406
   1.75832685   1.79082063   4.61302088  -2.59714606   0.18639595
   0.24446616  -0.81699296  -0.69464645  -0.97536535  -2.27826031
  -0.43890395   7.92197088  -1.01676459   0.93477717   1.66893465
  -3.38678856  -3.48789596  -7.18752215   1.10752648   3.88293685
   4.39341543  -2.99740121   0.04639711  -3.63435904   2.66635902
   0.33740759  -3.40083018   1.83369667  -4.66867303   1.83599883
   0.23897008   1.26348482   1.19615938   5.60497838   5.32535003
  -0.59965607   2.50711651   1.02005497  -3.03855381  -4.28735971
   1.16953829   1.59047656   2.47929393  10.53881426   3.82989814
  -7.00649331   6.30369359   6.39183099  -1.31337083  -2.43436158][ -1.14013784e+00  -2.09483829e+00   4.10645124e+00  -3.16780215e+00
   2.02299455e+00   3.75813326e+00   7.25124438e+00  -6.19608764e-01
  -1.79064858e+00   3.91533472e+00   2.32199222e-01   6.56537066e-03
   5.15412006e+00  -4.47498761e+00  -5.94935911e-01   8.75019183e-01
   3.18041626e+00   4.40667232e+00   1.15546986e-01  -8.47139553e-01
  -1.98920400e+00   2.24919400e-02  -1.83440351e+00   3.41971969e+00
   3.67518654e+00  -3.11523520e+00   4.72281306e+00  -3.35885779e+00
   2.25584136e+00  -5.70318920e+00   3.46577030e+00   5.03916611e+00
  -2.11899605e+00   9.33889320e-01  -1.28343865e+00  -1.04757839e-01
   5.62166085e+00  -4.13833236e+00   1.18766972e+00   9.96651473e-01
   6.71183566e-01   1.13443563e+00   6.29424473e+00   2.18512613e+00
   3.90403092e+00  -1.17683962e+00  -1.17004084e+00   6.49647269e+00
  -3.55796472e+00   3.13872103e+00  -1.40107557e+00   1.87270849e+00
   3.28862912e+00   3.77169953e+00   2.85854624e-02][  3.90018765  -3.78981465   2.22115728   1.57941383   5.99157866
   1.17600721   1.36616924  -2.73111086  -3.75232878  -1.51557835
  -1.7326642    3.60244435   5.11072459  -4.99263644  -2.69492586
   7.66279471  -1.02589415   1.12565886  -2.61247696  -3.51012551
  -5.61774655  -1.0642093    2.47408313  -0.177514    -0.90357044
  -1.5017956    1.68301115  -0.77941858   0.63354529  -4.66549206
   4.74099728  -3.8055974    1.381449     6.08829673   2.17952956
  -0.46043665  -3.06828998   1.07945192  -2.2603443    0.35374576
  -5.86003499   5.71648098   0.02260245   0.91413036  -3.58973811
  -1.27840313  -0.04977396 -10.93827147   3.52249772   3.72541171
   6.33086119  -0.87498072   6.71462325  -4.42946949   1.92938732][ -0.89806058  -0.94029342  10.42930259   2.09720875   0.05080125
   3.03449212   3.76868025  -0.12357151  -1.30705974   5.70937888
   2.9776718    2.55860989  -8.06380116  -1.69107178   3.27068051
   3.82441549   0.53908018   2.7168678   -2.54539065   2.73483511
  -6.28266353  -4.73577153  -1.33745058  -2.61600897   2.24062907
   2.30988778   2.98950947  -0.47179143  -2.71880278  -1.79849128
   4.46314532   2.50440945   3.94932638  -3.06982274   0.74357405
  -1.35104111   1.44648495   3.46849588  -5.36740288  -0.73267946
   8.38765147  -2.26408323  -1.65464428   5.16138066  -5.3028822
  -3.32899084   3.19157989   5.46581594   1.17842581   4.83474574
   6.42879705  -0.76485368  -1.69446777  -1.73049589   3.08893857][ 4.96447758 -1.56829805  5.05630289  0.56051171  2.09497467 -9.22421945
  1.6017793   1.78596895 -1.26130261 -0.68778636 -1.41453346 -4.85708422
  8.5313556  -0.39555046  1.30218025 -7.12366857 -0.43493557  0.27931614
  1.27060543  6.4158605   0.48699129  0.35389334 -3.64642823  0.40647673
 -0.34154675  4.82959455 -0.84792954 -0.50106205  0.46787019  0.22081695
  2.64918793 -1.14724263 -5.10577472 -4.51232421  2.97174927 -5.94471838
 -6.49924021  5.45336415 -4.66530446  3.15274977  2.58829483 -4.18049134
  4.59504257 -2.93372281  6.37088773 -0.80645124  5.91216197  5.13448117
 -3.67470767 -0.28577456 -1.17120364 -3.58167793  1.60729631 -4.86874915
  5.11886689][-2.59065716 -1.31581003  4.08859647  0.30630888 -2.12613218 -2.46630221
 -2.8628896   4.94479364 -1.64224658 -4.42624233  4.84651381 -4.22197064
 -1.058983   -3.45805624 -2.7879694  -2.86419134  0.10972974  2.24566489
 -3.54729256  0.37921256  3.39897623 -3.25604044 -4.55547401 -5.03748078
 -3.57228868  2.29446033 -0.57200748  5.05679523  4.93519102 -1.61457107
  3.10028431 -0.57973288  3.66350383 -2.94496726 -1.87776851  1.51844994
 -1.16442487  4.05144927  1.41634293 -1.6516533   2.17518428  5.75417726
 -6.23854217  4.48901863 -4.84435376  8.09732803  0.90079549  0.96637742
 -1.82302922  5.24649275 -5.60050584 -1.9939293  -2.50998571 -6.86722989
 -0.41972207][-2.6360026  -6.0026643   2.90209524  0.94953897  0.39771028 -1.80712116
 -0.16902566  3.06484181 -6.3889908  -3.50052899  0.74094477 -3.89504027
 -4.87846442  4.37926931 -3.10087448  1.77872131  6.21123773  2.14754754
  3.35118444 -3.19884819  6.72686933 -1.06532357  2.70547935 -0.4757957
 -0.93436738 -3.13495083 -6.92153554 -0.87191354 -1.50213509  0.77708269
 -0.90847073  0.35752668  6.29833103 -0.47504256 -1.5480807   1.69274535
 -1.41842511  5.72246328  3.62152588 -4.50954405  1.42580911 -2.14999554
 -7.64455073 -3.26952182 -1.94921703  3.76207245 -2.65059204 -2.58940565
  0.17665428 -0.3279203   1.80937235  4.73846122  3.40612729 -0.43590852
  0.89659489][ -6.30636453e+00  -4.59210038e+00   6.92394877e+00   1.26511920e+00
  -3.42753873e+00  -2.82420455e+00  -6.02024736e-01   1.27921231e+00
  -1.29331353e-01   2.68211096e-01   4.79166588e+00   5.95972731e-01
  -1.89968389e+00   1.22415136e+00  -2.75185791e+00  -8.66467035e+00
   5.79259630e+00   1.74945146e+00  -9.29673703e-01   2.70919805e+00
  -1.36754410e+00   2.85639167e-01  -7.96380465e-01   5.02481881e+00
  -1.48543661e+00  -5.76637175e-01   5.01255916e+00  -3.68188372e+00
  -3.98343288e+00   2.51573097e+00   1.21824158e+00   1.36461875e+00
  -4.99953307e-03  -2.01401376e+00  -5.09085030e+00   4.60550146e+00
   1.86525172e+00   8.81450843e-01  -5.01087324e+00   3.89846763e+00
  -7.18140291e-01   5.12289495e+00   2.09539683e+00   5.04752703e+00
   3.82468725e-01  -4.06153983e+00  -5.33231235e-01  -2.75141221e+00
  -3.01045833e-01  -2.01357947e+00   1.31763607e+00   5.56434864e+00
  -2.38813227e+00   1.43142173e+00  -1.57452641e-01][-1.63534416  1.04371242  4.05053448 -0.6345512  -5.24336867 -4.39505505
 -2.86210248 -0.29477558  3.22205028 -0.9477028   2.09238313 -3.30250411
 -1.10402824  3.63831947 -0.10750569  5.47896497  2.1012078   3.82293514
 -3.22950669 -4.17347073  6.25049588  1.00918801 -2.55424901 -7.44758364
 -1.85459173 -1.8229588  -0.40891083  8.13358172  2.25576278  2.63829769
 -2.75446233  2.55137494  2.26536267  3.26299598  2.67841609 -2.36329439
 -3.46470177 -0.42964496 -4.47325075 -0.90419189 -1.91423752 -1.9637168
  1.01173576  0.33837663 -1.32790665 -7.34139419 -2.76385983  2.77524599
 -3.18505968  0.17874056  2.51386854  2.82391217  2.80436365 -4.21603409
 -2.38977172][-2.47448935 -0.47496658  9.41675409  3.29045907  1.09826952  0.52423199
  7.42646967 -1.10613231  2.0167302  -3.47624728  1.69203882  0.03616186
  1.04401697  0.70033608  0.18489494 -1.41458233 -0.3553097  -0.46463977
  0.95470435 -6.12630306 -3.08460137  0.63283366  1.66109779  5.2989598
 -0.3471687   0.82400111 -1.32207967  3.70717883 -0.6423154  -1.65550142
 -0.94165056 -0.4751317   5.41003412  4.42883027 -0.25292238 -3.06297302
  4.27167568  0.80289181 -0.75154519 -4.42695875  3.26831847  2.20404726
  0.63102614  2.87006071 -1.52653077  0.08072409  0.05818541 -0.56795299
  5.76053182  5.88174709 -2.10730712  3.38643499  1.15488678 -2.03122484
 -0.26468004]
 pesos capa salida
[-0.67317949  1.12811557  0.88938102 -0.10443187 -0.35682334  1.48640393
  0.00894614  1.45848382 -0.47458471  3.77506814  2.01578699  0.89497446
  2.18820045 -0.16846809 -0.43615194 -0.79687868  3.98151576  0.07570811
  1.87597328]
 biasCapaoculta
-19.91147717944323
 biasCapaoSalida
0.1262836077391696
 mejor error
119.47982638595906
 Precision 
0.682015638575152