
 fecha de inicio Sat, 18 Nov 2017 04:30:40 
 fecha de la generacion Mon, 20 Nov 2017 04:18:58 
 generacion: 8412
 pesos capa oculta 1
[-7.07931648  4.3287838  -4.05752195  4.66932658 -3.95843029 -0.5746653
 -4.50272232 -1.50288224 -2.45485094  1.50184043 -0.98435683  0.10183364
  0.12159291  3.91459684 -9.28144578  1.16447616  3.89789658  3.20316907
 -1.30009534 -6.01385162 -1.65122803 -4.91304727 -1.21300227  1.05960199
  4.51904455  4.24349164  5.28915362  2.85756374  9.11271906  2.97237722
 -4.44768154  6.11456695 -2.14667653  3.93284964  7.75496797  6.8583773
 -6.05837081  8.34395185 -1.13325276 -2.17793891  2.34394202 -5.92315423
 -0.83282885  5.88259206 -2.94499156 -1.52107916 -1.52831226 -0.86783253
  1.50801662  4.75853948 -0.37626546 -3.54732081  3.74025723  1.16762381
 -1.07420423][-14.22509176   2.79981936 -10.13649732 -14.43444785  -1.39898914
  -5.93082513   1.84547716  -8.19121967 -11.66052421  -3.00130867
  -6.84828065  -1.2361659   -1.6998971    1.15054328   2.28324591
   9.2269601   -3.32055159  -0.98922403  -0.42382909   0.89036471
  -2.00141323   3.00376168   3.40776327  -5.23519369   3.04410084
   1.40389069  -3.21111985  -0.31145954   1.73707769   0.77857108
   2.47917237   2.13901887  -1.43617043  -1.21988665  -6.40767314
  -2.93746167  -2.66538137  -2.44483485   6.6097884   -1.42815411
  -3.33341313   8.94974383  -0.57299207  -8.36647898   0.26002464
   2.67816259  -0.49237452  -1.01598123   5.16960607   3.16752113
  -6.14945947   0.5068853   -2.65940377   5.5237742    2.25379249][  5.24539537   1.42724682  -9.8959238   -2.07686173   6.91878318
  -4.90347042   0.40579271  -3.00664454  -7.29204641  -0.59602694
   3.31669603  -3.48546175  -4.65404257  -0.03503601  -0.54330695
   2.30556519  -4.11852853   3.03208279  -4.40631777  -6.4836545
  -1.54194043  10.0156618    7.63807123  -8.95791943   0.35942485
  -0.02477758   8.87193789  -0.58374795   3.0630625    3.35309111
   3.61582728  -6.12983494  -5.99574568  -0.85529007  -5.48817732
  -6.36199956  -1.23793679   5.44311573   3.58213006  -0.70981391
  -2.48613387   0.45902914  -4.0880374   -0.96588435   4.29442748
   3.40231334   3.1440246   -6.99511073  -3.76046041  -2.33305719
  -5.16169386   0.1260015    5.96871132  -0.44084141  -1.79460486][ -8.12661117   1.56171598  12.03309984  -4.29183737  -4.04102427
   8.51286654  -2.10444244   6.53971099  -3.17656523  -2.72040633
  11.20800994  -4.44603844  -3.7683053    1.06246334  -7.01744818
   8.96968934  -3.7741574    1.20550419   2.48301771  -2.3978055
  -0.88924873   2.12249765  -2.75880547   1.44466755  -3.66698889
   4.05068477  -3.09891512   7.14183468   8.9114546   -1.43786324
   2.94677478   3.01066538   5.05543648  -1.64557633  -4.62572919
  -8.07568248   1.17246201   2.31307219  -2.16646583  -4.33185374
   0.58434999   4.67701262   7.15894771  -2.6648832   -5.21003264
  -4.12227389  -3.77501457  -6.86755242   6.32082263  -3.35839289
   3.11779411   7.84024748   1.10140357  -0.26061648   0.65745073][  7.65712653   6.12065981  -9.59486161   4.60771791   2.50610851
 -10.16485154   2.25861912   0.74971218   2.2803053    3.52094245
   9.86581563  -2.62192424  -1.72008884   1.94689243  -0.33332126
   2.90153993   1.31736063 -11.18320798   0.3524257    7.14696237
   2.25020392   8.81393958  -4.57240106  -1.58693112   6.0120908
   3.31646102  -1.65695009  -2.42743711  -0.44601552  -5.10269275
  -4.46480408  -0.26540874  12.9616109    5.36423602   9.52915555
  -0.62936433   4.6762009    7.18572814   4.04293538  -4.53274381
   8.60571947  -2.11049819   4.05470198   3.10824439 -12.68024369
  -6.14648335   3.09868974  -1.75938581   4.20009078   8.45393617
   1.09625201  -1.90003333   3.23993326   5.90688898  -8.92773506][  2.3036447   -1.9280352   10.21413233   1.91745919   0.94386487
   4.49729302   4.09584091   1.31128186   7.16270936   3.77801576
  -0.23694957  -4.68968952  -7.83550246   9.00712804   2.53017947
  -0.80064138   4.19799077   0.88186447  -7.41691986  -1.6235629
  -8.59086503  -7.40119505  -0.4065602   -6.56361203   0.74298066
  -0.91504535   7.33869487  -3.2483967    0.78389847  -4.40897372
  -1.5820205   -2.29842258  -5.58195182   2.37150866   1.09593432
  -0.69361984  -7.99070155   8.54468274  -4.20581285  -1.63210045
 -12.40990424   6.84999161  -7.36929117  -0.37779746  -0.83682999
   7.03228167   4.64367586  -7.03819694   7.3252354  -11.55849412
   4.56762323   4.66752059   8.61883385   0.81402872   1.13761559][  8.44258276  -6.92881084   1.42675294   8.59644636   4.90447776
  -1.21379823  -4.07802904   0.66478218  -6.02490443   1.59636825
   3.81504607   6.11460999   7.0077771    2.17628355   0.96602282
  -0.70790192  -1.07842733  -1.76209879  -7.06149492  -0.95822836
  -7.59739595   7.96595765  -3.52524474  -2.37120364  -2.87678481
   0.47159596  -1.37435504  10.40474624  -5.08696513  -1.21339537
   2.79062996  -1.55721268   2.63149824   0.06636947   2.52457554
   0.56321345   1.31111329   4.49848712  -3.66608566   5.47737395
   4.0795909   10.18333162   3.15604181   3.7238205    9.5389431
  -2.63746381   1.34512972  -5.77454892  -0.70546112   7.67747631
  -1.43520679  -3.36407538   5.57437505  -3.24485602  -0.12335815][  0.65883783   1.49085824  -8.66421122  -1.57930027   1.74169551
   2.81103604  -2.20993168  -0.40239824  -2.24770656   0.49964236
  -5.49748553  -6.97267487   2.00289925  -1.76474585  -3.06803147
  -2.41963783   5.97115542  -5.16555903   4.89318959 -15.96868294
  -5.16600518   3.62630654  -2.34971764   2.5512706   -1.71255444
   7.64232918  -5.47003679   0.7960386   -1.87795009  -5.62487515
   3.64906629  -7.87345422   3.65559719  -4.71019747  -2.81021033
  -4.35512481  -6.82459246  -5.59216981  -0.47992086  -1.53365779
   3.83282505   1.42336689   3.4099149   -6.5154226    1.96418878
  -0.73109873   6.40267646   1.78090276   1.82926241  -3.79296448
   1.22636443   0.39835027   1.14350375   2.03679126  -4.26299687][ -7.11299002  -0.06081578  -3.14215646  -2.63226659   8.29192849
  -2.90908147   5.24446238  -6.83116075   1.01725899   9.86129323
  -0.25415499   5.52600449  -0.30158212  -0.48623919   2.10666268
   8.27280567  -3.00970932  -3.35738658   4.56686494  -0.09536025
  -5.67655974   8.49449795  -5.81991643   8.90056338  -0.31630757
  -9.13746343  -0.62005053  -0.12240226   3.42317016  -0.86871315
   1.66157572   0.81884936   7.91590836  -5.40063884   3.6837135
  -9.49742278   5.69859222   9.01727736  11.38404367  -5.46653156
  -2.5205354   -4.65837559  -0.46700622  -1.23077667   5.54956413
  -2.57551202  -1.13791306  15.80143779   1.83585814   0.61139915
  -0.69336163  -3.57974582  -1.18937182   1.34013889  -2.94074019][-7.84725549  7.87571505 -8.07678244  5.37647245 -2.05251799  5.94216569
  2.25927147 -1.07862543  3.27227483  0.01327342  4.02304403  1.97393378
  2.86428415  0.78912117 -4.05158483 -1.09993305 -4.55897163 -2.19962924
  0.36252663 -5.45923443 -3.0789067   4.8106049  -5.42938742  6.69264301
 -2.32149931 -1.43497267 -2.7845552  -0.04159431 -0.68036802  0.26060558
  3.52140356  5.21762519 -9.18227364 -6.02461797  1.50447574 -5.45316672
  9.26824727 -5.42743942  2.1651646  -5.1042636  -4.53926987  7.07451864
  4.89211255 -2.20233351 -1.25340756 -5.26432952  6.1305074   1.5444491
 -5.38495911 -0.87283616 -0.49167963 -6.93196079 -1.68889741  6.79945507
 -3.39544681][ -3.05892091  -3.57781856   0.84711421   5.77662959  -5.19608845
  -2.28180314   4.24752538  -3.67367188 -12.17223453  -7.52410883
   2.6853112    6.19141408   3.99424552   8.237158     5.55017996
  -1.80054676  -1.2185834    1.13181431  -1.56799004  -3.00594013
  -1.01007713   6.45081362   1.90773295 -13.29031543  -2.80137146
  -0.59405381   2.47053266   0.73382002  -2.55719435   2.68217654
   0.17327866  -4.28035025  -1.67096529   1.66910197   3.55966878
   3.49643257   0.91501111  -5.58388421  10.39714264   1.41712675
   1.65949036  -3.31932311  -3.55088146  -0.78663753  -4.34683146
  -0.33610567  -3.39155625   2.44876065  -0.53952646   2.12586046
  -6.63185958   2.35627019  -9.17118272   2.28273418   2.08640067][ -0.24475253   0.30496098  -9.35961481  -4.8994128   -5.94210605
  -2.6111861   -5.07372044   1.27366838   2.17240741  -0.28076564
   7.92215171   0.09149549   4.3594984    1.65770406  -5.80286607
   5.31355526  -7.04359283 -12.03461522  -0.15705388  -4.85530534
  -3.76817909   4.35266028  -3.18640392   2.00912784  -3.67571428
   4.02310402  -2.37758917   6.7715717   -1.49302943  -1.20554081
   0.50213855   7.17467857  -4.19431686   0.14293916  -2.9400977
   4.76117318  -1.4039137    3.34215005  -6.68289972  -2.62063591
  -1.07517009   4.20685798  -4.10886951  -0.36151823  -6.47349721
  -7.32808209  -2.44859932  -4.47162728  -1.58925965  -3.28566752
  -3.12789756  -0.02803369   2.38614548  -3.05066639   1.06409959][ -3.14184034  -6.2015403   -8.70152639  -9.42413091   4.57942178
  -2.69190894   4.91685758  -1.03931739  -4.98259802   9.4004128
   3.33781113  -3.07266948  -4.19699755  -3.10134023  -6.79415982
   4.8211355    3.6438367  -11.83620076   2.96571436   7.00365912
  -1.78660527  -3.60608704   4.88366877   3.02486089  -0.36207824
   2.95321844 -10.75171853  -0.27626477   4.66585207  10.16591254
   0.69737547   1.49802114   3.53747961   4.33610701   6.69556874
   1.66830706  -0.44035581   5.70155036  -0.41925472  -1.73546813
   6.44545501   0.97183003   2.14829899   6.5960046    2.74107775
  -4.98431258  -4.22661164  -7.58202561  -2.12046414   0.22527912
  -1.78747091   7.05917501  -2.39943125  -6.88828463  -0.71633126][ -8.23143018  -4.28869338  -5.25118124  -5.22067802  -6.06423718
  -4.09804422  -1.72388931   6.96632861  -2.05059538   4.80831931
   2.87427214   0.43264785   1.13542888   0.47284598   5.34488145
  -8.89356118  10.10928442  -0.89177892  -6.44134754  -2.52187434
   2.77722421  -4.73844307  -3.41676602   4.20574197  -3.40533696
   1.54630514   1.60836984   2.76117989  -0.63957355  -1.22714472
   9.35258623  -4.08087232  -0.43351404   2.10663539   4.88641787
   3.38661121  -1.7246047    2.86270979  -5.52919373   3.14622999
   6.21484715  -4.25109408  -1.86537591   4.53788028  -2.05693144
   4.43674296   1.21360121   4.54085173  -9.66543019  -7.33010096
  -4.05218886   7.4605259   -0.15738515   1.59513113   2.00350027][ -0.06923017  -7.3280721    0.21696402  -2.13969102   6.22355079
  -5.86039352   7.29409142   3.50059433  -3.87180508  -5.61084777
  -3.33701809   3.74942221  -1.76678045   3.79287358  -1.29367596
  -9.25462637   0.90428997  -0.88759227   1.5554109   -0.74638277
   4.18389746  -2.82709638  -7.54292115   7.69425677   9.35050874
   2.2697253    4.19945097  -1.66078447  -3.79975689   0.08028862
   0.25383737  -5.37198152  -3.01712736  -1.62504454   1.51043789
   4.85990263  -5.65976265   4.02364303   3.19479466  -8.45207703
   5.4217108    3.74150081   4.0843397  -14.78312983  -1.69893565
  -4.69279675   4.47923632   0.02376818   3.74096394  -2.35690366
   0.95538437  -7.91787226   3.08924853   4.65657718  -8.46032741][ -3.7120355    7.23931483  12.70585573  -2.94299275   3.95344083
  -1.21373427   1.13979722   1.60196462  -3.43326111   5.66445277
   5.99289551  -1.28656571   3.40918907   0.43662067   5.1300844
  -1.87292337  -3.69109427  -0.34220941   0.7939525    0.60688506
   1.95776025  -0.31662583   3.77909818  -7.577794    -2.32442598
   0.2912498    3.90421048  -6.08614559  -4.55733295   0.47820912
  21.21301131  -3.17856878   3.85168261   0.56569089   2.58042491
  -3.14540181  -0.436196     9.03425193   2.35305638   2.49592705
   2.9065133    2.80940969  -3.12005461   5.0051792  -14.34538347
  -0.99596923  -6.49018487   4.14343298   4.09388942  -3.96396966
  -1.95694157   4.36141354   3.0108322   -6.36414352   4.93766178][  2.57269178  11.79244482   4.26358328   0.11631049   4.49834677
  -5.1084181   -8.22375204   5.86981532  -0.52263777  11.15553212
  -5.56030205   1.2310335   -6.6184542   -2.67801539   0.49085529
 -12.50821321   0.36925392   1.65395179  -4.04649861  -2.34075001
   7.49363321   5.5704857   -7.12550545   6.07817772  -0.31355819
   3.99667477  -6.02087665   0.63025455   5.05497289  -0.10992123
  20.3644911    6.79958595   1.5860393   -3.79039087   6.92175639
   6.93669101  -8.60273008  -5.66467516   0.03105994  -2.92149191
  -1.78561691  -8.49131144  -4.27243726   5.48950407   5.08708493
  -0.66161334   3.87602809  -1.10648452  -0.69342739  -3.52003795
   3.57624087   0.48002027   5.06000753  -3.06672987   3.47001146][  7.75767632   5.99215856  -9.49005008   0.49659838  -2.43122751
   3.61024465   0.97394427   4.654616    -2.36291362  12.11570579
   6.71985857  -7.6914015    2.89968352   1.03420894  -1.91247179
   0.52840931  -5.84973929   1.73200276   4.79954023  -7.34810904
   2.29061728  -2.96795809  12.20743046  -3.75262713   0.32185817
  -0.06087233   0.59990404   7.68866749  -6.05301586   1.23174931
  -1.55887432  -5.06075541   2.48443408  -0.40022867   1.87252291
  -5.16360897  -0.84239651   0.14473481  -1.70378905   0.53253768
   5.45245127  -3.19756817  -5.72142449  -4.20716183   0.77429239
   5.96141985   2.84697603  -5.55514902   6.26060231   2.37071393
  -5.17816608  -4.19074899  -1.4516896   11.69361175   3.33422749][ -9.19128059  -4.22276455   3.61860905  -3.73585098   0.16090602
  -4.40336702   1.31183436  -5.84025576  -0.55363588   3.85149433
  -2.11092503  -4.6925127   -4.44336882   2.98852041   1.60589775
   6.21838089   3.20807345  -2.09356136  -4.33982709  -6.63102238
   6.18673276   3.46752724 -10.48687235  -1.71263787  -8.18398083
  -1.1046805    3.60628066 -11.52619626  -5.88105885  -4.91759366
  -1.11613095   7.28206045   2.44587182   3.94655397   2.07346211
   3.90269503  -2.99951964 -10.52648238  -5.44175201   1.32641361
  -6.25070803   0.95880033  -1.77046838 -10.68459674  -7.73820214
   1.32304118  -0.30521722   3.3000415    0.62921321  -4.92555791
   0.89939929   9.95349472   1.80487322 -12.17810341  -0.21934626]
 pesos capa salida
[ -0.40410235  -0.90386939  -0.64262791   5.07623119   0.23182125
   1.20513172   0.72401465   0.76833865   0.40713544  -0.91405806
   0.28727713  -0.90983431  -0.04728105  -1.03212116  -0.12381172
  11.17191886  -0.38569509  -0.4817253    0.22055198]
 biasCapaoculta
-8.155846810063213
 biasCapaoSalida
1.2293807896654343
 mejor error
119.364946292709
 Precision 
0.6811468288444831