
 fecha de inicio Sun, 14 Jan 2018 04:03:18 
 fecha de la generacion Sun, 14 Jan 2018 10:03:18 
 generacion: 2727
 pesos capa oculta 1
[ 3.08216279  3.85017687 -1.04148882 -4.51555937  3.00659218 -1.49114298
 -2.99834255 -6.43625307  1.20066628  1.6748358  -0.87465471  0.94541793
 -0.03831471  1.21382829 -1.67817771 -2.27811748 -1.1198858   4.69122198
  5.28886855 -3.03108892 -2.05472055 -2.5161659  -3.92580234 -1.87284402
 -0.75399217  2.30154077  0.43499589  3.22804336  0.37243764  1.24781827
 -1.19625543  2.72114332  4.2185225  -6.50913969 -7.30294168  0.75673622
 -3.28657622 -5.80732973  0.04933698 -2.19109354 -0.86182569  0.3444374
 -3.94819049 -0.90955918  3.58730264 -1.16235231 -0.13319597 -2.91870497
  3.67396165  3.5657711   1.47617916 -0.25887696 -0.33395791  1.78477026
  1.04516719][-1.06029166  0.5370769  -5.23288867  0.04589438 -1.30145118 -1.56995984
 -4.57086232 -0.7345629  -1.44223407  1.82560793  2.82983767 -1.23811891
 -2.20437725 -0.81379627  4.56793991 -2.13860956 -3.12486477 -1.51528295
  2.86244332  2.6148127   4.5734488  -3.25520707  4.53540802  0.85285761
 -7.69355794  2.77068375 -3.64550019  2.97968142  1.71649276  0.58312523
  4.11233108 -0.70689387 -5.66324635 -1.23781362  6.6190626  -2.74181848
 -0.47901293 -0.36285649  0.79926966  0.49058415  2.4683716   1.56061065
  3.50947721 -0.07570312 -5.78145303  1.71110525  2.72920117 -0.25582074
  2.86431418  0.93433228  0.56755721  0.05683779 -3.97776656  1.065008
  2.31573493][-1.06917398  0.26805302 -3.39004414 -0.41175453  2.83242625 -2.85295504
 -2.60590387 -6.51472135  2.79022141  0.07358119 -1.51226176 -1.47098918
 -0.39527878 -2.60983405  2.32180275  0.44807934 -3.11020248 -3.67062769
 -1.25019864  2.55534592  1.06311845 -6.90754371 -1.10625859 -0.15244778
 -1.07653415 -0.60103979  0.25780062 -1.50047086 -3.33600142 -1.46029928
  3.89549905 -2.42955274  0.08081282  0.73227246 -6.75076593  1.14819914
  3.62166318  2.99718653 -0.56052447 -1.31363605  0.49205634  3.05504862
 -0.94343732  3.77144453 -2.95464082  3.45451158 -2.50557515  0.91613802
 -4.76599161 -6.40385307 -0.82542836  0.7867457   1.2764413   0.6199913
 -0.91390926][-1.6369265   1.27573923  3.48903319 -2.04639693  3.93102486  0.69761197
 -0.47580735 -0.4409968  -1.97557909  2.6544517  -1.31461875  3.95630226
 -0.66580277 -0.5659027   4.03138303  3.48702917  1.3824277   0.30532778
  0.76359731 -2.87042332  0.11656569 -1.56824917  2.81269932  0.38220272
  2.66213094 -4.79056365  2.54273302  2.23964816  2.28267375  0.52534753
  3.53809863 -0.04307824 -0.64704874  0.61647901  1.33230456 -1.89542762
 -1.73060585  0.47845881  3.6107508  -1.92714182  0.84299067  8.58871517
 -1.9572944   4.90168708  1.24629443 -3.79571143 -4.52367736 -8.26626549
 -3.12566301 -4.95021946 -1.62736963  5.59729316 -4.83522667 -2.74820289
 -1.12172748][ 6.09635194 -7.71499116  3.80728125  4.00545093  2.2292455   2.35609134
  2.26442991 -1.76311612 -5.72425167  5.38117435  4.07201816  1.25058327
 -2.02361379 -0.52261411  1.38937686  3.31776944  6.6947751   1.83962946
 -3.77756756 -1.50284796 -0.9013794   0.44998128  2.98935086  1.47260773
 -2.45739288  3.39572299  0.49855596  0.0979941  -0.07131444  4.74118337
  7.31691136 -5.44492586 -1.68371264  2.20607638  0.82495806 -0.21825098
 -6.30957842  0.21539846  0.32049925 -2.56863571  2.92327021  6.57460346
 -3.4369255  -2.14156553  1.47345231 -4.46211038 -2.70588146 -0.25414747
 -0.36017961 -3.29879814  5.46939589 -4.2916353  -5.08435765  3.71086186
  0.93852166][-1.54057807  3.45991201 -1.12012227 -0.93307366  1.02977681 -0.92535365
 -7.27617313 -3.04192742 -0.67216226 -1.56470048  3.54178988  3.69712556
  3.02097136  3.19038482  2.33654944  2.48949823 -2.36819009 -3.27950013
  3.92542172  4.20082768  0.69806018 -0.56724297 -3.61771747  0.3882786
 -6.36267944  0.41027963 -1.81559868 -4.26062737 -0.47373083  2.86968397
  0.70707151  0.31153987  1.66390812 -2.34424985  1.36988655  4.93688844
 -3.73465805 -1.04926027 -2.29098595  0.69844124  0.29541073 -2.64417738
 -4.07181486 -1.61840817 -1.14348099  3.69289042 -1.99464693  0.82772339
 -2.19138987 -1.44903568 -3.00027856  3.00562576 -3.37308859  2.01378852
 -0.15585187][ 2.55612896  6.00516997 -3.77119232 -4.26786691  2.05155464  0.06628258
 -2.83310919 -1.01204674 -1.42927415 -5.7942976  -1.06932995  4.30813808
  1.66793599  3.07013651  4.82019934 -2.4864665  -3.50362901 -1.72385876
 -1.65955487  0.05881296  2.13628024 -0.41365765  6.34894453  0.19201755
  1.55430253 -2.84033907 -1.4138185  -0.03474066  1.23416343  3.4372438
 -0.03982086  0.46541227 -0.42209037  2.69632132  1.36968453 -0.4203163
 -0.48693353  3.50213801  1.14812205  1.76040843 -1.79777446 -0.40303323
 -1.6017729  -0.17297071 -1.70480224  0.57195265  0.11216309  0.76607949
 -0.43417861 -5.03341911 -1.7777076  -8.11199527 -2.85223738 -4.34742156
  4.03151869][ 0.63574904  1.58592312 -4.19118112 -2.06207267  6.5702343  -1.46672974
 -2.8021622   1.53238855  0.07492288 -2.15955618 -0.42571238  3.16015211
  0.8753066   2.56144134  0.1664286   1.64463905  6.47972742  3.09216782
  0.83605738  0.85013568  1.42273012 -1.40934372 -5.88123262  2.89933733
 -1.05242154  1.3490713  -1.17021044  0.17564503  1.00062641 -1.42491432
  4.49226216 -5.20249988 -0.52740896 -3.27914898 -1.71855975  0.15542176
 -4.20063174 -1.71516567 -4.17777937  2.72790935 -0.7607607   2.57211291
  0.39902289  2.67756418  0.39400405 -0.28447947  0.83525069  7.14166741
 -2.19323837  3.03258972 -0.36860907  0.88349162  1.49240261  0.63706281
  3.7363148 ][-5.2046738  -0.64146544  1.97451853  2.88807633  4.9152251   0.24906778
  1.31290405 -1.43242825 -3.04797457  1.07546273 -4.76765965  6.75839666
  3.28075769 -2.50956001 -3.41930909  3.05599599  1.69510912 -0.76904466
 -1.31605062 -3.59945959  0.1335617   0.41539745 -1.09672862  0.37764993
 -2.54286235  2.1489691   0.67052507  2.33221692 -0.99474675  7.30694317
  3.84017246 -2.88850329  3.37641704 -1.37699698  2.95714105 -0.26435377
 -3.20565669  6.68006467  2.36544759 -1.48810361  2.30575492  0.2733492
  0.45830264  2.72273548 -7.11275429  0.71632583  3.25667782 -0.24323941
  0.76270548 -1.02805798 -0.75732369 -0.06614309 -4.50888551  0.29276289
  3.93055072][  0.78333714  -3.34358459   4.62643321   5.47417854   1.68437393
  -0.55892837  -0.61218968   1.73547258  -0.23149778   0.09343164
  -1.28932208   1.90139014   1.30947412   4.05796749  -0.98830181
  -1.87729117   5.58436063   3.24868735   1.74167158  -4.66416511
   2.52921355   0.98930213  -2.01491677  -0.13875814   2.0950969
  -3.85769391  -3.5797695   -7.04144331  -1.04715671   0.75000086
   1.80018682  -1.52854688  -2.61095949   2.51713073  -1.568303
   0.52075868   8.78095539   1.46233742   2.65077244   0.98841789
  -5.62736836   1.88295938   3.72649713  -1.42634752   2.12613257
  -3.00991264 -12.02787514   1.87147663   2.03064209  -3.18957194
   0.73073326  -0.30112309  -2.23950783   2.0093218    0.39704421][-2.56252267 -3.94859872 -4.4559455  -0.60479435  2.00211175  6.6060162
 -1.69232176  3.58177191  2.48980089  0.83813792  2.30446229 -2.70581885
 -0.85499013  1.47259194 -0.03705352  1.27000453  0.28726639  2.95815754
  1.62317261  8.51055276  3.76856938  0.7925174   1.33665017  0.73472111
  2.7560966  -0.44809017 -2.44870072  2.13526229  5.15028482 -0.49357431
 -1.30890262 -0.61805525 -6.23973946  1.17851821  3.05420826 -0.60758425
  0.43520419 -1.20422757 -4.05991192  1.54748381  8.05928161 -0.80762207
 -0.15164585  3.64837299  6.58788933  5.6613666  -3.02204186 -1.79218489
  3.80383535  1.75562559  0.15810697 -0.04604366  0.6848402   1.46398052
  3.14453068][-1.12219926  2.04054615 -1.77567755 -6.82034086  1.10728215  0.9402209
 -2.29397329  1.74171819  0.46632176  0.06319994  0.37356727  0.71279603
  1.03417679 -0.32795892  2.1993668  -2.65595817  0.28386418 -1.72668389
 -4.21826291  2.96930665 -1.76747497  0.04796205 -2.91337509 -1.06833076
  0.78553557  3.12524011  0.95362849  0.41813244  3.65539263  2.67986735
 -6.66018849 -9.17762167 -2.26364134 -2.17290488  0.65892855  0.28188334
  2.10386358 -3.2774964  -3.08674564  3.06397301 -0.95758383  0.90453399
  3.79474002  0.16920403  2.0057082  -0.85989659 -3.18897277 -4.6976204
  1.46114217 -4.27334241  2.01827245  2.31348771 -0.31592492 -4.58110813
  3.15790307][-7.04624559 -3.45786308  3.57492993  2.65122168  0.50203678  1.80734289
  1.49055804 -0.36956364 -0.36252207  2.89194036  1.7497748  -0.5780794
  2.77434374  4.40511681 -2.41958117 -1.82811576 -1.94151654  1.48515702
 -2.06774489  1.91074259 -0.45969914 -1.40167972 -5.1491535  -3.62890421
  1.12050353 -1.46716746  6.65460516  1.7276974  -1.01981648 -0.37279511
  2.02553126  4.07389093  2.83728098 -2.5279193  -3.2387437   0.62418508
  1.64765832  5.08125641 -1.43164611  1.95404842  6.08477394  0.99586521
  0.47305352  0.23513849  5.83062184  3.06497815 -1.59320116 -5.19221836
  5.12373423  3.14612974  1.51797262 -4.3563345   4.36139435  1.1721302
 -5.18717921][ -3.0634195   -1.00702635  -1.76184694  -7.32992518   4.43817381
  -0.91754966   2.06916996   5.75416568   0.37998409  -0.78245578
   2.21378355   0.64603145   5.5146068    2.64258136   1.15810885
   1.60745894  -2.81846884   6.07265594   4.6817024    4.2065916
   0.1643026   -2.88672345   0.04259077  -2.86609257  -0.79596263
  -0.165985     2.08050867  -0.13665703   0.77885667  -1.06571059
  -1.74773713  -1.79608392   0.17770469   4.638647     0.02996901
   0.50199464  -3.7695644   -0.41750797   1.73521431   2.93870681
   1.58918918  -0.94141115  -1.03295573   4.28708371   3.70058813
   0.37084277   1.73224746  -1.26324656   1.02375785   2.9668771
   1.48603507  -1.0618583   11.17576193  -0.18124979   0.91826155][ 3.53775245  3.85670174  2.17182487 -3.46875149 -0.1733913  -3.93807994
 -3.37693771 -0.62191628  4.98390527  0.31083382 -2.00236016  7.94328248
 -0.71418682 -0.99113642  1.39954032 -0.32939333 -2.56583677 -2.59526073
  3.04490641  4.07057832 -0.16516764  2.35211141 -1.81753251 -0.15858966
 -0.58124403 -6.66625598  3.92341297  0.03634954  5.14663311 -0.51972762
  0.95182797  2.50676604 -1.49607151 -1.96311422 -0.58940859  1.33727316
  1.3904677  -1.95831538  1.21604769 -3.73894301  0.8384051  -1.08760319
 -1.69838886  0.20976867  3.33000707 -3.03612089  2.16786069  1.00630916
 -0.25682736 -1.10801846 -2.74242053  0.93104365  2.29445813  2.47065657
  2.2426723 ][-1.02148236  1.65015181 -7.71842901 -0.03114585 -3.90456338 -2.65963487
 -0.24173629 -3.89775488  0.69389654 -2.60341274 -4.15957717 -4.23842451
  3.13745517 -1.9161877   2.85488516 -1.60262891  1.36934769  0.55367018
  4.04392122 -0.09252844  2.66305423  1.0035693   2.75906037 -0.76374651
 -2.87527648  1.18797391  0.6902468  -1.88905475 -1.18268952  2.58146661
  0.54372156  0.22790062  1.70867447  2.01349471 -0.10293337  0.87386847
 -1.12498746  1.82224566  0.13938805 -1.77242313  0.55329122 -0.19099376
 -1.1644348  -1.13184069 -2.74556707  2.76836064  2.99160836  0.63842171
 -0.55484473 -0.12417753 -3.08494473 -1.55272046  0.995396    0.02468207
 -6.54904772][  2.41308779e+00  -5.88320002e-03   2.59163837e+00  -2.81369485e+00
   3.14676723e+00  -2.63230183e+00  -7.79008657e-01  -3.70818729e+00
  -3.11023606e+00   8.29082379e-01   6.31663539e-01  -3.50582917e+00
   3.67371722e+00   3.12541443e+00   2.58064975e+00   3.08891374e-01
   1.94464067e+00  -4.00490558e+00   1.00249468e-01  -2.51005138e+00
   7.05887252e-01   2.68113221e+00  -7.60171018e-01  -4.35726304e-01
  -2.09459178e+00   3.82063104e-01  -3.09276727e+00  -6.78805269e-02
  -1.66379335e+00  -8.70415499e-01  -1.58850952e+00  -1.49050324e-01
   3.92941289e+00   4.32056850e-01  -1.41413877e+00   1.21967498e+00
  -1.71707965e+00   1.14955144e+00   2.75762079e+00   4.18619368e+00
  -2.86703227e+00  -2.55825896e+00  -1.35190802e+00   2.86648949e+00
  -1.93959003e-02  -7.62595116e-01   2.17988964e+00  -6.76339870e+00
   1.73126711e+00   1.73659000e+00  -1.68125048e+00  -2.26927408e-01
   5.93796069e-01   5.38584459e+00  -7.69245540e+00][ -2.36706508e+00  -1.23728348e-01   4.95583709e+00   3.63244054e+00
  -2.18736909e+00  -4.54203031e+00   2.45456200e+00  -3.68164128e+00
   1.25918873e+00   1.88873018e+00  -5.66353984e-01   4.48741027e+00
   3.99719037e+00  -2.59443184e+00   1.23878462e+00   1.44703868e+00
   4.32609981e+00  -1.65747698e+00   2.02704310e+00   4.99589132e+00
  -6.10355390e-01   1.54360388e+00   1.62106989e+00   1.76001027e+00
   3.27294322e+00   2.40383159e+00   2.80379051e+00  -3.04387193e+00
  -1.67210973e+00  -6.04766581e-01  -4.11120875e+00   5.32161749e-02
   1.91659499e+00  -1.40621079e+00   1.02305352e+00  -3.41749353e+00
   2.80793222e+00   3.02893813e+00   2.44886917e+00  -1.39206863e+00
   8.35027355e-01   4.49916761e-03   8.73065532e-01  -5.80096260e-01
  -1.68522897e+00   2.32625595e+00  -2.00285736e-01   2.23727080e+00
   5.94918962e-02  -1.12543458e+00   6.68589311e+00   6.70747647e-01
  -1.72127767e+00  -2.63751277e+00  -2.68933951e+00][-0.31694024 -3.4192658   0.3410232  -4.30781554 -3.72971752  4.85298384
 -0.69185599 -4.24629382 -5.93904443 -0.75274023 -1.44710343  0.62503992
 -2.65323987  2.62063149  0.80455214 -0.01228476 -6.93215921 -4.63550674
  2.20262979 -2.49383071 -0.05392     1.93143658 -1.48926151 -8.08901871
 -2.19025103  0.94189568  1.1646568  -5.92369289  2.60097193  0.47701543
 -3.79343663  1.32656283 -4.24756601 -0.86998305 -1.28472405  3.48369682
 -1.13472138 -1.71304905  2.86726377 -0.37584063  5.63010985 -2.53591129
 -0.43244598  5.10573839  6.94684286  2.30080745 -0.38760471  1.06521667
  2.68107306 -4.66875348  0.85969374  1.07912894  1.96027385 -2.46431334
 -3.32956507]
 pesos capa salida
[ 0.30735205  0.00960311  0.10003085  0.73575756  1.20190946 -0.13628524
 -2.55916117  0.028014   -0.4469907   0.876419    0.38425649  1.62222977
  0.10166868  0.14451516  0.07126402 -1.2934516   0.50823151  1.86509256
 -0.4575425 ]
 biasCapaoculta
1
 biasCapaoSalida
1
 mejor error
98.09702837120389
 Precision 
0.739357080799305