
 fecha de inicio Sat, 13 Jan 2018 04:03:04 
 fecha de la generacion Sat, 13 Jan 2018 10:03:04 
 generacion: 6169
 pesos capa oculta 1
[ -0.16824854  -0.04782733   4.64178675  -2.04020193   1.57521938
   3.83809199  -7.56601634   5.87219682   3.9644779   -2.98371987
   3.0187783   -2.09791437  -5.01609864   4.64089161  -3.24566074
  -3.45387777  11.35419632  -1.62981618  -6.11634683   1.13154326
   4.42128441   3.79705349  -1.89934371   1.6488815    4.52857286
   3.82481443   4.99582869   0.78487257  -5.86645749   1.53815068
   3.67515447  -3.82581945   1.40773991  -3.72374647  -0.435712
   1.78857453  -2.54285104  -5.04091746   3.78583197   2.57157807
   7.92156132  -0.94048994   0.81612233   0.71224598  -0.85971873
  -2.36434528  -0.12148877  -2.65095648   1.98131548   0.05034256
   1.56236273   3.90827562   6.71086208  -1.63569073  -1.38541435][  3.78599364   4.55567145  -1.00824913  -3.43250017   1.52660745
  -5.32799017   0.27868853   4.3987318   -0.42517516  -1.13189109
   0.13647434  -4.49324627  -4.17176607  -3.07358979   0.7375832
  -1.91244182  -3.94180994  -4.51438327   0.42750886  -7.17558188
   0.05152114   2.99327661  -1.0686671   -0.10530149  -1.96583146
  -2.0164154    1.74087128  -0.75897078   2.83824201   0.36773616
  -0.81532379   3.43842871  -5.24887172   8.98751642  -1.0057809
  -3.27892228   0.1704472   -6.55427589   6.60488281   5.03684724
  -0.10425752  -3.93606669  -0.75466256  -0.56966931 -10.01993974
   1.60007023  -2.37919447  -0.07427214  -0.92126967   2.08798487
  -1.1183202    3.6462202   -1.48047702  -1.15374632  -1.60514685][ -4.10935786   2.99476369   6.74291396   1.47857754   4.43728302
   3.71224177   1.49634195  -2.70787181  -2.44698553  -3.52211613
   0.65903677  -1.24976907  -2.39859715  -0.14388075   4.43233033
   1.17040869   3.17601871   7.02880235  -7.52828496  -0.1545816
   1.50638386  -4.31358228  -1.89682398  11.479645     7.91758635
   5.37984404   7.1851618   -7.42595578  -0.38994695   4.23522566
   3.9261606   -0.98503859   2.4830661    2.1436226   -0.28528269
   1.64349463   2.33651756  -4.36426402  -2.95018918   0.53037142
  -1.72868946  -0.25031084   4.33222296   2.97105452   1.00270333
  -5.90434924  -0.69676136   3.07081007   4.82348437  -0.67702783
   6.20475182   1.1119518    1.0130087    4.49195047  -2.05720447][  3.73909152   3.99627463  -8.176657     2.72929601  -9.42077957
   0.83251486   2.76188756   0.90883261  -0.86642668  -7.40205476
  -2.52821578  -3.20399401  -3.08177652  -8.69212628  -6.00377122
  -1.61697967   0.66419907   2.2327987   -0.38753262   7.20957137
   5.74852868   4.54997246  -1.42988582   1.72970228   3.41828243
   9.37436648   4.22704157   4.77018166  -5.87705314   1.49712622
   4.23011552  -5.38697135   2.3180285   -2.75382322   4.14782154
 -10.56545906  -6.74089571  -1.76929148   0.94836209  -3.79265756
  -2.66154794  -0.62265991   5.01647075  -2.27588078   1.84632098
  -2.83568494  -3.04480944   4.02260661  -5.13020153  -4.2735636    5.710195
   2.34451497  -2.35444451   0.16000761  -2.08181116][-0.01841448 -3.42109404  5.73396922 -2.06786457  6.81131918  2.57440236
  1.63831145  5.61166283  1.11407188  9.00220518  3.62792881 -1.81292657
 -2.42287919  0.49681443 -2.0748898  -2.95625104 -2.21565341 -5.73222545
  4.34426884 -0.48399174 -1.12043     1.86610399  0.77595922  3.08579539
  3.41446685  3.78900819  2.45449862  5.24538671  1.62519695 -3.98239292
  3.75185302  2.58740772 -5.51511609 -4.73035326 -2.10202616  1.39992889
  0.29442616  2.82983217 -0.32498716 -0.03088522 -0.53029021  3.03511622
  4.03816618 -1.00841117 -4.00409303  4.41075288  3.48790296 -0.20731958
  3.36665888  2.43250608  3.44775697  1.40267608  4.87278707 -3.40063194
 -2.96565929][  1.92966711   0.9812088   -2.94117579   0.38971905   3.80033393
   0.31188577   2.74137232   2.9841065   -5.04603388  -1.57530698
   3.4612745    2.92467422  -3.72459803  -3.79228297  12.77091906
  -1.2037133    1.29564575  -0.88986202   4.36307702   2.54326323
  -0.61249439   3.91143519  -1.25179492   5.27498965   3.97775748
  -0.76582832   4.12002414  -0.62686946  -0.60653373  -4.00113618
  -0.40521057  -7.50868673   0.84469687   4.58251937  -7.94185381
  -1.27685515  -4.37114463  -0.27647804  -2.70993584  -4.34722697
   1.52818817   4.37509149  -1.59069731   5.68835715   3.09366553
  -6.0368512    7.16530889   0.81049943  -5.77236816   4.19702416
  -2.8479981   -0.28441374   0.61445617   3.32891137   0.70633995][-6.04726086  1.07966664  0.25150879 -4.3453309  -4.74486719 -3.31199772
 -0.92417959 -3.20166666  3.2783245  -0.92011074  6.95497498 -0.67679187
  0.07173007  1.67680265 -0.27677819  5.6405253   0.22784863 -1.9992608
  2.36551275 -5.12779501 -4.60030456  5.70615293  5.54943472  0.84331727
 -2.97345875  2.28225676  4.3694368  -0.07217934 -7.44844853 -1.97271228
 -0.69487032 -1.90574977 -6.71401541  5.41972146  1.41050188 -5.69006265
 -1.08556327  0.5800407   1.92825488  2.22257248  3.57895236  1.68145718
 -0.72588561  5.08243343 -1.87371579 -5.9336053   2.72187057  0.53306034
 -2.27673028 -0.51638358  3.26641317 -0.88995093 -1.57397921  0.88219452
 -4.94332933][  3.74432692  -5.67058524  -3.63729918   2.06894996   1.24142029
   3.65243041  -2.61775941  -3.95815458  -3.60406184  11.5931335
   2.19420928   3.46137472   2.57124598  -4.41565854   5.79952708
   4.12902169   7.67323449   0.76737901  -1.15393495   0.07286421
   0.93258931  -4.96944407  -0.99873571   1.60175871  -6.29141027
  -0.11248394   4.83085917   3.46083703  -3.3263165   -4.30099052
   3.1212602    4.84498217   0.02173884   1.00152232  -2.29512831
  -0.56374817   1.43772332  -2.13096048 -10.39122741   5.67055944
   1.48773595  -3.69819495   1.19402453   8.92079522   7.96309197
  -4.50881524   1.0182994    2.30640591  -0.73437784   2.25898249
  -6.84365793  -1.52819814  -1.53968283   6.42896877   2.59216199][ -1.24899153   1.45363325   1.16288458  -0.26051403  -0.17865462
  -4.64757425  -1.98415624   2.91085598   0.05430645   1.45412452
  -3.61266776  -5.36105748   0.31018474  -0.3550386   -2.62865791
  -9.11916776   2.70125469 -10.06414835  -2.00586223  -4.434121    -4.9886087
  -2.87459581   7.47855577   1.22471337  -1.90170537  -2.70854613
  -2.1311929    1.62104356  -2.32868686  -6.38195242  -3.28243042
  -0.7359644   -1.64879127   0.12053878   1.99594859  -1.15285464
  -7.51639177   3.46242868  -3.64451201  -3.93877734  -0.73000261
  -4.02218339   1.36980122  -2.01351744  -4.43114814  -1.29155688
   1.61332142   0.82953548  -4.15268389   1.86778032   3.48522603
  -0.10313707   4.30024233   3.28041853  -1.96091478][ -1.83719774   1.04895636  -0.63540959  -1.8303463   -4.17326576
   2.35003285  -0.99157931   2.10338148  -1.95914003   2.02640208
  -2.22079886   4.36701376  -4.32136795  -1.47324183  11.08484914
  -1.61559645  -2.82560317   0.03629063   3.53630516   6.97449235
  -0.14931528   3.82914087   2.0081494    2.28202598   3.15425166
  -0.7276581   -7.58563288  -2.96927986   0.48971381   0.43475086
  -0.75009134  -7.14658608   2.85162048   4.30164562  -1.23980089
   0.63126353  -1.93652821  -2.25616237  -1.29093567  -3.64037446
   4.55488311   0.39460573   3.29971486  -3.71871488  -1.05408014
  -0.49877913  -0.28530898   2.92562354  -0.69692151  -2.17518338
   1.18267145   0.70733856   1.00643328   4.74560129   4.56183037][ 1.35383492 -2.24034895  2.88205072  5.47075202 -6.61347456  0.41832321
  0.84960464 -1.39598461  2.8489045   0.29343111 -0.28289454 -0.8581402
  3.44161849 -1.98698339  1.41570245  5.18473809 -0.98138297  1.41823089
  9.41956336 -5.23114135 -2.22855409 -2.50849678  0.96129876 -1.6513378
 -3.4455541  -2.79333667  3.08886996  5.45836102 -6.85651563 -8.41501411
  0.21256524  4.03769328 -0.22866211  0.90202223 -5.80718353  8.71782001
  7.51872267  0.98738334  2.40637983  4.9458551   4.93768358 -1.63522036
 -3.68994473  2.83015963 -2.74954198  1.58644737  7.07440225  0.29572217
 -1.53980429 -1.64777465 -6.566551    1.15601358  0.70844619 -7.17649209
  0.72279654][-2.42607398 -0.22496021  1.89529485  7.63152048 -3.92593806  0.02229049
  8.12029894  1.89429068 -1.4874359   0.96758469  4.49021947 -0.63846317
 -6.15915255  2.35656867 -0.52002638  3.26443564 -1.79723002  0.4628325
  0.13016254  3.03289845  1.3311819   4.24964036 -1.88103196 -5.7172003
  3.15342258  0.23256241 -3.55572688 -7.31282271  3.59802912 -1.81192507
  0.79527175 -1.71230173 -0.45402213  1.45819767  7.04578055  0.32214403
 -2.17482703  0.21710493 -1.51300633 -0.0235663   4.5812555   4.79311644
  1.59194605 -5.42935226  5.34990419  0.40861562  4.32497535 -2.4624088
  3.26048914  1.50546052 -4.502903   -3.52644184 -3.60651698  5.30475241
  4.70675888][  4.49168467e-01  -3.71083605e+00   2.98467902e+00   1.27062909e+00
   1.41716818e+00  -1.77069993e+00   7.41598690e+00   2.28866871e+00
  -3.25608328e+00   4.04303689e+00   1.22073834e-01   4.34804788e+00
   1.01404675e+00  -4.34287439e+00   7.03173824e-01   1.44549224e+00
   7.04043381e+00   6.40805868e+00  -2.58663800e+00   4.53288200e+00
  -3.76450915e+00   1.79240910e+00   8.74444153e-01   2.90697386e+00
  -3.63594563e+00   4.10255787e+00  -3.46921530e-01   7.24279476e+00
  -3.46658672e+00  -2.05591170e+00  -1.86145688e+00  -4.72690558e+00
  -6.88014837e-01   3.05914100e+00   3.64600253e+00   5.16099588e-01
   1.78369806e+00   5.69164996e+00   3.18273304e-01  -5.64601692e-01
  -6.97990011e+00   1.61540208e+00  -7.40793957e-01  -5.82540809e-03
   1.93452317e+00  -8.87497801e-01   2.28457898e+00  -2.38176020e+00
  -1.94484301e+00  -5.32288802e+00   4.37901773e+00  -7.17715147e+00
   7.52939410e-01  -4.02209658e+00   1.18924186e+00][  1.82683878  10.96667817  -2.06957068   2.44742491  -5.58918093
   2.36395832  -5.12816     -0.32776389  -3.79150142  -3.90764625
  -0.5325743    2.44544088  -0.42597095   3.04043866   3.32305115
   1.63050824  -4.45027939  -5.41591684  -3.09273986  -6.2957205
   2.36388004   0.61760165   4.82780914  -4.64912591   5.92755509
  -0.77448406   4.74424068  -4.13741016  -2.92613     -2.01418469
  -2.25664058   7.55092486   1.25686141  -0.38199407   2.63089363
  -1.37215072  -1.87490488   8.137101     1.66505824   0.47015832
   1.67088184   0.64603645   3.56094753   3.08547279  -3.7432691
  -5.80988353   1.27194238   4.68299824   3.53411      2.156101
  -3.61400105   3.8049676    4.50758466  -0.2926479    7.42293522][  3.05240467  -5.55101234   1.75943543   3.36646166   0.35721168
  -7.94795946   3.1880366    1.55770369   2.18045124  -2.7805997
   2.50258369   1.91345426   5.56014883  -4.99417299   5.41924155
   1.57067211   7.32226002   0.37486733   0.81639171  -0.03266205
  -0.5255877   -2.45521788  -4.28445752   3.14155894  -1.66990807
   1.89373776   1.04842803   2.6794511    2.43612509   0.95103425
   5.36817445  -1.98188522  -3.33721589   2.09927671   1.63884041
  -2.67387722  -2.53223461  -1.34809354  -4.27733892  -1.77109015
   1.91369568   3.80880818  -3.53048472  -3.28913276   2.62709154
 -10.44047196  -0.08171652   1.0384144   -4.61335891   0.88478504
   8.01840899   3.4611837   -5.81394371  -1.05515484   3.84576845][  2.88119018e-01  -1.54761349e+00   1.60924032e+00  -4.19990623e-01
  -8.69288573e-01   4.69112592e-01   5.91749485e+00   2.10883359e+00
   8.51442909e-01   6.86981923e-01  -4.81997169e-01   5.68455328e+00
  -5.62370668e+00   3.46874775e+00  -2.44428516e+00   2.03027381e-01
  -1.14848646e-02  -5.42480131e-01  -1.13262278e+00   9.71633097e+00
  -4.69913224e+00   4.57946692e+00  -3.48074646e+00  -6.46896278e+00
   7.85643910e-01   2.79647435e+00   7.93620635e-04  -3.41413800e+00
  -1.88000486e+00  -5.45070178e+00   8.27282126e-02  -4.02740074e+00
  -4.43021420e-01  -6.83962567e+00  -4.23318227e+00  -1.42808927e+00
   1.53958264e+00  -3.32980487e+00   3.46361866e+00   3.55495425e+00
  -3.71497760e+00  -2.47877747e+00   4.89785838e-01  -7.56661923e+00
  -1.08078786e+00   4.85852925e-01   1.10948507e+01  -3.67501445e-01
   1.19810067e+01   8.49684192e-01  -1.77556441e-01  -2.98115033e+00
  -7.12805147e+00   8.30647046e-01   6.38450099e+00][ 2.05659031  1.32032153 -9.43114503  4.48661641  0.90873051 -0.28427803
  0.68656206  0.82314714  1.02056531 -0.82597557 -3.67880168 -3.20279709
 -4.07610704  1.35931034  3.75911437 -3.47360534 -4.5681135   2.46741072
  0.66421024  0.01729546  3.66683746 -6.4456825  -1.55797489 -3.38613697
 -5.40096327  6.98735137  4.52642481  0.83850801 -0.12803524  2.11336626
 -3.73033545  2.67545093 -4.88578261 -2.17423034 -1.10729715 -0.45829882
 -3.29816631 -1.01993417 -1.74485854 -6.09134151 -1.28752852  0.40749436
  7.00216    -8.9326271  -0.18683267 -6.31756629 -5.07660707  5.15386561
 -1.86540599 -0.62167526 -1.52557621 -0.18566922  1.66193022  0.70108498
 -8.67060477][ -0.84307658  -5.77674051  -6.1789852   -6.0050165   -5.76594775
  -2.30538108  -0.82766757   1.14111764   9.41707321   1.69407626
  -3.89654823  -4.25017918   4.72637558   1.20202461  -1.46801783
   8.54061166   5.20313206   5.72954329   0.10040829  -3.77717567
  -0.70496523   2.75355587   2.72743663   1.76562373  -1.2164297
  -5.8804908    0.73010385  -4.74328457  -0.56729425  -4.84073699
  -1.12984074   1.11473394  -3.89360104  -2.93095138   3.93494558
   1.40579237  -2.7706624   -1.9768943   12.24468289  -2.68112649
   0.6036518    1.00666735   1.33977302  -3.63457814  -3.44716542
   0.42702815   0.09998992   0.18367835   2.15170983  -2.43137082
   0.88162466   6.45869903  -4.66525921   0.06690994   2.8949628 ][ -2.51324089   2.51536898   4.18165277  -1.42821485  -1.42904558
   0.06672321  -6.76549402   0.07043557  -3.42654298  10.00844681
   2.32471592  -9.84785508   1.77973948   8.24181446  -0.29152349
   5.09106063  -3.20888645   3.23116678   2.32650933  -0.94096987
  -4.38597273   1.76078546  -4.46923584  -2.74995186   0.07223144
   0.62114468  -4.42000851  -5.9190973    6.79121244   0.46343294
  -6.89413559  -4.49645814   4.66486122   0.42444974  -6.2655823
   0.63229974   4.15235298  -1.07883331   7.48264113   2.6273075
  -0.76711175   1.00224065   8.18083387   3.62793901  -8.78254887
  -7.41784948  -4.58049599  -5.73985246   1.3422273    4.52051652
   1.25413654   2.41107164  -1.50323232  -1.1526431    0.11972169]
 pesos capa salida
[ 0.53063057 -0.55337961  0.90149781 -0.24886683  1.27720131  0.13099545
  0.20239765  0.31904132  0.38083816 -0.04459564 -0.50215283  0.38435402
  1.03172868 -0.89400013  2.2424763   0.18469703 -1.33779128 -0.52599917
  1.0507964 ]
 biasCapaoculta
1
 biasCapaoSalida
1
 mejor error
110.80684179461426
 Precision 
0.7115551694178974