
 fecha de inicio Thu, 09 Nov 2017 04:59:21 
 fecha de la generacion Sat, 11 Nov 2017 01:10:00 
 generacion: 468
 pesos capa oculta 1
[-1.8152468   1.31228107  3.05304015  1.73443514  1.899913    3.87131205
 -3.58088918  0.71425974  0.92281666 -0.88168925  0.46416728 -0.20811086
  3.08589482 -3.84517429 -2.7406892   1.18965949  2.91813614  0.07158483
 -0.24475946  0.13122379 -1.39955773 -3.15450413  5.67035592 -1.43005465
  2.67442064 -1.01773133  0.02904746  0.99826401  0.47099757  1.59013654
  4.41906754 -3.5230883   2.26332876 -0.95886446 -0.80059392  2.23568796
 -1.23940047 -4.32549683 -0.32309573  6.49709176  2.26703206 -0.40859062
  2.27161387  0.91634361 -1.25473891  0.30271099  2.30838825  2.08244535
  2.51356295 -0.54546053  0.91932518  1.11268557 -2.09445671  5.7323848
 -0.83896515][ 0.76537907  0.41694231 -0.2834935  -4.31822323 -3.22214164 -0.31038188
 -0.99148158  2.97374095  2.9512288  -3.93627952  1.20253012 -1.25662217
  1.83019133 -4.05428867  0.83984937 -1.04570149  0.50595732 -1.2411617
  0.5561531  -2.98396961  1.65832557  1.55519351  2.93591282  0.05612937
 -2.05527102 -0.19301839 -3.29531974 -1.71681878 -2.19869479  0.45761937
 -4.93732939 -0.31714907  2.1559054  -0.46577621  1.20694002  1.8417432
  0.7353996   4.919206    0.31281054  1.00002405 -4.77025209 -2.61213211
  1.29356152  0.91755077  1.71314333 -0.5405057   0.38178115  1.51693922
  3.08855479 -0.83567954  0.85303747  0.1336708  -1.94647598  1.17918335
  3.57311524][ 0.25421694  2.32672865  2.05625156 -2.54262645  0.76795716  1.7508373
 -0.57446208  0.77351003  1.61214057  3.96036338 -0.72100774 -0.54418287
 -1.93415119 -3.44656729 -0.35295088 -3.73324515 -0.06628865  1.10866765
 -1.18667655  2.53680759 -0.58183174  2.36106482 -5.53279609 -1.78934098
 -2.86106193 -3.76874265  0.80139078  1.84117593  0.35369522  0.59568478
  0.48824083  0.32696073  1.11516577 -3.39182256  4.17507018 -4.99122791
 -4.05821879 -0.41206772  4.56697864  4.08151139 -1.15977276 -3.04736042
  3.01475292  2.8309623   5.0574351   1.56536614  6.58548958  1.34489729
 -2.38134857 -4.10055564  0.47241049 -0.18239224  0.27578533  0.95123924
  2.06562101][ 1.43539448  5.5504558   4.18230071  2.18713562  0.99691263  1.51809892
  0.06417096 -0.66603879  1.03501163  4.48724913 -2.81549352 -1.04048043
  0.13549861  4.51732166  6.37272374 -0.30812034  0.42715423  2.99446811
  0.11586281 -0.23470717 -1.25171007 -4.38822482  2.12142264  0.32297171
  0.73683643  1.77724082  1.61336386  0.74818271  2.07511728  2.55978579
  0.35300891 -0.31364512 -0.28054009  0.0355753   2.51710451  3.92437609
  2.28271878  2.57842338  1.04623874 -0.42735683  1.1659077   0.65538955
  0.88675044  0.24568488 -2.67149058  0.56728071 -0.64603888  3.84422835
  0.35067311  2.16817223  2.21765909  1.3789506   0.57105548 -0.69239306
  3.8590084 ][ 1.52355377  2.74309144 -7.74296619 -0.22882574 -0.80593804 -0.66564056
 -2.42763502 -1.86211241  2.55889921 -1.04401475 -4.60004449 -4.89798885
  1.37247199  0.69939228 -0.44578814  4.67440634 -4.39969647 -1.8489076
 -0.38430221  0.52522652 -2.42233008 -2.52611411  0.86903422 -0.36890551
  4.43043958 -3.61478153 -3.39943445  1.77688697 -1.00791816 -2.28720705
  1.88045946  5.15555784 -2.19014041  0.30205806  0.76376972 -1.89461096
  2.15487463  0.77280313  1.17522326  1.32239343  2.46979426  2.81364287
  1.8692754  -1.51525916 -2.34649225  5.51067372  0.31221496  6.69393815
  1.17042632 -3.20859724  0.98644181 -2.43774526  2.20306703  0.05302889
 -0.56642261][-0.98564127 -3.31870148  1.21758931  1.6471249  -2.61421422 -2.75507063
  1.84465382 -1.11804554  0.87335019  1.12096308  7.35021441 -0.78136853
 -0.24230746  2.38065312 -0.9709045   1.40256462 -1.8923611   3.43474185
  1.62989941  6.88972213 -4.02893608  0.38883104 -3.50104099 -0.2412306
  0.52942164  1.34435863 -1.46639398 -2.43079588 -1.10705902  0.47929171
  4.48339358 -7.16060169  2.94402642  1.38136491  2.48744632  0.81773883
 -0.02775669 -4.07031274  0.31540099  2.65901175 -0.45163016  1.38731868
  4.10306714 -0.73272005  5.31394818 -2.39348643 -0.57268612  1.37044854
 -1.84236036 -1.37743107  0.26629814 -0.32572626  0.83265417  6.2250675
 -0.14908302][ -2.83613406e+00   6.58934716e-02   8.76564560e+00  -2.72863598e+00
   2.54480362e+00  -4.90747474e+00  -8.22786111e-03  -3.86961221e+00
  -1.03853195e+00   2.68497323e+00   2.23804065e+00   2.89184178e+00
   1.12163381e+00  -1.11088513e+00  -3.21859303e+00   6.87949067e-01
   7.82337199e-01   2.98467654e+00  -3.58139490e+00   7.81277611e-01
   1.90740062e+00  -2.82479302e-01  -1.82642271e+00   7.03494581e-01
  -4.10231509e+00  -1.77054815e+00  -8.71660123e-01  -9.97413782e-01
  -1.09967923e+00  -3.18013624e+00  -1.06980323e+00  -3.04384820e-01
   7.98755017e-01  -7.47185987e-01  -2.27043097e+00  -2.61556889e-01
   5.84613126e+00  -2.69930056e+00  -6.32585809e-02   4.90897454e-01
   1.58670357e-01   1.55864677e+00  -1.52572231e-01   2.37417959e+00
   2.93961140e+00  -4.88527311e+00   2.08477519e+00   2.93004933e+00
   1.12954904e+00   6.87220358e-01  -3.11305363e-01  -6.65967497e-01
   3.28452492e+00   2.58709970e+00   5.63635562e+00][-0.35928676 -5.09449186  7.89098617  2.6103407   3.29881157 -2.36044462
  1.18291672  0.67650305 -1.97951192  3.88188045  2.80741952  0.85827528
 -1.54089512 -0.5442351  -0.14262086 -2.82782408  1.93691911 -2.63462133
 -1.39975415 -0.19663129 -0.18896682 -0.1328004  -1.65635375 -2.97391901
 -3.11149938  1.03950973  1.60568603  1.07427866  1.29987628 -0.02261824
  3.39313848 -2.51895238 -2.31606945  1.72113525 -1.09435238  1.25836915
 -2.95657813  2.71376494  1.92059496  2.49197937  1.4243002   3.13343561
  7.65329504  2.03504422 -0.64223712 -1.9633748   5.44718852  2.39601257
  1.77048686  0.35587338  2.96599499  1.43900036  1.86073755 -0.76228413
 -1.82126473][  2.79194260e+00  -1.04015435e+00   5.56267743e+00  -3.13775375e+00
   2.25413390e+00  -2.32322254e+00   9.44854988e-01   1.16184048e+00
  -2.73824816e+00  -6.29197662e-02   1.80945174e+00   1.68588199e+00
   2.38505924e+00   7.98554520e-02  -2.21153497e+00   7.02278359e-01
   1.50673812e+00   2.06672202e+00   5.02316342e-02   3.35681728e+00
  -8.01001548e-01  -2.27242398e+00   3.52454866e+00  -2.03068286e+00
   1.36915928e+00   9.75415479e-01  -2.05257508e+00   3.67297212e+00
  -9.54211313e-01  -1.90700319e+00   1.80345708e+00   2.94047535e+00
  -3.25046825e-01  -1.23714288e+00  -3.62883647e+00   3.17969517e-01
  -4.52303147e-03   2.33071451e+00   5.02490735e+00  -1.57832230e+00
   3.90835400e+00   9.72869562e-01   3.46373838e-01   5.57574851e-01
   9.60879831e+00   3.41260665e-01   3.25757500e+00   2.35457684e+00
  -1.02591889e+00  -1.06552398e+00   5.64749802e-01   2.24262767e+00
   5.87549097e+00   3.75469716e+00  -1.32411944e+00][-0.62420669 -1.79067313  4.20804131 -4.74054866 -2.33665405 -0.27696577
  1.21195946 -1.60748045  2.0498742  -0.64595702  1.04941458  1.11060063
 -1.0094919   0.64134719 -3.8712331   0.23327522  1.08719771  1.70000635
 -0.39993586  1.11828461  0.43233765  1.57299373 -0.66140033  1.96378637
  1.85138999 -1.42589427 -2.7432756  -1.42416955  2.9130705   1.34976503
  5.25613595  1.18276369  4.5276521  -2.65995974  3.8789692  -0.05943129
 -2.16106301  0.84721975  1.80862412 -0.17274431  1.60270498  0.40903947
 -3.49521581 -0.11873308 -5.67116055 -0.20209155  1.21744998 -0.34958887
  1.43856399  0.20014272  2.77443442  2.60435231  3.75254659 -3.01895548
 -3.08981572][-1.77709042  2.53864576 -1.55148408 -0.32915239 -1.85540139  3.80995722
  1.29332096  1.6862364   2.17365956 -3.3025897   2.5671755  -2.73269573
 -0.21617512 -4.41383944  0.73707682  0.50512817  4.50704413  0.51867623
  0.01636647  0.10716099  0.04704892 -3.74889532  0.11741108  1.55258025
 -1.52026901  2.33480111 -0.50357829  2.99641955  4.77449765 -0.62829886
 -2.96401254  4.25472304  0.0274227  -0.1914545  -0.23985509 -1.87143713
 -1.75985939 -1.53729673 -1.74254232 -3.87719746 -0.12353836 -1.01817117
  0.00485162  0.33983348 -1.49881361  2.63103111  2.08652699  2.2239579
  4.43049837  0.73264424  1.70708288 -4.19266934  0.74820579  0.42618995
 -0.15959474][  2.03427893e+00  -1.36050364e+00   1.00283616e+00   9.70088042e-01
   1.14570967e+00   1.30466515e-02   8.29385760e-01  -1.18605296e+00
  -1.46233046e+00  -1.63332338e+00  -1.89910372e+00  -2.09258687e-01
   2.93522452e-01  -2.03144616e+00   1.05348958e+00   1.05335522e+00
  -1.38503860e+00   4.36450664e-01  -3.49078060e-01   5.95180322e-01
   4.35313784e+00  -5.94749532e-01   1.79342541e+00   1.87752377e+00
  -5.11654072e-01  -2.95373138e-01  -3.16667793e+00  -2.56396084e-01
  -3.42452574e+00  -3.48745326e+00   4.60405960e-01   3.18418164e+00
   2.25974763e+00  -1.49895531e-01  -3.29211691e+00  -1.18598100e-04
   2.00052736e+00  -3.49000128e-01   3.80519539e-01  -4.17305166e-01
  -2.34826348e-01  -1.05868002e+00   5.62951663e-01  -8.94381742e-02
  -2.37905275e+00  -1.32289672e+00   1.93462994e-01  -3.66870970e-01
  -8.01607025e-01   8.33510906e-02  -7.55157366e-02   7.13734071e-01
  -2.63112522e+00   1.02212370e+00   5.68431264e-01][ 3.69244384  1.41906632 -4.76435495 -3.18930378 -2.49568785  1.43135847
 -0.4425449   2.5827489  -1.12113731 -3.63595013 -2.6075416   0.15296707
  1.37336055 -0.20673108 -3.4734471   0.89815035 -7.08366153 -4.27925075
  0.44505161 -1.1247429   0.22493981 -2.63922416  1.92783038 -5.00838248
  1.5529951   1.00570551 -1.40686846 -0.04229133 -2.96697912  0.81221225
 -1.16342332 -0.75571275  1.07159172  0.08768617  1.38239215 -0.11313397
 -1.31582973 -2.12339487  0.56524834 -0.07560427  2.90762448 -3.22812956
 -0.58880147  2.93845627  3.30701217  6.84302211 -2.19396866  0.07889251
  1.82728582 -1.10411423 -5.32189781 -0.35394026  2.80322985  1.80607243
 -4.2286818 ][-1.21287995 -2.20138918 -1.44122485 -0.5577232   0.05662277  0.79014489
 -1.88852533 -0.78586583  0.5033288  -1.84519045  0.78418425  4.46670595
  0.36255774 -0.19246846 -0.16128263 -0.41665227 -1.06782651 -2.28594536
  3.78287944  0.38933068 -0.01664009  4.43968386 -1.12469515  0.98437762
 -2.26712446  0.96295296  0.73441128  0.73682395  2.43280337 -0.39822476
 -0.16900651  1.13156969 -1.51336184  0.45044671  3.13438815 -1.48317188
  0.74591719 -1.61503712 -0.37367372  1.21701673  3.39137949  1.76189429
 -0.32160641 -3.35961465  1.38471552  2.28615747  5.41222945 -3.37555193
  4.05815291  0.44365947  0.73383093  2.20246141  0.70809622  1.42587691
 -1.85873188][ 0.69936014  1.50541289  3.64866444 -1.23823671  0.64961897 -1.51097909
  0.93668043 -0.39799136  1.4706474   0.34359858  4.82086067 -0.04848382
  3.93753061  0.03475865  2.08907471 -1.52079692 -0.23890748  2.05688709
 -0.14267884 -5.22683494  0.37344605 -3.81265263  1.14022418  2.65970037
  0.38440568 -1.17946099  1.60699046  0.33683227 -0.66191273  3.58941798
 -2.4350422  -1.54362788 -0.57901928  0.62967699  1.67729869 -1.76313238
 -0.96358385 -0.18579341 -1.57467991 -1.20053008  0.32154842  0.31672046
 -0.24753591  0.86241518 -0.32398605 -3.96524272  1.14230845 -2.94632349
  3.47517973 -3.35533354  6.6916499  -0.48544716  2.68493246 -2.41367697
 -3.38700719][-1.17136802  1.88451151 -1.90219742  0.56502505  1.5436308   0.98102585
 -0.07630876  3.51214715 -2.61475104  2.6693373  -0.49547239 -2.21677462
 -1.02376218  2.81216262  0.2482677  -2.65680136 -0.94997111  2.35703351
 -2.3607674   3.32729391  2.40105557  1.47187975 -5.75219322 -0.30668177
 -0.26691404  4.29808787 -2.48568735  1.14562113 -1.73517781  0.288874
  1.25552092  0.59880599 -0.40461711  3.2530636   0.27127621  3.06245888
 -2.29053796  0.57845578  1.28024913 -1.49410534 -1.59390838 -1.99122404
 -2.35642927 -3.44574171 -2.38521627 -0.6742751   1.24172655 -1.27796808
 -1.51096355  3.33421728  1.96905734  2.12892281 -0.22305553  3.58234109
 -0.26627874][ -1.06869112e+01   2.46243487e+00  -9.45660384e-01   1.49575080e+00
   4.30807915e-02   2.58656939e+00   1.82975131e+00  -1.29832443e+00
   2.93631701e-01   1.86766184e+00   3.44909354e-01   1.39307661e+00
   5.06576326e-01  -1.76328460e+00  -1.72584598e+00  -4.10595632e+00
   3.01588194e+00   1.61269768e+00   3.30787126e+00  -4.35703352e-02
  -3.45161903e+00   3.56991097e+00   6.82676694e-01  -1.68061773e+00
   9.72558081e-01   9.12173401e-01  -1.26754016e+00   1.94506982e+00
  -1.56002608e-01  -7.15937197e-01  -7.16140365e-01   2.80715520e+00
  -8.15210146e-01   4.92222659e-01  -2.06919900e+00  -3.57435091e-01
   1.85579735e+00   7.04271090e-01   1.08798674e+00  -1.74681769e+00
   5.52319800e+00   3.58712429e+00  -8.92517753e-01  -3.44871399e+00
   3.11509702e+00  -2.67117282e-02  -5.15249043e+00   1.50179971e+00
   1.00341306e-02   1.56944160e-01   8.99906605e-01  -2.69922690e+00
   1.11336589e+00   1.63753810e+00  -2.63346144e+00][-0.90200208 -4.66368138 -0.27423431  2.09669702  0.65197385  0.40113538
  0.03029003  0.58566027  1.99592681  0.4200406  -2.01718471  0.6597848
  0.50164073 -0.47514543 -2.39596431 -3.410609    3.76366108  0.08124144
  3.15301412 -1.07167684 -0.33946695 -0.37284525  0.13814066  2.94273004
 -2.49287988 -0.68802298  0.09449776  2.14143761 -1.25015907 -1.58702787
 -0.59385119 -0.22403819  1.52604322 -3.25309207 -0.26303048  0.13384437
  0.91798472  0.1435624  -5.59766294 -1.60831894 -0.0812316   1.58940301
 -1.67287962  5.3807808  -0.31285202 -4.62386926 -0.46063274 -1.16776111
  2.58929517  0.16151036  3.2363406   4.30834519 -0.50601067 -1.71959623
 -1.13102544][-3.7611559  -3.38518334  0.93127859  3.90575734  0.01361563  6.12266798
 -1.22452742 -1.30808497 -1.00475672  3.46444417 -1.79469875 -4.2204753
 -4.955996    1.34364739  3.17934323  1.67587203 -0.40103544  1.81580819
 -1.02794532 -1.68821443 -1.10770336 -0.49761207 -3.1779997  -1.41020667
  1.58609537  2.95071485 -0.87577536 -1.89929314  1.15840729  1.92757209
  2.939697    0.86637113 -0.29590066  1.35253183 -0.34761538  3.36131916
  0.81979691 -1.50141399 -3.6319129  -1.56587157 -1.48382259 -0.88827224
 -1.81078868 -1.63065736  3.114138    0.84660867 -1.95635865  2.32268222
  6.45895352  0.5854282   0.46485164  3.0591503  -5.19831861 -2.83589618
 -1.22642194]
 pesos capa salida
[  3.27731903e-01  -1.99203514e-01   1.07396739e-01  -2.81548674e-01
  -5.72737947e-01   1.03329419e+00   6.31003633e-01   7.37319099e+00
   6.63260603e-01  -2.45017548e-01   2.63295188e-02   9.46078876e-01
  -3.88861455e+00  -7.23198717e-02   6.24820928e-01  -1.96535730e-02
  -2.76652128e-01  -7.04793836e-03   3.71511110e+00]
 biasCapaoculta
-12.623153340919973
 biasCapaoSalida
3.756620974754653
 mejor error
113.87884385131498
 Precision 
0.6663770634231103