generacion: 536
 pesos capa oculta 1
[-12.14320334  -5.01955337   4.15771916   5.58470232  -4.61348184
  10.04696862   0.38506046   0.13357581   0.30996945  -2.70405825
  -2.59556976  -2.12721186   7.99184991   1.89378944  -3.40447229
   1.35741545  -1.41305225  -0.52523015   1.34418509   1.23359815
   4.31824577   1.31298179   0.38770129  12.06018487  -1.76037771
  -3.8556945   -3.10888727  -3.09510051   0.46485846  -7.40264949
   4.01371548   0.46803136   3.44218378  -5.44295676   2.28525295
   3.71378876  -0.9584631    5.90988572   3.30926547  -1.10824548
  -1.94200684  -0.19008856   0.45240672   7.27394032   2.32243054
   0.5912497   -4.175898     3.90109627  -1.52380084  -1.20234901
  -1.49265792   0.48318926   2.12988332  -1.11721838   1.40613999][ -6.93472991  -0.1522098   -2.72241461  -3.74621719   0.29644566
  -6.34245186   1.21741594   5.39185058  -2.87334456   4.95791979
   3.12433798  -2.05333645  -4.28212329  -3.27689217 -11.87847253
   0.59142205  -1.20132571  -2.03776508   0.55536989   4.22989084
  -1.5204176    5.33889602  -1.09679029   0.07819523   1.10903997
   1.61814967  -1.73288708  -1.15277626  -0.23035436   5.09463544
   5.12753936  -2.5884717    1.65301519  -4.2635575   -0.78863132
   1.31058914   0.43010126   8.32250176   1.63383176   1.74179648
  10.13131662   7.87971893   0.97530206  -0.08888042  11.14015089
  -6.594372    -2.72136282   5.50210751  11.1683094   -1.99245352
   2.94149908   2.03055028   2.18921515  -2.77830993   4.551065  ][ -8.77107901 -10.40678173  -1.79783477  -0.53252491   0.45680927
  -2.22417022  -3.5428874   -4.81964598   2.65945652   5.04931977
   0.59326509  -7.50300248   9.26648205   1.21495868  -0.05728135
  -7.09463948   2.73416384   8.69836866  -0.96231843  -3.06416812
  -0.5209912    1.87953331   6.01296502   2.37260951   3.07384309
  -8.81339432  -2.04943009   2.83737943   0.36711889  -3.20009136
  11.52088887  -6.6681554   -2.98443204  -2.56313211   1.25367712
   2.65794982   6.96839721   2.47061169   1.38472208  -5.43640702
   6.10702531   8.13087401   2.20118821   6.93334545   2.09446664
  -7.75264645  -6.63632793  -1.75426775  -2.73322445  -2.20723553
  -1.63281953   5.28246427  -3.1237798   -2.99822114  -1.40737165][ 0.2722432   8.73298221 -2.78011896  1.57955707 -4.99214997  1.40366248
  2.52255226  0.61928692 -6.2351338  -0.14611386 -4.53731981  0.19573084
  6.56049379 -4.86014466  3.1210765  -6.74059235  9.05273598  1.9207014
 -0.0535409  -2.5652393   3.72403674 -1.51760531 -0.91712848  1.39466065
  5.43285415 -5.68255611 -6.69172046 -0.05381542 -4.16872658  1.33001262
  9.17731662  2.5401868   6.76290595  0.41803587  1.29565201  0.12854104
  8.82983116  4.52911913  5.25156842  1.83184335  3.69258505  7.01810991
 -2.09861879 -0.93501638  8.90995286  6.47502408  5.3275587   4.82309882
  5.72903029 -0.0111929  -2.17525777  5.84756616 -5.26379881  2.36393131
 -2.24385307][  1.60446634   2.30382459   6.98975925   1.63019562  -5.08179333
  -0.66054237   0.42245133   1.73879862   1.11050403   7.84518651
   1.15514889   3.51719893  -0.17846736   3.6740897    0.11139537
  -0.38852382  -2.94701274   2.75102145  -2.5740708    2.65568618
   0.42114615   3.87410615  -4.914267    -7.25207833   1.15638588
   4.22737575  -2.65399018   0.99968991  -3.51693958   4.35556619
  -2.01959388   2.73515389  -0.73428249  -0.19853987  -2.25581461
  10.50472306  -1.0206866    4.18657862   1.15966729   1.9484893
  -1.03617508   4.13606102  10.83233717  -3.1606057   -0.38305379
  -5.71592431  -3.04663254   5.3108347    4.38580257  -2.98602251
   8.67487393   7.38908425  -2.68809478   0.19420001   0.6000048 ][ -7.7072033    2.62074902  -1.3085243    4.63304197  -4.36750006
  -7.99157557   1.86682544  -7.4017047    6.87528327   2.9379427
  -3.92095658  -4.08523125  -2.95166517   3.14320545   0.58740587
   9.51356575  -0.8122262   -5.05019436   3.79782372  -7.27233989
  -4.20882423   1.87883323   1.61280961   0.10348797   2.41696566
  -3.10917402  -5.09270646  -4.02993922   0.47470901  -1.15544952
  -0.33585961  -1.74190938   0.35069854  -0.61030269  -3.54725782
  -4.5330371    5.56504047  -3.9600104    3.14563261  -2.80880056
   0.87750655  -0.89505255  -2.49566017   0.36812399 -11.23192681
   2.5569224    1.92893033   9.42808601   3.67110394   8.56325888
  -2.04353619   1.62175117  -1.72105494  -3.84885721  -1.40443042][ -0.14958916  -7.44791611  -1.17486748   4.03783911  -7.01740566
  -5.67463849  15.3905307    1.01511532   4.95584212  -5.62395301
  -5.84022394   3.74796001   1.93833596   2.06177665   9.17792886
   6.50285815  -2.55651652   2.90148087   3.71824074   9.14799325
  -5.7002299   -4.03448443  -3.07108782   6.93562694  -2.80679183
  -1.61891936   5.21367     -1.57143657   8.63444497  -4.33583705
   8.3267383   -5.29108908  -7.59928234  -4.0075784   -8.34673961
   2.21174213   4.09191451   2.9136861   -4.56619218   4.66124152
   2.02974246  -3.46281333  -5.24962246   7.61336034  -1.41219141
   1.35912521   1.53962799   0.09229606  -3.96230394   3.92261796
  -4.08728434  -5.19401934  -7.41029633   1.2144561    1.94852165][  6.03501105   2.81821536  -4.00869846  -1.9212016   -6.41722708
   3.4033491   -5.73462021   3.75302653  -7.56473987   0.03509389
  -4.53080732  -5.36093352   1.26431903  -2.33742612  -5.36546797
  -6.41830471  -6.94976383  -7.86645861   5.11425931  -4.21596579
  -4.54116235  -2.18038899   0.46488187   5.0829233  -11.83085032
  -6.30579201   4.68621058   0.80337187   6.02109486   5.51545446
  -4.91806768  -3.5529378   -5.64673002   0.32733229   0.060076
  -6.27854454  -1.49117308  -0.53919243   3.00764445  -2.21367075
  -0.40384413  -2.10366032  -9.33904543  -3.41164598   1.48718242
  -0.73439538  -0.36776601   1.55229776   2.44567507  -5.63925214
  -2.94624877 -11.425901    -1.77923107   1.01318017  -4.72294848][  9.03106279   1.21018133   1.15666648   5.73150809  -3.65657938
  -4.38850285  -3.61679721  -2.14059794   3.32692705   6.59922591
   7.14161705   0.11580322  -4.85693244  11.63242707 -13.88430793
  -4.79280205   3.48053779  -0.9119854   -0.65237661   3.34343532
   3.43487487   5.63506815   1.27910121   5.34578178   3.29441173
   6.51636177   2.11052262   9.21648833  -1.12200037  -3.98049374
  -1.28129525   5.63250201   1.27425307  -9.03050879   4.46752919
   5.79434641  -4.54000801   9.66282724   5.91453505   4.72050763
   2.89139437  -1.58051902  -0.03338786  -9.09067376  -1.71428728
  -2.9503768   -2.9643621    5.04202507  -6.87651778   2.46760722
   0.4036623   -2.13665054  -0.40967826  -0.92056785  12.76303549][ 3.92060767  9.22044198 -5.34572639  4.16916449 -9.94061911 -0.80078694
 -9.4964481  -8.76026944 -3.6928186  -8.41609053 -3.06592107  2.8294311
  4.28119178  6.87992783  1.33679949 -2.9981979   4.66193635 -8.74692774
  1.68336236 -4.25493591  9.32180667 -1.22326969 -3.86967567 -9.33155802
  2.37439052 -4.99125389 -7.78738754 -9.19165617  0.41933771 -1.12698284
 -8.3420765  -2.44480447 -9.72229432  2.01383918  1.21502189  4.12702325
  2.39665491 -6.15690332  2.59187011  2.36998052  4.36864565 -3.9562288
 -3.73503565  5.86853342  2.13791676 -2.19688417 -5.68652026  2.23463876
 -9.42357744 -0.78738592  4.91428756 -2.48495938  6.98620998  3.77266107
 -3.74083531][  2.47224173   5.1575984   -4.07513962  -4.40340849   2.34284447
   3.86214629  -2.99534855   0.06756306  -5.91348464  -3.45147479
  10.33699619   1.54658017   5.36911555  -6.5325518   -5.65611292
   1.16415067  -3.93148868   1.23192713  -1.45400162   0.33605364
  -1.95719212  -5.85799382  -0.8822589   -0.85123313  -0.49107525
   6.74263571   3.26225739  -2.67331487  -3.633105    -7.2304624
   9.08286881  -3.39009865   9.80380713   0.55549594   3.64262735
  -4.27818515  -5.81915129   0.84683997  -9.03223431   1.56270434
   6.06707466  -0.42132753   3.95679686  -0.88296581   1.5501981
   1.88501272  -3.25229569   3.59375096   1.35135263  -7.03590205
  12.58084232  -0.89287886  -4.44285858   1.09419263  -0.56809164][-1.4620334  -2.7143207  -0.89122106 -6.54644932 -4.2680858   3.16376206
 -2.39462579  0.94791664 -2.74950148 -6.90183459 -3.59922604 -1.76561581
  5.44648932  0.43461836  4.61540652 -3.27610789 -0.29077339 -0.41249467
 -3.94365577 -3.66719333 -5.96517208 -1.3592655  -1.41578758  1.81701552
 -3.55316977 -4.21576127  2.6355694   4.60921296  3.16019018 -3.6992312
 -1.20111641 -2.0333553  -4.55917318  3.7567407   3.35006679 -5.73277039
 -4.78483701 -2.80598244 -0.62935407 -2.32134206  2.69624616  2.33673126
  0.10260725  7.02098071  3.13332831  5.68794939  5.88253646  8.47617699
 -0.29517354  3.75723656  3.53130491  4.4481815   3.39004679 -1.06880782
 -5.73373233][ -0.65078014  -9.30193447  -0.92736234   2.18125544  -0.94072523
   2.91691751   1.1832844   -1.59893394  -1.74370584  -2.69870501
  -5.97153112   0.48541111  -8.82080221  -4.37660566   4.44735359
   3.91222207  -8.7603796   -1.2494419    1.13176974  -6.79142895
   3.1836614   -5.4951286   -9.39770357  -1.11288406  -7.14479717
 -11.31520851   6.27191569  -4.38954641  -8.17072009  -3.70971211
   5.74886826  10.36437733   6.2017047    0.50909769   2.54211924
   2.35898995   2.33074681  -0.89958873  -0.23691094   0.32083301
   2.03281184  -0.14306089  -2.01790109  -0.33338877   0.35826101
  -1.97869661   1.7979444    5.87244781   5.09881639   6.97913085
  10.30868463  -0.51181871   2.76180186  -4.94087883  -2.3834302 ][ -0.19151704  -3.02218002   1.08816182  -0.33009045  -3.47577335
   4.4902508    5.5500664    2.50309361  -9.17148551  -9.64411784
   0.53363154  -4.69628604  -5.55148993  -2.52356471  -3.23522065
  -6.70570394 -16.1671816    4.45307519   2.10035645   1.33122709
  -1.90804665   0.90594474   2.13844788  -6.81838024  -2.5992437
   0.37515138   3.26207016   1.88330052  -7.7552456    2.76838444
   1.46841853   4.52140973  -0.65438652  -2.92018167   2.19141222
   2.98181488  -2.91592848  10.32454678  -4.24221431  -5.92826048
  -4.19220745  -6.21112403  -5.8960714   -4.5640869    3.22727169
  -3.24885395  -5.42697203  -2.83935309   0.43486635  -8.76197256
  -6.10529423  -0.30150679  -0.19902378   4.89809882  12.64718338][ -2.3473875   -2.26382185  -2.73489674  -0.13986222  -1.60849175
   2.62420326   3.65039277   2.00199964  -3.66654881 -10.53106393
   2.02765725  -2.60597547  -1.78901486  -0.16209486  -2.06296094
   9.97346659   2.42843483   2.38350729  -0.60939833   7.10586744
   7.96064364   2.29351859   4.40005518   1.8506597    2.96993065
  -0.41388267  -8.71400307  -2.25206535  -7.57538258   0.06048086
  -1.06018969  -6.98371431  -2.47267643  -2.05353102  -3.18567603
  -5.68238685   0.66828255   3.23509719   0.08489438   8.61215773
   0.92161511   6.63785238  -0.98847308  -5.31364406  -9.04090297
   7.98614769   4.94596504   1.81168368  -0.55603578   4.30899921
  -2.46757513  -0.57324794   1.03230561   4.60910462  -2.79576839][  4.41881573e+00  -5.19049518e+00   1.28805900e+00   9.09790626e+00
  -7.04947084e-01   2.56952918e+00   4.00758165e+00  -5.35792137e-01
  -2.08828221e+00   1.63666026e+00  -2.30371049e+00   7.53836338e+00
   6.12001084e+00   3.39600348e+00  -1.82164560e+00   8.42137839e+00
   7.04364354e+00  -2.30323513e+00  -5.54687376e+00  -4.68767100e+00
  -2.58297961e+00  -2.67423535e+00   5.81282754e-04  -1.41966010e+00
   4.16217736e+00   2.22489338e+00   1.64912487e+00   6.50686315e+00
   2.30753822e-01  -3.02621700e-01   5.20214679e+00  -1.37644584e+00
   2.06320675e+00   3.47318946e+00   1.20674356e+00   1.19775545e+00
   2.88136169e+00  -2.44280076e+00  -1.50305439e+00  -2.24679469e+00
  -9.75122278e-02  -4.06896773e+00   1.11174462e+00  -3.59775466e-01
  -2.14929196e+00   4.59000610e-01   2.64044499e+00   6.51570361e+00
  -3.61523575e+00   4.74882735e+00  -3.52165610e-01   3.28237581e+00
   6.01061324e+00  -3.17621702e-01   3.67944735e+00][  0.50967331  -5.37739537   9.579984    -5.09577295   5.12424413
   6.11867591  -4.12398125   2.20559389   3.52634302   9.98389311
  -4.06577319  -0.92616296 -10.41249576   1.8954825   -6.67605539
   1.31397104  11.17535184  -4.79862489 -11.03895031  -0.23629258
  -4.33609741   5.22870605   3.65158764  -4.15003945   6.62352374
  -2.38063528  -1.86122342   4.85662834  -3.53998495   4.05908849
  -2.64664037   6.93781073   6.49746796   6.28425569   8.60299213
  -1.08794097   3.84843963   3.52975602  -1.16288809   1.39076361
   0.12804172   9.16489065   2.54071563   2.47638965   1.3344098
   3.58849226  -9.60938723  -5.83106185   0.23186837   4.8398681
  -3.5392523   -1.12721157  -1.4664959   -3.01830611  -5.54487665][ -5.23719605  -0.0672584    0.10830975   2.84007112  -3.07431683
   2.81503016   3.37573227   9.23900287  -4.07762336  -8.64971156
  -1.04110463  -6.59968598   3.05532298   5.34906545   1.72165019
  -6.58114835  -7.66156824  -3.6977106   -5.58741958  -1.922867
  -0.11993171  -0.26319366   6.13197191   8.14111541  -0.48025144
 -15.00616441   7.38761495   5.61201399   8.01390338  -1.35912417
  -3.10900208  -4.71004067   0.12002688   0.57026762   1.24508867
   6.47123676   1.3505456    1.98146775  -3.47458901  -1.28949532
   0.32888596  -8.80002645   5.1427732  -13.16312687   4.49779681
   1.70342206   1.09129449  -3.11560877  -0.30137505  -5.13013521
  -1.65112272  -0.6294971   -1.63473672  -1.33449064  10.10977636][-1.65039697 -7.48740999 -7.22506514  1.75461364  1.77218083 -6.29868451
 -5.25950243  2.90392369  1.9201982  -3.38515217 -2.39019644  2.36968242
  2.50417317 -3.58968957 -4.51560996  7.87386285 -6.71912389 -3.78162755
  2.0852631  -4.63092225  4.91437195  1.12562283 -4.12425028  5.43093181
 -2.64064527  0.814292   -3.73469813 -2.24137438  4.14479434 -2.99700972
  3.5964895  -2.23322233  4.22325201  0.35336685  2.66495431  4.69158278
 -0.52357005  1.52993266  0.16248258 -1.45672515  3.48825487  5.48954038
 -1.49549417  7.20716418 -4.37930383  2.93873343 -4.85970371  0.83120515
  2.68563675  3.94915691  2.15379391  0.74676648 -4.42811069  0.4921323
  2.9209317 ]
 pesos capa salida
[-2.36953022  0.94584296  3.47949485  1.36843489  5.5704001  -1.24893455
  0.17716263 -0.26570454  0.2107826  -0.62356107  0.24160589  0.14313368
  0.68655066 -0.57343239  0.02482842  3.03254897  0.93247306 -0.35344569
  0.01428464]
 biasCapaoculta
-23.890852443678412
 biasCapaoSalida
0.9964632946200374
 mejor error
118.02201382069678
 Precision 
0.6594265855777585