
 fecha de inicio Tue, 16 Jan 2018 03:55:34 
 fecha de la generacion Tue, 16 Jan 2018 08:55:45 
 generacion: 2311
 pesos capa oculta 1
[  2.60300557   0.8377889  -17.66498282   2.49788541 -11.78493739
   1.57708932   8.5744421    6.23918918   4.76617976  -6.95581217
  -5.06615771  11.59462711  -8.55561264  -9.40739452   0.12588689
  -4.26892527  -1.9720798   -8.02618523   6.18761925   1.42935084
  -3.90361445   1.5238069    3.76721257  13.11011173  10.13128798
  -5.41363958   4.38055971   6.82665089  -0.93802334   4.53680018
 -10.18567331  -2.21051406  -6.4441921   -4.93858204  -2.13760926
  -2.47999918   1.30090896  -2.9867494    1.05192291   1.71016237
  -1.02600813  -7.59382277   8.47412126  -3.26234678   5.26733844
  -0.19024461   3.45995752  -8.66934802   4.68407866  -3.60210537
  -5.27879148  -3.91065572  -1.95628401   5.65207099  -7.73863019][ -0.26398353  -4.98209652   2.61463706  -0.19420342  -2.07733764
   8.34891709   7.79319543   0.87079378 -10.77703357  -5.92551102
   2.62066887  -2.03528442   0.11832717  -4.95523484   1.32195067
  -3.12184021  10.30539543   6.59476086   0.49653416  -4.3483749
  -1.40577904  -0.3735541   -1.93080978   0.67874243  -9.41729853
   7.19742958   6.24772416  -0.77555723  -1.90677563  -4.81726989
  -8.02235227  -1.6604239   -1.87794191   9.84660088  -9.604637
 -10.23114574  -5.47383463   8.92226242  -5.07445811   7.99330784
 -11.16593144  -3.24514779  -7.43057892   5.03148706  -0.42086558
  11.18440053   6.00775794  -3.61151614  -2.79652958 -10.60035064
   2.91105846   8.43799905  -0.06193979  -0.62028817  -2.03078883][ -0.42042051  -9.40511732   4.19869001  -6.3813492   11.19164595
  -5.41724375   3.45537183  -2.24027546  -3.21824651   3.70115444
  -3.17174923  -4.12339198  -6.30728234  -5.00861032  -3.22826847
  -7.61977683   4.62582099   3.65536049  -0.47175591   1.57419071
  -7.36222283   2.59202791   3.1623695   -0.47686287  -1.78713642
   6.79220978   4.03318841   9.48703729  14.4908667    1.3845168
  -6.6346966   -4.54258472  -4.53529795  -0.39769768   0.70028928
   9.11680585   5.6743165   -7.22077408  -2.53452052   0.13328858
  -4.33668883  -3.06460238  -1.19474068   0.21455603  -5.97789162
 -13.67053441  -1.50587002  -6.41415918  -0.97324691  -4.24919462
   0.64743862  -1.3678283   -6.07287113  -7.71229064   0.99190792][  6.7555429   -6.00019938  12.81212178  -9.34067     -8.08778356
   7.31115837  -3.27683857  -0.17436096   8.95447488   3.9483019
   8.77503399  -8.73783016   1.3760984   -5.4497533   -8.01649145
  12.96362849   0.77948567   9.27403879   5.20328417   0.16596952
   4.68101482   1.53292268  -4.54321563   5.50492176  -5.36027798
   0.47458837 -14.56857629   3.81357481   0.65962208  -3.36761664
   6.43007048  11.5861886    3.36482823  -7.28114268   4.12230657
  -1.87596955   7.62682531   0.50199411  -5.12799994  -5.37494855
   7.66731925  -3.97203343   6.52317153   1.47304966   4.67462295
   0.3884773  -10.50843929   3.44140885   6.11781442  -7.88002972
   6.20220379   2.07953125  20.7662768   -2.96372808  -7.43286194][ 13.8700237   10.00940187   8.77684738  10.22480755   1.85069527
   2.99725916  -1.31505595  -2.11956424   6.03597674   1.84858249
   0.8469657    3.61192367  -2.31908051   1.03589463   4.24213342
  -1.38441202  -6.24886976  10.4922518   -2.12442971  -5.20369347
   1.19883276  -1.41077686   0.58125669  -0.30886059  15.07141946
  -2.12410319   6.94129017  -1.19511517  -3.8272238   -1.88476852
 -13.44714053   5.01330892   6.77825794   6.74082205  -0.66699462
  -5.08889486  -4.63343515   1.07737536  -8.47114338  -1.65232443
  -1.2368349   -5.86597727  -7.55588408  -0.0546735   -1.27772871
   2.24039001  -5.56868856  -3.0815559   10.82335259   2.84818392
   0.88450851  -7.95343156  -0.59786678  -0.01674545  -2.97016573][ -9.24743047  -6.22664593   6.09776506   9.56743808   2.34758819
   8.8109776   -6.73438632   2.749261     2.1890411   -5.33880311
   2.76455514  -7.10388776  -6.43363408  -3.1652449   -1.90979728
   2.64338464  -1.72097858   7.27185159   1.75890763  -3.45229401
   3.54548499   4.74816564  -8.98966246  -3.34530646  10.07684118
   2.45539082  -0.85825602   9.95343817   4.39703684   0.9055666
   9.74759386   9.60965866  -6.98805679  -0.23054528  -5.04692359
  -1.33103356   1.11617544  -2.73951116 -13.84366765  -2.63604986
   1.51582089   1.56023169  -7.91972738  15.15174676 -11.28349935
  -3.78171835   0.95547256   0.31855434   1.24705382   8.06416366
  -1.95730027   7.15946263   7.83682261 -14.23318994   5.21164684][  1.72499778  -0.02183968   9.03724831   4.85424729   2.56805527
  -1.85817987  10.49439553 -10.55759514   5.38652686  -4.7895784
  -4.0620714    0.81632805  -3.48441609  -3.37467107   8.79682418
  -6.87297048   3.18726251   2.9866528    3.61671831  10.28243274
  -0.76012645   0.04196314  -2.9263156    0.14244296   2.78455156
  -6.44478233  -0.3424919   -3.89893906   5.31864925   2.05027961
  11.60084607  -0.22290856 -10.20417995   0.41786077   2.6093715
  -0.68635862  -5.45734962   3.13940381  10.43403608   1.21852538
  -1.93589744   0.75739994  -6.09725323  -8.59559854   2.90733433
  -3.20117024  -3.32574402   4.89610567   2.85943741   6.62428803
  -6.2981344    3.43508433   4.13818395   1.50137418  -6.07092934][ -3.24831672   2.26270178  -9.89406233   7.78869253   1.45948893
   2.72311222  -9.73374818  -7.08486269  -8.88440407   1.92104288
  -2.77398801   0.41054962   6.89021321  -4.69276228  -3.89977366
 -11.92997156  -1.8241927   -3.75159909   2.96809462   6.56781157
  12.84122551  -2.0498297    4.1375023   -7.30489666  -5.08652785
 -15.08098762   3.36128957  -2.25264799   6.88776995   2.20443117
  -4.84542996   0.03416659  -9.94909872   0.67440236  11.9015885
   3.65381084  -5.03113364   2.85419029   1.82198469   1.05736459
  -3.56405793 -13.36050826  13.03008283  -5.87840793  -4.85958961
  -5.20102035  -5.89244469  -1.73341031  -0.52709125   6.56995864
   9.35080093  -5.63075126  15.39189391   1.52350622   6.07822808][ -3.48441695   2.5339773   -6.5323358    7.84844943   4.55479593
  -6.95349591  -5.91249179   1.70777376   2.90596233   0.58110776
  -6.65543035  -9.39854187  -6.2124628    1.58881794  -2.09687751
  -2.96310607   9.36376714  -8.55930959   7.15854638   7.05666264
   4.89865394  -0.88193766  -1.19494679  13.01506165   1.93177189
   2.64948952   4.20302276  -7.21390765  -1.06168774   2.35397506
  -1.06374874   6.55337521   1.3837657   -6.39556141   0.19170804
  -5.22574841   3.23155043   9.80269964   6.76843473  -1.10741921
   0.60353655  -0.93669198  10.30020958   0.29828397   4.80953003
  -4.60676686  -9.44606055   0.84598188  -1.22273362  13.96597183
   0.46035851   0.93083969   2.69786405   0.38944342  -1.06956846][  8.50074658   1.16902202   2.47128266  -4.16466018   3.18483206
  -0.33304882   1.97973208   2.87165032  -6.008469     3.24709591
   3.45600754   5.7130124   -0.08215562   6.12478226   5.89414765
   0.59325922  -4.69843065  -7.44834627  -9.09275255  -6.48721968
  -2.9813476   -3.20007964   1.4783124    1.17282085   1.69995373
   0.4389554    0.3603985    8.05866544  -5.1159216    3.98805185
  -7.198768    -2.28536778  -1.22250419  -4.37427054   1.55173725
  10.65691536  -1.01977503   5.11817964  -6.14794252   5.41423642
   0.73506954  11.18157095   4.58509108 -11.1721056    0.29790013
  10.67820075   1.45012582  -0.76830272   5.12634527   1.96774924
   5.64196748 -12.96701575  -4.75759568  -6.448157     4.8778861 ][  6.07710354   2.72557089   4.1499336   -4.9381253   -1.34599909
  -3.54981625  -7.8807446    6.82092472  -8.05017652  -4.09878048
   3.63745975  -4.40715052  -4.06147716  -8.35392196   5.29777516
  -7.08390623  -7.69984576  -8.71819291  12.44673933  -5.87103295
   7.94554736  -3.58350253  -3.08931508  -4.78194079   4.43682046
   4.03821499   4.95051133   5.74012808  -5.98516717  -4.33595087
   7.81498707   8.13515671   8.36082699   1.41049617   2.29941019
   9.88157221   4.34572865   8.74219651   2.79164998   6.68158914
  10.82146391  -1.09873499  -6.15264638  -3.53054402  -2.74515891
  -2.04949535  10.94057845  -0.94499584   1.64219912  -8.87991652
   1.95569176  -8.88939913   5.84025076  -3.39839013   3.64775668][-16.39433976  -3.77663477   1.62581935  -2.40427383  -4.59094951
   6.6923502   -3.45098468   1.48165585  -1.92896534   3.71814868
  -3.34411397  -4.38613129   4.59198027  -3.07991087  -5.18364251
  -2.14076293   6.48650293   3.3593057    3.89749383  -4.12000283
   6.78796251  -4.16869415  -5.30598403   7.20868297   1.64086503
   1.43195652   6.82791267  -1.77627434  -3.91780226  -3.81617682
   3.06606774  -5.77559385  -2.62912035   1.85403329  -0.11069455
   0.67758741   5.89709811  -9.85799969  -0.69893464  -2.19164015
  -0.33776664  -3.57406549   5.67302738  -2.17414154  -6.34396277  -3.57226
   1.55844224   0.12234116   8.36367236 -12.88654641   6.75670584
   2.60786835   8.62661633   2.08325979   4.1181216 ][  2.17249653  -3.01597698 -11.67180428   1.2742353    4.34880532
  -2.14887247  10.93554423   2.82583704  -3.39205044  13.04049763
   1.18683033   8.2649553    7.65775073   4.96429375  -0.78063917
   0.07494214  -5.4179497    0.66826629   8.73936414  -6.15562621
  -6.31767387  -5.34628849 -11.01813373  -0.1433696   -6.73466103
  -3.24493689   2.00384198   0.79725766  13.07061861   3.68482267
   3.47554178  -3.78242928   3.52060504   3.4532509   -3.37048466
  -2.0218574   -5.86332806   6.77185509  -9.12522792   9.84125349
  -4.71032749   3.05113154  13.38255368  -3.25302719  -1.2337807
   0.1554631   -9.27729723   7.19914209  -3.70584902   4.16414029
   1.43477854  -0.08754657   8.05894966  -0.4676871    1.83364772][ 10.67185081   1.00168773  -6.92767998  -2.14070774  -0.92790485
   0.97768237  -1.76784003   3.24988192   5.93029171   2.95747422 -15.74278
  -0.60400225   0.03941361  -7.00964994  -4.39560093  -9.76059794
  -2.27365874  -0.95614122   8.03557849  -3.41672617   3.24830408
  10.81693946  -1.48671703   4.60934499   5.75558533  -0.18688066
   8.71747971   4.64290826  -5.87914642   2.79749122  -1.54669916
  -0.23620521   0.04258596  -2.82895962  17.45218198 -10.56516092
   5.43508002   4.87511723   7.1932032    5.62323977  -1.16138868
   5.68898934  -8.40476029  11.66666196  -5.32497807   0.08177929
   1.2535807    2.5093658   -2.47527658   9.4412473   -3.37792541
  -0.39609145  -3.38759575   0.81340618  -9.46685056][  0.90298271   3.88965345  11.58189843  -6.23384463  15.08364471
   3.17629955 -11.69319511  -6.39753445  -4.42582408  -0.12052721
  -1.11804001   1.20140703  -2.76884883   3.44399357  15.87561356
   3.91236422   6.90732473  -3.94205126  -0.46607612   4.48849348
   6.83427236  -0.43707116  -6.71552711   5.39478015  11.4641023
  -5.03310268   1.60634324   1.71485789  -3.4264852    1.59240333
  -2.05552644   0.79346508  -2.14689885  -1.20261209   7.66186338
  -0.72014928  -0.10726941  -3.51795217   2.03041564   0.44898051
   1.35264774   4.09211301   3.69389199  -0.26703777   3.92628482
   5.64246609   0.90999943   1.40222696  -1.70918798   8.41823174
  10.89210962   4.65610651  -9.60730722   2.98453327  -5.92015915][ -0.4064875    6.00539072   3.58697382   0.42819391   3.31246823
  17.84586598   2.91446025 -10.19787721  -5.01158383  -3.84886307
  -0.70931763  -8.16056301   6.68793921   4.38170326   4.90974395
   0.59810402 -12.81672056   6.53019447  -2.75402534  13.23403304
  -3.59476348  -3.55929781  -6.17382447   0.8814685   -8.69677287
  -3.32193007   6.98448535   1.57730965   7.00944071   0.34267879
   8.09325776  -0.72879327  -8.43150243  -4.25988893   3.54147147
   2.49057145   1.15022417  -0.3758454   -5.31446644   1.26386301
   7.02144271   3.1925527    2.70360511   4.37094909   6.38720754
   4.67272742   0.26303293  -8.18948737   9.96451639   3.27722246
  -3.91338594   0.65097933   1.91236737   3.22363159  -7.30970638][  3.61072271  -0.97101939  -2.75315425   2.90920279  -6.36673234
   8.32142867  -9.52554455  -0.30339636  -1.90759557  -7.21797973
   0.28381838  11.99045968   5.62952494   6.1877681   -0.74119986
   8.91282061  -8.26281196  -5.99806808  -4.50528993   0.05941165
   5.6843598    2.08039597   6.95779129  -3.13254066   0.8454773
 -14.8370706   -2.63089321  -4.59005334 -11.06791856   2.4215404
  -0.79556545   8.46995278   7.15938111   2.26503488  -2.72220483
   3.70202961   0.4097102    2.18760625   7.30429864  -3.31578123
   0.34931719   2.70085266   0.85432671  -3.4210611   -8.22129347
   6.32511086   1.86987791  -0.75491409   7.28112738  -1.3170109
 -13.15485108   8.86205783  -1.42559369   5.17791954  -7.15472172][ -7.34342864   6.59115767  -3.3764664    4.20769933  11.99962564
  -4.54324974  -0.87481984   0.38009322  -0.70279344  -1.01875817
   2.57819426  -7.98216137   9.18562745   1.50873543  -1.72255219
  -1.03735881  -1.79497222   0.38489585  12.5922903   -6.35232889
  -8.07724357  -0.23874389  -0.45168892  -4.68855471  -0.66010095
  -0.26984129   1.42729657   3.3712129    3.11655815   1.33530848
  -0.67079232  -2.12866281  -2.14241494  -0.93458604  -7.80882615
  -4.30649467  -7.04152935   7.56836724  -1.6720445    2.49175119
  -0.05114206   0.84202973  -0.11940702   0.03833565 -10.67322149
   0.06554561   0.64897811 -15.72631961  -0.39203707  -7.04737928
  -0.39147149  -7.88243038  -3.84062751  -0.93240686  -1.57023079][  3.66086833 -10.15362577  11.35672419   9.77568185  -2.80210135
   1.14952007   5.34691751  -5.80960607   2.88024026   4.62637293
  -3.15222567   4.60201843  -7.2761624    2.65632135   6.01095062
   6.34129298   9.687067     1.10004695  -6.60392175  -7.58515325
  -4.47599185   7.49953578   0.19937566   1.06725551 -12.43704361
  -5.79571653  -0.60669452  -1.62956022 -13.75103604   2.88532964
   4.04778834  -7.23105945  -0.37825125  -5.34173667  -2.55403357
 -10.69100869   2.6093553    6.70438052   7.37756603  -3.28772317
  11.16050527   7.23665476  -0.19250331   0.30354084  -2.61811867
   1.14589792  -2.43758034  -5.5748109  -11.37292703   1.9007938
 -13.61024324   0.53559      0.03655006  -4.00662336   1.6849643 ]
 pesos capa salida
[-7.01762489  2.07767535  2.26503335  3.13917601  3.50604355 -1.40503419
  0.51158316 -1.57901798  2.59232535  0.97460667 -0.6685724   0.22705285
  0.34241049  0.0455354   2.2504056   3.99527593 -3.36929787 -0.2203282
  2.52807845]
 biasCapaoculta
1
 biasCapaoSalida
1
 mejor error
136.5833823900879
 Precision 
0.7080799304952216