
 fecha de inicio Fri, 12 Jan 2018 04:02:50 
 fecha de la generacion Fri, 12 Jan 2018 09:53:13 
 generacion: 5410
 pesos capa oculta 1
[-3.35913163  0.40459818  2.13973367  1.12257787  3.68224331  2.01188781
 -0.35036863  3.58671522 -7.64513866 -3.20439672  0.22592539 -4.74555683
 -8.59776813 -2.62684749 -2.90976311 -2.59189545 -6.44419127  0.04495776
 -3.85974028 -5.28938307  1.96163014 -0.85837081  1.61881935  1.28820405
  3.72858365 -0.24038907 -0.98755854 -2.13069225  4.79794386  3.86831513
 -1.97560733  4.70103684  3.61033625 -3.74599784  2.0298506   1.95900063
 -1.77519651  1.60669314  0.91968265  4.98776687  4.86970251  0.43044601
 -2.30983164  0.02332242 -0.98277248 -2.07268137  0.46984343 -5.98317494
  3.99873187  5.46725898  0.09663437 -2.17995953  5.32442762 -4.68942731
 -4.26515893][-0.15102032  2.35854019 -1.22808592  5.16956404 -3.96829699  3.61769774
 -4.29287514  1.71028363  2.95489966 -3.48221264  2.77467714  1.69231695
 -0.34621036 -4.67091802  2.23767796  1.29330554 -3.26798169 -1.3146552
 -5.37406455 -0.84328744  4.38367259 -0.61043628  1.68227379  0.65683596
  0.52462278 -2.05865798  0.17354762  1.77832375 -0.19511938 -1.56808952
 -2.49574174 -0.26521443  1.66624799  3.14036462 -2.06859331 -2.65783401
 -4.17477321 -4.92976807 -3.65623352 -2.28300745 -2.07102527 -3.10114884
  2.05289921 -0.48989083 -5.49345734  2.85846333 -0.53125088  3.5457803
  0.17842455  0.37597265  0.08757351  4.1823364   3.16325649  3.90212016
  3.39094887][-3.44376879 -3.6389697   2.72888517  1.39936526 -5.93445812  1.89102007
 -3.39277185  0.3745269  -2.19652113 -1.58440862  4.41384592  1.93080074
 -0.23316439 -0.15006474  2.23124854  5.7794972   3.44836547  2.96042842
  2.617531    1.6776651   1.18828029  0.64675025 -3.10274031  7.18775908
 -0.33524518  5.54779426 -0.73512892 -2.21067455 -2.40658796 -1.31666304
  5.54996274 -4.43358584  0.28628231 -0.37152676  2.30747762  0.41910909
 -0.61520847 -1.48490008 -3.57154092 -1.74540392  1.4137604   2.98957162
 -2.02819222  1.00184319  5.0943254   0.75242497  3.40533204 -0.23497866
  7.46302899 -3.2794071   5.86859135  2.48640311 -0.78142656  0.13259393
 -3.15902868][ 1.86334329  3.09443435 -2.6286751   1.5649286   3.46929559 -0.41679999
  0.82212883  1.26067961  1.23031909 -2.64067952 -2.43437277 -2.09035187
 -1.86154719  2.84166495 -2.86122819 -9.14008008  0.06354174 -1.02650544
 -3.54294748 -6.36951118 -1.953464    5.06576846  3.44258927  0.62066058
 -2.54172811  3.05995948  1.33981207  6.67863473  4.04301217 -3.06315472
 -2.47149147  1.51742149  2.10831402 -2.13158969 -6.98635625  3.58317343
  4.0721639   0.69776338 -5.07116245  2.14466471 -1.43163651 -2.17493929
  3.72891459  1.17671894 -1.48092021 -0.31444178  1.63358897  0.12134918
  4.31967694  2.09712016 -6.44722843  2.67993241  0.7011825   3.91130215
  0.52008928][-3.36117304 -0.8673432  -2.33923332 -2.88999611  2.89789452 -1.79931065
 -0.1962435  -0.1719401  -5.20794718  3.97346406  1.57455125  1.05850618
  2.79364869 -2.60014295  3.10970988 -0.29943049  1.17194664 -2.55723684
  1.99575158 -0.4433496  -2.00346335  1.03973994 -0.49014479 -0.42679211
  0.00575086  2.62793647  2.54915943  2.07036483 -0.85683132  1.36199297
  0.83988879  0.75533809  0.89346691 -0.30184178  2.77156778 -0.41109528
 -2.83793906  0.1292804   3.0395414  -2.62374039 -1.217507   -1.21253147
 -0.08299422  2.01204893  2.76517053  1.65025278  3.76500407 -5.23398923
  3.72714697  0.30476315  0.79150384 -5.38710009 -0.46724896 -2.16268572
  5.27933612][  0.53380572   0.48153073  -1.21475395  -3.99146352  -0.18385794
  -0.55153738  -2.66836019   1.59975256  -5.8285111   -0.77991122
  -1.21254837  -1.69404204   2.76270009  -4.64930061   2.6603821
  -1.07189964  -3.72332422   1.58386452  -2.94713513  -3.5327881
  -4.22003886  -2.45103919  -0.05314315  -2.78749188   3.86916439
  -0.07102528   0.88359768   5.78301783   0.05860565  10.3098789
   1.39120497  -1.01517089   1.90207502   0.12000318  -1.38292396
  -0.10758182   8.83564305   2.02472532  -1.36554715  -5.32685875
   0.13651592  -1.89524045  -1.32044659   0.21779351  -1.72171208
   2.35436536  -1.5504479    0.06281176  -1.4277007    2.41643582
  -0.75969987   1.1940622   -1.9823355   -3.9464158   -3.46916649][ 2.20443907  0.33846145 -8.1367377   1.84065688 -2.14249178  1.91582548
 -3.23798965 -0.77050549 -0.51023393 -3.43718838 -1.2055502   0.82306647
 -3.17942527  0.78592122  1.30971166  4.45805407  0.9440245  -6.09815725
  1.44757746  4.04095773  4.10816869 -2.18643715 -1.62439097 -2.91136415
 -0.45790305  2.18360346 -0.85594757 -0.49732217 -2.37063564 -5.495684
 -1.95362746 -1.78228178  3.38679349  1.54689695 -2.29271774 -5.39151686
 -0.08313    -3.79239951  1.36582265  0.20758487 -2.26603879  7.3429287
 -5.22712617  2.10721409 -1.75036166  1.7803514  -1.57364302 -0.2620062
 -2.282091   -2.22605495  1.33557901 -2.36482922 -3.66582689 -2.01069009
 -4.80009304][  1.26702812e+00   1.60198914e+00  -5.61842989e+00   3.21581296e+00
  -3.14479793e+00   2.40964621e+00  -1.16899844e+00   2.16722070e-01
   5.13019546e-01  -1.92760899e-01  -1.88629368e+00  -3.24350888e+00
   1.44070220e+00  -1.60587667e+00   5.31813718e-01   1.07258295e-01
  -1.46407055e+00  -6.04750780e+00  -1.24300177e+00  -5.59842678e+00
   4.33173655e+00  -2.93651734e+00   3.16101311e+00  -1.93140558e+00
   9.35023093e-01   8.24420975e+00   2.94563318e+00   4.33244575e-01
  -2.80442125e+00   4.68676147e+00   2.01887602e-01   4.73732955e+00
  -7.03189642e-01  -1.09852339e+00   4.70850438e-03   3.69132076e+00
  -5.56810327e+00  -4.13045208e+00  -2.82791224e+00   2.37742631e+00
   5.31524442e+00   1.68949407e-02  -3.47909617e+00  -1.54858671e+00
  -8.98012152e-01   1.54052122e+00  -4.70655054e+00  -7.58907277e+00
   9.83008857e-02   3.80122493e-01  -1.80517237e+00  -3.80375331e+00
   8.87086550e+00   2.41722871e-01  -1.08875084e+00][-4.552217    2.1230919  -0.62555801 -1.97367164 -1.11970328  4.76509676
  3.79109357  0.29648679 -0.86593911 -2.9721244   0.95033284  4.63993393
 -2.92413236  1.24799033  2.16671507  1.42729192  7.11400322 -3.11628672
  3.60162643 -1.98313233 -5.79597483 -3.46338563 -3.23158466 -0.39564141
  0.49387954  5.06088327  5.85353593 -0.29493633  5.2133066   0.94676109
 -0.65906356  1.10707502  0.02759561  1.07652931  0.18062387 -3.13491109
  4.62661693  6.33131335 -1.36827726  0.72392992  7.949638    0.40612179
 -3.53113096 -0.05826984 -5.81449144  0.78596664 -0.22786552 -2.79822596
  1.24673156  5.06564319  2.27115849  1.21385021  0.36723975  0.45199292
 -1.3539507 ][-0.84470646  1.94857939 -0.85556869  0.99975026  2.30630211 -3.11185058
  0.761166    2.00236116 -1.40190667  4.86147608 -1.54999294  4.15697758
 -3.54546964  2.15357127  8.11112337  7.19706442 -3.7014845  -0.16259716
 -2.66834807  1.43591943 -2.45795861  0.13470025 -0.77857776  0.14829561
  0.5997555  -2.31998958 -3.0575925  -1.6436954   0.31458221 -0.0606033
  1.20861764  2.0808598   4.06132917  2.29844976 -6.8392129   3.05691302
 -0.52736951  3.79364848 -1.18471355  2.09808151  2.95415134  0.6646965
 -5.68839096  0.75841489  0.31078294 -2.34243131  0.06063422  0.91231287
 -2.64871295  1.43424975 -0.70724144 -3.14360101  1.57455113 -2.00040529
  2.67743065][  2.72232368  -2.88797181   2.45628558  -1.26533309  11.23151035
   0.59256043  -3.45185521  -2.92674527  -2.27949738   0.4135801
   1.18953463   2.13293314   0.5334831    3.90638932   0.60143241
  -3.29109904   0.92838894  -3.48993558  -2.46943086  -0.27212315
  -0.04081902   1.12964028  -1.56925605  -1.71827241  -3.19596136
   0.45507864  -3.1676287    1.72059175   2.09071837  -0.48683845
  -1.0910631   -3.46620793   0.37385145   1.0512011    4.57576507
  -0.22443401   2.49225314   3.1225921   -1.46983844   2.207334     1.8317739
   2.91303692   5.96522888   1.63984213   4.34070666   0.64309495
  -0.53857176  -3.07377566   4.19167202   0.95708326  -1.14770296
   0.06707024   2.11401827   2.07691826  -0.27075377][-0.93812101 -1.40553614  5.06674634  2.53587486  2.24063924  2.49617988
 -3.14480027  2.25820402  1.76970551  7.46638777 -0.47988    -0.03921641
 -0.2327219   3.86014099  0.07799894 -2.17060692  3.52149697  3.70860849
 -0.29071531 -2.96573881  3.44125358 -3.1354609  -1.31031588 -0.60259887
  0.39286736 -0.52528711  0.95950605 -0.42675815  2.1902548  -1.23474717
  3.45391028 -2.99147205  1.05518084 -0.13185756 -4.82045132 -0.09804561
  5.76685269  4.47837338 -3.48678271 -3.20348005  0.91341245 -2.83882775
  2.31717002  1.30235452 -1.71917144 -2.44471589  2.71108325 -0.54816932
 -2.39355257  0.04675127 -1.02705644 -3.61470914 -0.88983634  0.7725875
 -1.22690351][-0.39077222  1.9437712   3.42811285  0.29484756  5.54313853  0.44717337
 -0.39165534  4.37675777  2.47383467  3.34260104  0.2618789   0.25126567
 -0.65785128 -0.97054595 -2.40911091 -0.45179331  4.66125347 -0.65555787
 -0.80944628  4.40756819 -3.79108995 -3.88545835  0.36829311 -2.90792786
  5.45332799 -5.15118257  7.88142661  2.64020162 -4.46328339 -5.0161082
  1.13276112  0.87439576  0.73373328 -2.48690906 -2.46123074 -2.08792094
 -2.1456503   2.72310807 -1.11943965  1.90721574 -2.49131971  5.91531908
 -5.9967818  -2.55869108  1.4169774  -6.00203592  4.57543312 -1.78925472
  0.04296243  3.66689359 -0.29859742  1.69949271 -1.69504056 -1.80529184
 -1.37663204][ 1.68594236  5.16548007 -0.60432492  3.3578716  -0.37833698 -1.01174413
  3.78186505  1.7119184   1.91373256 -2.15026209 -4.00443342 -0.51189465
  2.44247318 -2.61491353  1.71302125  1.88633448  3.25167297 -2.4711644
 -3.33990072  1.02257804 -1.6142824   0.40219362 -2.53452925 -2.08327745
  5.32301761 -0.82372482  3.33392627 -2.78183694  1.93360654  6.01360432
 -2.00229554 -1.25239966  1.81501226 -5.14824484 -3.08069901 -0.16921271
  5.27558313  0.88388267  3.31745256  3.51326198 -4.62360979 -0.46764915
 -3.28711258  4.3403427  -0.24567853  0.16490683 -6.01955766  5.22340688
 -0.89922719 -1.072428    0.89542077 -1.00346204  3.12821364  1.23344403
  3.06706447][ 5.54857481  4.0878185   7.20534058  1.20810505  3.51388966  4.88941917
  4.94928816  0.95002402 -3.99613596  0.9086354  -2.82921459 -2.64476314
  3.24622372  0.08064043  0.71456026  1.31431505  2.64289057  0.90543746
 -2.12848904 -0.98520309 -2.45681812 -1.15130714  4.80119176 -1.03189762
  1.40149903  0.70725503 -1.83066442  0.72194282 -0.5865895  -0.07880036
 -0.02165978  0.73547592  2.7183044   2.11067655  1.68032989 -0.25045797
  3.075076    8.51757986  0.32980427  3.52703485  2.597442   -1.75635293
 -3.7115434   0.18347142 -0.02811297 -5.12010805  0.54792986 -2.44276947
 -3.16260889  1.0438613   0.98297989 -0.94593244 -3.11463605 -1.17202819
  1.44712595][-1.39940253  2.22480012 -7.09154323 -2.53771992  7.30171477  0.18147734
 -1.58898792  0.78604928  0.28029137  0.12494346 -3.97829104  1.44226845
 -1.38207919  1.6114523   3.56669529  4.0272652   2.31951873 -2.10189122
  0.30676836 -2.33870144  0.78364737 -0.23872145 -4.87341413 -0.83760353
  4.48795961  0.74225274  2.92513065  5.45475174 -0.44317125 -0.96571907
 -0.0159233   5.03913969  0.52598509 -1.24652195  2.19320886 -1.57554075
  6.37551235 -2.81464715 -0.41283128 -1.26360946  2.67371216 -0.27596321
 -2.24027715 -6.73556238  5.03902829 -0.03655617  1.88940735 -3.59087567
  0.26171127  3.46832057 -1.77062583 -1.6064991  -3.54290854  0.25445403
  1.37597542][ 0.93633995  1.66040847  1.73865894  2.9761309  -1.71490142 -0.28767671
 -3.22105083 -5.32111176 -2.78181151  0.84383548 -1.09330461  2.10336537
  3.81177349  2.26271791 -0.33281823  3.33031356  0.33024752  3.41651323
  0.71053985 -3.41427158 -0.3930314  -2.01067926  0.49257495  0.94521396
  1.08338336 -3.81445223  1.46148446 -3.26511368 -1.23223715 -6.10123379
 -1.8746209   0.44259055 -0.9417236   1.14735618  0.20289055 -2.2421277
  7.37737566  4.15511319 -0.67073596 -3.30589134  1.53109719 -2.29016186
  3.95117222  1.33967335 -2.29548465  2.57500543 -1.36950764  5.72489862
 -1.03632833 -6.20824572 -0.91071876  0.03387446  3.67233599  5.20841358
  0.17676307][-2.47399629  0.91806538  3.90593154  2.30683252 -0.13131447  2.02623466
  4.20581729 -5.95138985 -3.96829871  6.38397976  2.87686531 -2.24831775
  2.14481989 -0.73531035  4.515974    2.76336048  0.75209044 -0.02914504
 -1.20965796 -2.54336897 -3.06595669  1.01042825 -0.99275083 -0.04498273
  1.29877235  4.88658974 -2.29078707 -0.99010109  0.51835767 -0.11284734
 -0.72174003 -3.85766445  0.34031841  2.01711107 -1.06386537 -0.50740617
  1.69537994  2.53612096  2.1969153   0.34576102 -0.20875442 -2.23731609
  3.40960281 -0.06838736  3.65185748  1.43167236  1.042203    1.96083307
 -1.14303117  0.42583201 -1.31161801  1.97838969  1.5602649   8.22370773
  0.20952338][  2.88173756e-02   1.40025428e+00   2.08685499e+00   3.52705737e+00
   1.68196099e+00  -6.99847781e-01  -1.08038972e+00   1.97390664e+00
  -2.94633279e-01  -6.80111512e+00   2.53094552e+00   3.36065807e-01
   1.89402215e-01   1.01347706e+00  -8.05764129e+00   7.86173121e-01
  -3.53341684e+00   5.30919105e-01   1.37818078e+00  -1.72001954e+00
   1.32411874e+00   5.10278315e-01  -2.51127528e+00   2.23677517e+00
   1.88494800e-02  -2.57032291e+00  -3.12769127e+00  -2.03434126e+00
   6.39604111e+00   9.00686184e-01   8.06808317e-01   7.72665611e-01
  -2.60463971e+00   1.00551230e+00   2.08396713e+00   2.95040873e+00
  -2.60386385e+00  -3.84290688e-01  -7.74032686e-01  -5.30570674e-01
   9.35056459e-02  -2.01109625e+00  -1.19309566e+00   1.38780309e+00
   2.21699322e+00  -4.21823319e+00  -1.26956522e-01  -4.05053940e+00
  -1.89361260e+00   1.64463559e-01   2.24065892e+00   1.60580422e-01
   8.55917579e-01   1.00407451e+00  -4.45481535e-03]
 pesos capa salida
[-0.19334167 -0.20738679  3.7809008  -0.19413075 -0.68331926  0.51164644
  0.05925204 -2.239505   -0.41189929  0.22384784  1.4111014   2.48560449
  1.32028324 -0.19674817  1.35734979 -0.63579019 -1.05031809  2.03111392
  0.72313337]
 biasCapaoculta
1
 biasCapaoSalida
1
 mejor error
96.38884952370515
 Precision 
0.7741094700260643