
 fecha de inicio Sat, 13 Jan 2018 22:03:13 
 fecha de la generacion Sun, 14 Jan 2018 04:00:09 
 generacion: 5287
 pesos capa oculta 1
[-0.75318678  2.87863622  3.51098407  0.70455889  0.17466195  0.75787067
 -2.33603927  6.74687192  1.16603942 -6.61492932  8.75360831 -9.24325541
 -6.34053741  3.66860293  2.56428036 -2.65143424  0.18312119 -2.16842157
 -2.97930019 -1.86360666  2.91686815  1.75884622 -8.89881707  3.60356833
  6.00585364  7.95658581 -3.6006753  -1.30370494 -2.25382873 -0.39413813
 -5.90845348  0.87184683 -3.39481912 -0.62643749 -8.87635034 -2.65489076
  0.12997982  6.85018655 -1.62909903 -8.35531861 -6.35607744 -0.24237961
 -4.65815713 -0.1405629  -9.01934509  4.06898091 -4.43973105  2.49107407
 -3.75480314  0.09610784 -3.61192314 -0.3022339   3.30268441 -0.03260628
 -8.5885074 ][  4.79872698   7.62314854  -1.87620189  -3.03655313   5.34290752
  -2.91512623   2.14273609  -7.97295533   0.52129753   0.18885385
   0.07405062  -5.72081146   3.73993896  -2.48299581   0.38208904
  -3.53650851  -6.54216035  -5.16580882   2.89005704  -1.80152147
  -0.60494271  -0.46739628   1.07670463   4.57468177   1.93600102
  -8.88702379   3.41220954   0.72478926   0.78143261   2.09614934
   6.86474609  -1.75247535  -6.23823962   0.69663396  -3.33581223
  -8.42224763   9.10150141   1.30992456 -11.03333123  -5.68273657
  -9.52427665  -0.55958317   7.5119929   -4.23139679   0.83090637
   1.93117041   3.72824859   4.32898642  -2.1955388    3.27265529
   0.99075228  -1.74384869  11.63704325  -1.69224258   3.98719501][ -3.02091254   1.90811731 -12.79700585   3.13444659   3.07715016
   1.14898782  -1.08617986  -8.0171943    2.13025219   6.10470181
   5.64674015   0.32843952  -3.2343493    1.86111437  -3.41470901
   1.39466483  -5.51733761  -2.84349152   0.16005236   2.04800579
  -1.34379748   2.09972898   1.24798648  -0.83166875  -6.47608808
   4.57277935   2.3874931    6.7140788    0.62658155   5.77957773
  -0.37857181  -2.36036699   0.44901014  -0.68523409  -5.43801036
   1.02874805  -4.35462185  -6.75315727  10.25836325   1.29705825   4.81209
   7.06059819   7.54928201  -0.81824101  -3.24942309   3.85738047
   7.41330162   3.42694984   2.27492317   1.68702138   3.44369753
   2.86259089  -7.67111224 -10.07614069   5.90561841][-13.06735426  -4.05188814   2.99522899   7.15452012  -3.75426474
   4.12903233  -3.81517629  -6.2590475    6.67220858   3.51393656
  11.81377096   5.84039641  -5.3193406    2.39289035   2.98505953
   4.02174277  11.36421476 -14.5196053   -0.89555442  -2.38772557
 -13.86636688   0.39333624  -2.58073009  -0.78301905   1.20994326
   2.9267849    4.92339716  -4.3351109    9.54978497   3.597756
   0.69333197   2.8015317    2.71693184  -7.44477776  -3.95557755
  -4.37832515   0.53914764   1.34176736  -6.49848512  -2.89193985
   3.73275491   7.10169416   1.23468318   0.60604478  -1.99599414
   1.47262326  -0.6255616    4.50488547   0.57892717  -2.57776084
   8.34018636   0.69282546   0.54854316  -0.30232023   1.03468816][  1.403032     1.33198504   1.21099504  -4.77320315   4.23976672
   1.46308592  -3.63870245  -0.39532146   2.64200098   8.88851682
  -0.32844529   0.88819071  -0.75210487   2.67846441  -1.5885361
  -6.25849576   9.39773471   5.12840116  -2.94442795  -2.62566991
   3.86553808   8.90563467  -5.49055955   0.40082187   7.11695362
   1.19315736  -0.59829995  -3.62206951   2.39317723   4.24601978
  -2.32872713   4.93575992  -1.75412277   3.5278877    8.39188669
  -9.26055324   5.05306937   7.5694553   -5.8306602    3.13703862
   2.14296176  -4.00902611   3.52231854   1.5105966   -1.36130701
  -5.53334786   1.16146857  -0.48415598   7.30463837   7.06631315
  -1.68541667  11.359124     0.83735855   5.59326709   4.52715666][  4.83238782 -11.00486844   0.06379199  -5.80067132  -4.80214291
  12.88764382   1.98185717  -0.6889694   -0.86850308  -4.85564751
  -4.03897222   5.00945479  -8.46550475  -2.34289542  -5.76985068
  -3.15182885 -10.02517891   7.01804913  16.84133564  -3.2278067
   0.94597021   8.21392993   4.55683084  -5.53776517  -6.01603794
  -7.86185159  -5.04985697  -4.58779169   3.59288425  -2.53688477
 -10.12625647  -1.1755131   -2.26278537  -7.50130149   0.73094964
   3.41995618  -0.50564426  -1.26870445  -5.61640493  -5.74021758
   1.5516274   -6.26527271  -2.08552334  -4.25346912   5.05636557
  -3.49443105  -3.50804939  -3.60997328  -8.32160812  -5.36356433
   0.18166516  -0.32084621  -2.17987536   0.76980156  -6.91212619][  5.1571878   -7.38507905  -1.80943487  -2.52049883  -1.15918029
  -0.87643999 -10.12284084   5.4517997   -0.31965115   3.34478619
   5.88599934  -2.80765781   0.12455905  -5.31526676   3.37772503
  -5.02149421   6.16528916  -6.07669724  -0.04246555  -6.52745681
   5.85895068   8.29500628   4.69118505   3.55955538  -0.62793127
  -4.82830408  -6.98945063   0.92010397   5.40653347   3.57418293
   1.48326624  10.68912021  -3.31696311  -4.53372598   5.38088964
   4.17486281  -1.84203237   4.82324633  -0.06215194  -2.256519    10.1415909
  -0.58880749  -9.87826307  -3.47737453   1.04154565   8.61352249
   1.21776612  -3.01112205  -0.96105846 -14.08013029  -7.42144506
  -0.89444182  -2.48894319  -7.10561063   2.11572494][ -5.24599524  -2.23038762   4.0876958    2.86653687  -3.20529973
  -3.83246683   1.8161219   -5.6554452    2.97685904   1.69749313
   0.16340678   6.26026951   7.44863392   4.79561239  -5.93692696
  -4.58037194  -1.89225945  -1.06573461  -1.32495353  -5.40903583
  -7.69361602   3.47937258  -4.15101248   1.12529497  -1.93750135
 -11.32034142   0.71677845   2.86728871   2.20635898  -4.15181708
   2.67672381  -2.75479934   2.32339546  -1.85276285   5.24423345
   0.9901876   -0.34882611   9.16229358   9.43893094   3.62496439
   3.68356207  -0.02932946   0.44565051  -2.94018802   1.6511137
   0.02848428  -5.2768035    4.56761926  -4.04994457   4.62124657
   4.43854962   6.0542045    6.79821283  -0.91953987  -2.48117391][  3.97135346   4.32991331   3.61632111   4.60391117   2.97481848
   0.55153771  -4.24670552   6.16912908  -1.44386145   2.57266893
   0.84489182  -2.26244559  -5.44936069   2.34514378   5.75203823
  -1.1522976    1.71603236   7.30216323  -1.24764533   1.0610783
  -1.48574579   3.92253259  -4.52829858   4.79712042   4.99133013
   1.56637967   1.07258339   0.43927343   0.4779694   -1.32689203
   4.3860555   -0.50940813  -1.09360519   1.00691767   2.77805611
   4.90592521   4.58657792   2.79565931  -9.59074805  -1.21465082
   3.46198391   1.36050487   0.65279882   3.62573112  13.29309641
  -0.58497436 -12.32933886   9.32074102  -0.31087615 -14.45317003
   2.8486753   -1.65679476   6.02594339   7.618165    -3.51112408][ -7.39626544  -2.58917277  -0.91274206  -2.1017536    9.71176736
   3.29911255  -1.42192155   9.34197757   0.58982641  15.70448031
  13.58344005  -6.68250028  -4.06651431   0.1594924    6.87417907
   1.948209    -6.85409727   3.43366318  -6.16603338 -11.72314074
  -4.94316318   2.01727529   1.49392008  -2.10331542  -1.15595424
  -1.86590561  -0.34812911   1.59951252   1.1652985    1.66659834
  -3.79812514  -1.67024744  -1.46183671   2.77558721  -1.27723725
 -12.81217335  -1.72986684  -3.68430231  10.59111      4.05919834
  -2.21274329  -5.45639716   7.98054419  -6.73832054   1.32074699
  11.39873442  -1.40147726   4.98193451  -7.36752539   3.39311256
  -7.07854379   4.76950515   0.59081915   9.32586061  -0.56873651][-14.91397949   1.35316115   2.1452781   -1.65059432  15.8729027
  -5.2948384   -2.02452253   0.34740893   6.91186329  -1.85019761
  10.16207552  -1.11973071   4.85452099  -6.00619591   8.65803665
   2.44567328  11.86083157   3.86463706 -11.32810608   0.25264882
   3.12431548  -9.1053733   -0.09695715   8.09149673   1.05230574
   6.65511779   5.15180718   5.40466222   4.89771665   2.86190474
   0.47480315  -1.15537669  -1.10294757  -3.80363597  -4.82899648
  -1.78502335   5.12522329   3.16588536  -5.46302757  -3.02761978
  -1.7171618   -4.90364858   3.08268551   3.0413221    0.47101839
   5.83451557   7.2047355    3.26412352   6.99634962  -2.43546443
   8.29999255   3.44022747  -5.76369082  -5.6312581    5.93547698][  0.67637608  -0.33898492   5.71798729  -2.0354854    3.6371077
  -6.15533735   3.3170312    1.99672034  -4.30918926   2.94421527
  -5.30438946   1.26141531   5.87175953  -2.96370155   6.04552897
   4.30302272   2.7909485   -0.06936852   0.27170472  -2.85769494
  -3.39108299  -2.08017589  -0.27709169   1.07015709   3.05931524
   5.23688694   5.80534913   6.31116081   5.04330327   6.8251225
   4.98353483 -10.09140222   6.17480466  11.40682081  -2.9395606
  -3.25203105  -7.22032567  -2.48459301  -3.60316902   7.77502834
  -4.8251077  -10.20657469  -1.08967318   2.48069336  -3.72135     -2.37179609
   0.7616445   -0.50403643   3.60840884  -2.8807715    8.46179665
  -5.53452502   5.14042589  -5.51033555  -8.67562026][  4.93489812  -2.22821021  14.26653674   5.35836081   7.23164218
   7.52245344   3.38725115   2.00784329  -2.93137441   4.52093078
  -3.59979267   5.31129132   0.15158455   3.15665137  -6.28151373
   5.62836393   2.34708267   0.0798253   -0.45047969  -0.42439026
  -1.50380453   1.60626202  -3.67597303  -3.09200935   3.23088944
   6.13095496  -0.7436774    1.70213864  -5.52414875  -2.05118719
   4.95579083   0.9836024   -8.47036632  -2.79080463   3.19426246
  -3.51963454   4.51567541  12.31953502   7.52724632  -2.19205109
  -5.92012288  -1.3915897    5.46883293  -9.16100796   5.76668749
  -7.60661553  -9.24232619  -9.42513217   1.86380192   6.85241365
 -11.92372831   0.95122625  -7.53820233   6.20244083   0.91520995][  5.96253449  18.51405075 -12.2155167    1.13200716   3.35962511
   3.02991327  -9.01637175   6.6554549   -2.93763066   3.1863162
  -2.86348553  -3.44526432   1.79146495   6.36671076   1.8708978
   0.82267584  -0.13870333  -1.54088347  -2.36918168  -9.14096901
   2.3943707    3.66072577 -10.51118176  -0.01951574 -10.47795544
  -0.13719399  -3.31734433  -1.60849464  -1.2889071   -1.09790495
  -3.93745807  -1.63939658  -0.94165775  -2.16004889  -1.36162232
   1.46029266   9.27703325 -10.32039717   7.42622421  -3.33157756
  -5.18632082  -1.5575516   -4.26545871  -2.94935497  -4.43827197
   6.21782522   3.67950066   7.04999688  -4.89629229   0.95725627
  -7.07646537  12.44531017  -6.51010513   1.06588769  -4.00893047][ -4.06042481  -4.67775038   7.53278836   5.17230827  -8.86022515
   6.78321867   1.71030872   1.49526226   3.13151075  -0.95576837
   8.20762727  -5.1414948   -3.89530875  -1.67346534  -7.35836695
  -0.49795056   1.14244868  -0.2160731   -1.0721725   -1.89614292
  -2.73803853   1.98885383  -5.96006609  13.21277158  -6.94815333
   0.11483702  -1.03332795   4.18335417   2.11469195  -1.53545283
   7.04055135  -8.98739321   4.06235009  -1.60966163  -4.9914146
  -5.58365549   0.23481883  -6.15273704  -0.94007712   1.41329042
   2.86618245   4.65981253   2.28434522   0.60956029   0.33630764
  -5.41947556   3.09990948  -5.14039388   3.16063677   4.22098043
   7.11545083   1.00234425   8.69239715   8.37857528   0.86475602][  1.50195321  -3.47928088   0.25769746  -4.65844888  -2.02194703
   2.01668517  -9.66986066   2.05827866   1.00035722  -0.35749493
  -5.8994967   -3.76545677   1.06873494  -5.93849215  -3.87110113
 -11.03808299   5.88527537   1.60633093  -0.62462203  -1.90268184
  -2.82451626   4.84519601  -3.99817005   6.35654515   8.86482134
   4.24878784   6.85575946  -1.57986886   4.29926     -3.45863671
  10.00816173   0.07229237  -5.27166661  -8.28379388   6.10833997
  -0.16478765  -4.10481395   0.65901647  -5.45648802   0.15786712
   0.94362659   3.25531767   1.29833621   0.31836285  -2.11554653
  -3.14738063  -1.72905296   0.80831015  -1.30259688  -7.31245602
  -1.94853617   1.70941922  -3.23360194   2.81519484   7.92288503][  4.61671503   6.95948911   3.42369725  -1.63833787  -2.40642725
  -4.18445487  -3.44888817  -1.19463961   2.01977958  -6.80216507
  -9.67023045  -7.40610356  -2.56812791  -4.08880213  -2.02651638
  -0.81697983   4.78995935  -3.90051      3.52613179  -1.49968501
   4.59811628  -1.23646936  -2.51867799  -3.16430762  -3.36209254
  -5.95385146   4.31437984   6.38312289   6.73902901  -4.44108139
  -7.36845006  -2.87912771  -1.52705253  -1.51937577   2.67991725
  10.43300766  -0.38178182   4.10161414  -0.37072947   3.66309705
  13.10347079  -2.86693797   1.19065117  -1.146072    -3.27948195
  -3.20772703 -10.59693724  -2.52061451  -9.61474065   6.05855099
   6.04189628  -6.23101727   2.20844161   0.4036942   -4.15476471][ -3.01556042  -0.49675464   1.59742112   1.23104473  -0.60321172
  -2.53697555  -3.64039057 -11.82950708   5.21252036  -2.50256325
  -5.9918164    6.71580722   7.69592602  -8.60326579  -4.18101233
   5.04318078  -4.25082737   1.83669241   9.27630392  -0.73457782
  -8.24148607   4.88701732  -5.23431161  -4.12699499  -3.56200717
  -1.12813452  -6.90189556  -3.67937636  -3.64005027   5.35373228
  -3.84376332  -2.36082672   7.56490134   3.33782608   1.1009283
  -4.96853729  -0.43767234   2.05609204   5.35938298  -8.97967461
  -2.69171564  -5.15542576  -7.86104312  -5.10557734   1.34455988
   7.13629583   0.38256158  -6.30065621   4.77155297  -5.01463957
   1.74809123   5.44310023   2.58544556  -5.02267058  -0.0399877 ][  5.04706755   1.58106391   1.9030519    3.38486099   8.25635152
   3.96929279   7.7611137   -2.93925744  -4.35217735  -1.2929302
   1.87836338   3.78428588  -4.41912131   8.00446461  -4.09972657
  -4.44320161   8.88970116  -0.04510158  -1.44992126   1.20679096
 -12.46350317  -0.11803424  -0.94629074  12.83106764  -0.3519736  -12.241526
   3.96659373  -0.26226643   7.48256192  -3.86539041  -1.16475999
  -7.96357353   1.84479844  -4.5714868   -3.17746705   6.08155242
  -2.41835174  13.49243477  -9.61768743  -5.13393471   2.22099314
   3.67187865  -9.12168513  -2.93458315   2.08436907  11.23202897
  -4.18328848   1.31910433   3.12117825   2.11739725  12.91568653
  -0.23607356   3.06003366  -0.99637437   0.99709694]
 pesos capa salida
[ 0.00589995 -0.08958611 -0.37438903  1.92302966  1.27979318 -0.52050863
 -0.47588353  0.22717037  0.41381664 -0.56837333  1.10227539  0.41753522
  0.88917013 -1.22562256  2.24455807 -0.66327781  0.24354314  0.14675199
  0.49847857]
 biasCapaoculta
1
 biasCapaoSalida
1
 mejor error
113.33878303223044
 Precision 
0.6985230234578628