pesos capa oculta 1[ 0.25063191  0.97696138  0.10884781  0.13746792  0.9246027   0.57155251
 -0.07888026  0.80488841  1.02929844  0.01737324 -0.06065819  1.03171683
  0.24024846  0.27618794  0.77742666  1.23259887  0.1122017  -0.30348612
  0.83328604  0.69064555  1.06856491  1.3485982   0.969674    0.64343789
  0.05338946 -0.03863042  0.6604252   0.2911788   1.38173048  1.26902314
  0.82267546  0.37390424  0.00502818  1.58066947  0.89622622  0.28552178
  1.29651731  0.65283251  0.10607904  0.11581053  0.48343388  0.35689123
  1.44621894  1.23469487 -0.63833227  0.66726296  0.95350223  0.5603247
  0.39555945  0.07508112  0.62362971  0.1712161   0.34441344  0.09389606
  0.86150775][ 0.5427047   0.40739415  1.14723595  1.02080715  1.39568969  1.79837854
  1.27103546  0.1485995   0.4608542   0.43587185  0.51316747  0.25597899
  2.09748992  0.36877766  0.61981491  0.86736345  0.89045575  1.03940237
 -0.01360423  0.2735573   0.10362521 -0.03003217  0.69876082  0.29176675
  0.67035505  0.11920326 -0.37638858 -0.19714005  0.40888312  1.46224999
  1.18542984 -0.30158048  0.58808942  0.41160311  0.31569053 -0.0065503
 -0.74858567  0.16877468  0.78149319  0.75863188  0.48450279  0.74943963
  1.0990911   0.44218701 -0.08979511  0.05003476 -0.2442691  -0.37575541
 -0.31704997 -0.48335482  0.52124119  1.14776228  0.7723681   0.00973824
  1.17152234][ 1.13043963  0.09522587 -0.35730371  0.42978495  1.09138406  0.96640319
 -0.08215141  0.54310133  0.4304984   0.70456881  0.75113431  0.32271229
  0.4612898  -0.01037713  1.44523823  1.07987902  0.74539637  0.50242388
 -0.10864755  1.07624072  0.45169621  0.92207195  0.27788567  0.41800307
  0.64542192  0.21342002  0.6527921   0.95568788  0.70859462  1.08628085
  0.45496517  1.14434991  1.08563361  0.1376133   0.51171558  0.43954799
  0.63472586  0.6652788   0.73360384 -0.13324396  0.01285399 -0.36716663
  0.27366044  0.43277095  0.17686029  0.21574607  1.01142772  1.2133945
  0.46922456 -0.06048759  0.04332885  0.05086747  0.38771803  0.71573721
 -0.05085428][ 0.92766828  0.88575057  0.84505127  1.02845176  0.31650566  0.66074763
  0.72272774  0.85728038  0.54429905  0.6905408   1.03719076  0.69575455
  0.61824192  0.10123856  0.56396261  0.48248669  0.43636252  0.98611457
  0.60510782  0.29809423  0.90567546  0.65763251  0.83210951  0.38046017
  0.25508309  0.41863105  0.06697226  0.20481702  0.7344202   0.78345827
  0.90299981  0.49765268  0.23077251  0.86578051  0.02650945  0.7016736
  0.3878025   0.38551982  0.05078166  0.77981354  0.7351977   0.72638613
  0.3277186   0.88800389  0.18718618  0.56985307  0.43096206  0.81935468
  0.31645476  0.60952943  0.61368423 -0.0369465   0.87509716  0.5073503
  0.30761618][  4.05342912e-01   4.73066523e-01  -2.38883026e-01  -1.36065374e-01
   9.79087883e-01  -8.89737678e-02   4.86485681e-01  -4.92880954e-02
   2.41292409e-01  -1.37868444e-01   4.19215508e-01   3.28310181e-01
   8.51101349e-01   1.24746777e+00   1.14794865e+00   4.17487841e-01
  -1.22513009e-01   7.00173867e-01   8.85519218e-04   9.88982733e-02
   2.60804815e-01   7.08561403e-01   6.25729204e-01   1.15197037e-02
   9.49656001e-01  -2.16984213e-01   7.27652926e-01   1.18752847e+00
   1.72736244e+00   1.22807780e+00   3.11896314e-01   1.15262905e+00
   1.23550491e+00  -3.74055687e-01   4.03922086e-01   9.19073413e-01
   3.31216776e-01   9.52349186e-01   1.32011228e-01   6.56757262e-01
   7.62133375e-01   3.69835250e-01  -9.43196903e-01   1.10795368e+00
   1.01975134e-01   3.65021780e-01   5.66683791e-01   1.15725975e+00
   5.36637430e-01   4.50516368e-01   7.26096838e-01   1.23963219e+00
   9.65779079e-01   4.73583109e-01  -4.58077764e-01][ 0.05919971  0.71836887  1.23612803 -0.14742973  0.44228298  0.16555585
  0.78548599  0.62555056  0.45682897  1.21202857 -0.17585125  0.73226563
 -0.03898733  0.30548579  0.56016468  1.19857387  0.66693996 -0.11854536
  0.53161428  0.28834787  0.93652166  0.45938576  0.7785484   0.27020333
 -0.11022021  0.42602055  0.5715541   0.11645113  0.35939923  0.76383066
  0.25577168  0.6083799   1.2110889   0.2900412   0.15512821 -0.12318425
  0.46440002  0.87182113  0.12181358  0.64033543 -0.03305245  0.09156476
  0.96239617  1.3196623   0.62171177 -0.07480103  0.40615941  1.05280324
  0.75036351  0.19695986  1.16852814  1.10669271  0.46116356  0.46659985
  1.36140727][ 0.3454379   0.78524739  1.22692886  0.4513413  -0.08362008 -0.28892188
  0.56950547  0.02172144 -0.30262649  1.31835576  0.4334291  -0.23026608
  0.64865293 -0.46317907  0.72439549  0.21022004  0.87124314  0.9603277
  0.38942031  0.80233158  0.50364968  0.62730701 -0.30368163  0.40833158
  0.855366    0.31944681 -0.35775169  0.19755478  0.42620694  0.56284377
  1.06616522  0.56674895  0.33659728  0.68017309  0.37369435 -0.04226499
  1.22063033  0.10552062  1.73565697 -0.10393276 -0.0965823   0.68973824
  1.55134609  0.50964997 -0.10550775  0.15566641 -0.03166072  0.47717931
  1.0073886   0.0863216   0.78122159  1.59052837  0.59914516  0.18023174
  1.38827413][ 0.46086331  0.69755034  1.08956652  1.01022889  0.14819709  0.58503475
  0.85422425  0.91773065 -0.58493667  0.54019522  0.87405204  0.41374106
  0.86636509  0.86693223  0.77868714  1.1707771   1.25150489  0.61368297
 -0.36865236  0.61666888  0.07194627  0.61378714 -0.82076589  0.93685448
  0.07133052 -0.16891493  0.18880098  0.05834605  0.35781516  0.63722221
 -0.12610416  0.28985707  0.23546766  0.13043128  0.77422194  0.29336906
 -0.02862959 -0.03371528  0.0302405   0.07709385  1.79954456  1.68621377
  0.30100728  0.60580693 -0.25809213 -0.39260759  0.40370712  0.30836425
  0.24864156  0.07049066  0.44875748  0.54763707  0.18875542  0.29675872
 -0.24394662][  1.20181933e+00   2.24586231e+00  -3.73899515e-01  -9.40977694e-01
  -1.22752699e+00  -6.84846492e-01   6.63134930e-01  -1.96663954e-01
   1.26703059e+00  -2.85635208e-01   8.58450890e-03   3.53410919e-01
   2.88653012e-01  -1.05793496e+00   1.32005291e-01  -1.19745716e+00
  -6.38711362e-01   8.18244934e-01  -2.95336633e-01   4.10018389e-01
  -8.61302314e-02  -9.42708336e-01   8.92618335e-01   5.08248791e-01
   1.27465038e+00  -4.60046344e-01  -6.05583424e-01   4.28780044e-01
  -8.88174255e-01  -8.56503795e-01   1.39474125e-01   1.73335629e+00
  -2.47068274e-02   2.70354603e-02   1.41728938e-01   3.94794013e-01
  -2.05289984e-01  -1.60432204e-01   1.14716519e+00   8.71750034e-01
  -9.79584176e-01   3.97576663e-01   8.65553944e-01  -6.19069221e-01
   9.27204224e-01   1.09093479e+00   1.01184970e+00   1.15571132e+00
   2.54154326e-01  -8.44299548e-01   1.05806405e-01  -5.37645381e-02
   7.25320153e-01   7.20489784e-04   1.40112569e+00][ 0.8219414   0.58049202  0.4224117   0.71369058  0.39567408  0.43905536
  0.79776814  0.87017744  0.50696681  0.27755501  0.12542942  0.55964349
  0.16487472  0.22083615  0.69642222  0.82921901  0.99742138  0.96965456
  0.2016884   0.72313464  0.13783505 -0.00278791  0.31250982  0.42404371
  0.05621517  0.26996713  0.63303911  0.72953759  0.58008907  0.90548742
  0.6147011   0.96173797  0.60336158  0.65212761  0.62095311  0.83867082
  0.60451517  0.79198064  0.17036778  0.97537239  0.14882776  0.8941752
  0.33016527  0.42293011  0.049761    0.37049135  0.17075124  0.8989156
  0.13071633  0.3615239   0.30331349  0.29189698  0.84070113  0.53845529
  0.90889346][ 0.39977537 -0.09580952  0.92064688  0.79909751  1.20415667  0.35137279
  1.2009533   0.25151663  0.93785491  0.60361537 -0.00951667  1.56157693
  0.39156912  0.48517727  0.74486099  1.04108666  0.73259129  1.03253543
  1.25874055  0.24815191 -0.12382365  1.56572834  0.84792448 -0.02484323
  1.19360881  0.36374553  1.46501231  0.40912936  0.58685003  0.5263634
  0.61749824  0.06594379  0.77664803  0.50155557 -0.30530564  0.71351119
  0.63746649 -0.07846985  0.22183756  0.36815658  0.44177947 -0.34236646
  0.6607346   0.7299365   0.88306908  0.45310185  0.18554356  0.62581673
  0.17620291  0.84131612  0.05844071  0.27924165  0.92883385  0.43488125
  0.71167448][ 1.08378355  1.07357159  1.05374397  0.81189316  0.39965167  0.22220641
 -0.02134636  0.68329744  1.68199155  0.18343528  0.76815034 -0.09972387
  0.73379878  1.09296904  1.27455685 -0.38815968  0.0968279   0.1743398
  0.28393041  0.86444099  1.02720803  0.02868315  1.3260485  -0.08757723
 -0.34318294  0.54506488  0.34084301  1.03738128  1.59193331  0.31114814
 -0.21480294 -0.28158281 -0.78066833  0.86438979  1.48186492  0.6614486
  1.06221368 -0.38195554 -0.01337498  0.37585811  0.13452236  0.21341083
  0.03448125  0.84524055  1.12117516 -0.00377188  0.57680188  0.00174067
  1.23595706  1.4651858   1.06649532  0.71810438  0.450401    0.12573141
  0.75750872][ 0.60204167  0.01980555  0.61001456 -0.0094142   0.76737994  0.71339227
  1.15765704  0.55362747  0.93086297  0.78876449  0.39243716  0.15443761
  0.36644518  0.85604278  1.01729609  0.61267557  0.38677535  0.4289691
  0.18038865  0.16151879  1.08401476  0.76335921  0.15037004  1.02825058
  0.76006531  0.07713649  0.43912747  0.20045441 -0.59345272 -0.01681497
  1.01762772 -0.01276785  0.4512784   0.27426774  0.6080216  -0.20462887
  0.86901671  0.61438346  0.66358732  1.02359789  0.23853147  0.29687469
  0.60690642  0.87844274  0.39976638  0.41812051  0.85971836  0.7782858
  0.97901516  1.18588717 -0.04394754 -0.05353422  0.91496372  0.33176031
 -0.23797841][  7.12891642e-01   1.28515562e+00  -5.64988901e-02   2.84190848e-01
   3.97023291e-01   1.13878672e+00   7.35842918e-01  -1.59639523e-01
   3.25556931e-01  -9.42603953e-02   8.80733478e-01   1.38729035e+00
   1.47573403e+00   7.30270716e-01   1.22102266e+00   8.22405268e-01
   1.26469452e-01   1.54100266e-01   7.65651928e-01   5.96335149e-01
   5.81627056e-01   5.20460737e-01   1.37798627e+00   8.65683005e-01
   3.00657286e-01  -1.56950639e-03   9.31295037e-01   1.41920283e+00
   1.56097945e+00  -4.12301817e-01   4.69801800e-01   1.14230599e+00
   4.20779035e-01   1.58526103e+00   1.36334729e+00   8.33546618e-01
   4.35615484e-01   7.57654445e-01   1.23814048e+00   1.88193711e-01
   6.06465311e-01   9.16996140e-01   1.31954592e+00   1.35077561e+00
  -3.09632994e-01   1.34860040e+00   1.32290028e+00   1.20267966e+00
   3.45573160e-01   4.62626946e-01   4.79961939e-01   7.90715412e-01
   2.33689025e-01   4.37867299e-01   9.75906913e-01][ 0.07416322  0.01516945  0.36896574  0.20439086  0.87598707  1.13963733
  0.23620421  0.48972343  0.35014636  0.64674524  0.30949466  0.16667129
  0.41590197  0.62885244  0.37528288  0.84878611  0.80889521  0.40562912
  0.50329143  0.61200456  0.69441675  0.41406337  0.44858964  0.37502761
  0.49670642  0.94302319  0.69877378  0.76566146  0.05893507  0.06320257
  1.03257178  0.82372333  0.39361142  0.66111518  0.8657535   0.74346287
  0.86926301  0.89553903  0.4375628   0.8519278  -0.06605456  0.49277665
  0.90339503  1.02140318  0.21334466  0.15346691  0.14469305  0.89815089
  0.38666613  0.6180234   0.24466272  0.80278244  0.1963376   0.54953535
  0.57034416][-0.23221263  0.36187033  0.58705704  0.22269301  0.8648335   0.16758829
  0.55036549  0.46491262  0.7657744   0.44871308  0.16245073  0.86735494
  0.18350817  0.4789277   0.50192455  0.34584911  1.10260947  0.21442858
  0.35609658  0.20348748  0.61555551  0.42406335  1.0347135   0.5623067
  0.34975047  1.16471193  0.20724725  0.13819156  0.42795238  0.95060906
  1.23683154  0.38858981  0.36675199 -0.18164967 -0.05766097  0.89021614
  0.1750117   0.5348806   0.42046308  0.944178    0.73256356  0.53990968
  0.65626033 -0.20703893  0.77870048  0.2862586   0.6795432   0.93225247
  0.18343111  0.4008653   0.14402377  0.41097084  0.59059308  0.58695262
  0.96535724][ 0.62243616  1.13797038  1.28776646  0.76827815  1.65846218  0.8628748
  0.99483932  1.01593035  1.06482962  0.38358486  0.16816903  1.45985247
  0.39587393  0.43672192 -0.04082661  0.05827892  0.49361024  1.4410704
  0.02661284  0.28536821  0.68575249  0.21417479  1.52872782  0.12091227
  0.99785981  0.45223894  1.73973073  0.37069391  0.67536464 -0.18416976
  0.68168859 -0.03475157  0.63311224 -0.02911151  0.64438542  0.9673408
  0.73795273  0.39450528  1.07798674  0.60614479 -0.36944352  0.3087577
  1.06079885  1.17235342  1.48947905  0.34240177  0.13426822  0.28955616
  0.27202038  0.21644613  1.31075399  1.02968863  0.66270924  0.03024413
  0.92652629][ 0.17062936  0.304619    0.42432914  0.19129631  0.76170769  0.55298463
  0.51645314  0.91897207  0.19156615  0.42276501  0.8838577   1.31283853
  0.67587631  0.36230388  0.10540542  0.07153241  0.55924738  0.60731466
  0.73215534  0.14931404  0.66551824  0.26264209  0.92603486  0.57032142
  0.6055656   0.91070741  0.10440486  0.02883829  0.71740439  1.03574034
  0.90508201  0.437849    1.1937764   0.24617518  0.66609341 -0.07316397
  0.27119193  0.43328531  0.44419364  0.3111223   0.87429548  1.16622726
  0.39650701  0.67723269  0.39683921  0.95741259  0.59667913  0.06929783
  0.75750408  0.15595253  0.18619208  0.8673707   0.59364378  0.49629921
  0.22545711][ 0.31003896  0.17639735  1.01047602 -0.21458931  2.01122719  0.4141067
 -1.21858311 -0.19307212  0.21607239  0.78551595  0.28164094  0.71437786
  0.53620456  0.34292529  1.22886431  0.33337197  1.15198138  1.05703495
 -0.46941948  0.37394274  0.47786724 -0.30246233  0.91780647  0.26327195
  1.30226497 -0.03281241  0.46649294  0.71134882 -0.32663799 -0.34111558
  0.08999083  0.13530581  0.95980461  0.35245301 -0.48981646 -0.1202584
 -0.36766775  0.12463542  0.33993253 -0.14382094  0.24129344  1.45297461
  0.28139844  0.21385337 -0.02919015  0.1095093   0.20250283  0.90761762
  0.29448602  0.48366526  0.72280613  0.53739363  0.97276053  0.60998034
 -0.72419555][ 1.1954774   0.46249305  0.23169075  0.35118719  0.66952736  1.06841838
  0.37559876  0.62730673  0.20660182  0.48459119  0.78279215  0.31485694
  0.93647621  0.33528077  0.68304901  0.607886   -0.24431586  0.96736874
  0.21199607  0.67894142  0.72185041  0.7052766  -0.08231864  0.50500345
  0.2010912   0.03780145  0.21249173  0.86350667  0.83043556  0.83454535
  0.0611665   0.00274317  0.144664    0.07926208  0.48293289  0.91885891
  0.61490098  0.07673754  0.06042102  0.78806025  0.70870389  0.01607349
  0.27541038  0.63477099  1.24519201  0.5849995   0.1687411   0.19638654
  0.22318978  0.39670066  0.30958413  0.465968    0.01884147  0.9315348
  0.49307533]
 pesos capa salida[-1.92930596  2.07208053 -1.37105266  0.17153984 -2.07815316  1.06770529
  2.06280629  1.90675558 -2.99445096  0.12289917  1.49194082  2.62635345
 -1.65823565 -2.56943968 -0.54740684 -0.89903446  2.21519086 -0.9893472
  2.08804482  0.84229082]
 mejor error20.628464234477843
 precision con todos los datos:0.7758470894874022