pesos capa oculta 1[ 0.49494782  0.02595231 -1.05817294  0.88685783  0.08363545 -1.03853953
  0.56002467  0.24281981  0.90377537 -0.08727691  1.24048393 -0.14377922
  0.35638482 -0.12379947 -0.24951115 -0.05066417  0.20272217  0.24285966
 -0.73485872  1.05731589 -0.19162914  0.99072178  2.10448025  1.04147103
  0.48829978 -1.50627817 -0.5071092   0.61129483  0.33084823 -0.85321045
  0.04831097  1.64392514 -0.25170954  1.03533017  0.92914895  1.30993207
 -0.62200942 -0.11544865  0.92201008  0.45621744 -0.76811653 -0.98563356
  1.81386619  0.48535165  0.1530077   0.98846825  0.50744585  1.52655458
  0.75886753  0.07923948 -0.12353447 -0.17063535  0.7799122   0.24990971
  1.26036312][  5.92711431e-01   2.62417864e-01   2.27963206e-01  -2.27790928e-03
   4.86986181e-01   3.00870463e-01   1.34499248e+00   8.35877290e-01
   4.21128250e-01   9.55669903e-01  -2.72958321e-01   9.73235239e-04
  -5.88726695e-01   6.14591270e-01   4.01605894e-01  -1.62964985e-01
   7.18958049e-01  -1.36243533e-01   4.14339467e-01  -3.67321089e-01
   1.17254317e+00  -2.39551617e-02   1.90205299e-01   9.06531825e-01
   1.19740218e+00   1.10407205e+00   3.35405611e-01  -5.59074246e-02
   1.01515692e+00   8.55138242e-01   6.48488571e-01   1.43216362e-01
   1.01453900e+00  -3.47211211e-01   8.85319010e-01   1.08840257e+00
   1.54611280e+00   3.23053711e-01   1.38768728e+00   3.17917851e-01
   5.66006538e-01   3.31849624e-01  -6.03169101e-01   7.90640449e-02
  -1.93132527e-01   4.23967919e-01   4.46729109e-01   3.36461230e-01
   4.45981090e-01   8.72214182e-01   1.84001261e-01   6.01819995e-01
   2.59511263e-02   2.44209604e-01   3.57685679e-01][ 0.15569024  0.16263458  0.06583196  0.33901676  0.21049007 -0.37544915
  0.58201708  0.96898765  0.60790682  0.14414498  1.0809073   0.5183647
 -0.37878889  0.9692364   0.63802492  1.43557195  0.48077954  1.02092612
  0.37167025 -0.29210499  0.29491753  0.90088796  0.96340388  1.33985544
  0.66347154  0.79560758  0.42350547  0.57417858 -0.22049978  0.70400721
  1.56730797  0.04063336  1.09997759 -0.46105017  0.14066684  0.88408237
  0.29693247  0.60830959  0.76647467  1.30761772 -0.3774096  -0.01012875
  1.18458415  0.48652504  0.79439039  0.17751433  0.19612047  0.82259276
  0.75268904  0.60802232  0.49296266  0.92902338  0.87044043  0.14442831
  0.58429685][ -2.06916658e-01   5.51540807e-01   2.30091805e-01   4.43418029e-01
   1.76848464e+00   1.63561722e-01   8.34909802e-01   5.43131690e-02
   8.82578612e-02   5.44098644e-01   6.69261160e-01   7.55757178e-01
   5.96860105e-01  -5.01130057e-01  -1.08563257e-01   5.42193784e-01
   9.46581292e-01   6.01809447e-01   3.22524689e-01  -3.87964452e-01
  -2.54564388e-01   1.06101253e+00   9.44164248e-01   1.32257851e-01
   5.08588465e-01  -2.17162821e-01   8.42122686e-01   6.73546022e-01
  -8.69979929e-02  -1.66092770e-01   1.22855214e-01   7.47309279e-01
  -5.27625726e-02   1.02738948e+00   3.78305582e-01   8.57287543e-01
   1.22400424e+00   6.12325771e-01  -6.41554502e-02   1.19444460e+00
  -7.77308278e-01  -6.04841816e-02   1.18748720e+00   1.52844396e+00
  -3.53973323e-01   1.41608586e-03  -3.22953697e-01   4.69875122e-01
  -7.65881882e-01  -3.48392489e-01   8.37018399e-01   9.02741220e-01
   8.53592777e-01   2.62662501e-01   2.99068954e-01][ 0.9709497   1.31809563 -0.04396684  0.59902187  0.69359216  0.95616407
 -0.91362519  1.11533079  0.36293474  0.09042666  0.06363653  0.66243654
  0.57226528 -0.58374044  0.93994495 -0.40483706  0.49610192  0.27150371
  0.05454347  0.69468322 -0.5041158   1.42326022  0.477352    1.11233391
  0.16297436  1.20962074  0.88047711  0.24682559  0.9493026   1.19839516
  0.69078347  1.15288627  0.49915308  1.71775857  0.01954765 -0.97833077
  1.23822062  0.07206509  0.77904951  0.42768909  1.10212842  1.47767971
  0.29516848  0.16862204  0.17638812  0.94190408  0.37376616  0.73606106
  0.57659211  0.42555564  1.15650705  0.85908293  0.55238328  0.71724315
  1.03013289][-0.20392067  0.38645397  0.71477404  1.1010297   0.1876055   1.01853449
 -0.13775226  0.88203224  0.54309512  0.29353921  0.30022069  1.07556233
  1.26831598  1.45411197 -0.01782869  0.18997987  1.33333037  0.28478555
  0.29176023  0.02948542  0.28644645  0.00462442  0.40412795  0.36387947
  0.586081    0.66765615  0.74878479  0.75343466  1.03399648 -0.21269986
  0.51153544  0.01293553  0.79647892 -0.46671693  0.61085216  0.06671268
 -0.6587027   0.85363087  0.42414628  1.51892528  0.36598983  0.65563846
  1.0073817   0.18807484  0.81037257  0.01402552  0.39515318  0.36172992
  0.66254504  1.16009928  1.28849643  0.53205179  0.65781184  0.16135162
  0.28306219][ 0.69277736  0.99843203  1.22576947  0.98903851  0.51779318  0.05617894
  1.30698356  0.64169684  0.69206623  1.33968708  0.67459621  0.71487125
 -0.03719495  1.57467001  0.91400119 -0.23613468  0.89729157 -0.11644669
  0.25821503  0.79761042 -0.12257595  0.47313883  1.01175057  0.06199618
  0.13851762  0.37712892  0.05127045  1.14111282  0.20841545  1.14850861
  0.07609954 -0.13363431  0.5308302   1.47771608  0.04611308  1.6076348
  0.52088571 -0.46681893  0.50354991 -0.09883014  1.27392926  0.87250789
 -0.29512545  0.75443165  1.57015455 -0.26117654  0.38381689 -0.0217457
  0.68274415  0.862987   -0.00744479 -0.3118535   0.69678331  0.66379216
  1.05379359][ 0.07602411  0.1909128   0.64929905  0.52537476  0.00588658  0.34587721
 -0.11612193  0.45148821  0.74957346  0.5635486   0.20587184  0.28243746
  0.19000018  0.34825271  0.28312022  0.30587492  1.06670899  0.21551304
 -0.00543539  0.30831735  0.1589373  -0.18209851  0.84982658  0.86166344
  0.72362048  0.91384295  0.58550635  0.618045    0.75828799  0.12329733
  0.43621708  0.8449828   0.12058589  0.03906899 -0.02095817 -0.20567424
  0.73807815  1.18807767  0.91650285  0.83195477  0.40144344  0.35156073
  1.15038818  0.21240807  0.30458631  0.87393379  0.18725602  0.31467655
  0.63877259  0.98348866  0.64239092  0.4053085   0.92263139  0.46051006
  0.72993863][ 0.42980873  1.16678024  0.74490868  0.57250444  0.15323475  0.16028063
  0.48276832  1.00928746  0.317391    1.0224663   0.85889831  0.41455363
  0.80835194  0.72458357 -0.20358135 -0.27481516  0.92822971 -0.02044973
  0.26284313  0.17821624  0.66205826  0.5747383   0.90506577  1.16617884
  0.63471514  0.65963673  0.58565086  0.97563187 -0.10804149  0.65041421
  0.72682725  0.94104823  0.93473229 -0.01599936  0.93597108  0.22427893
 -0.15081953  0.2571507   0.28725822  0.63997576  0.68220821  0.5553108
 -0.28987166  0.85823471  0.91829749  0.4218321   0.52568407  0.66153061
  0.7560651   0.9011325   0.24584395  0.55011096  0.91269817  0.32045752
  0.85550788][ 0.85211583  0.29550745  1.29400644  0.02527882  0.62845801  0.28119839
  0.55290483  1.09041531 -0.4219371   1.31525188  0.30695787 -0.2281662
  1.02477726  0.43701341  0.21521754  0.89548073  1.04261988  0.61097837
  0.41916199  0.32901245  0.82431701  0.5090946   0.21997152  0.20672208
  0.97080083  0.50195503 -0.15992924  0.33068225  0.72504467  1.2319527
  0.60238397  0.29274991  0.66205072  1.04897749  0.5199111   0.26303602
  0.60849522  0.46888783  0.78083228  0.51012796 -0.09570951  0.91163816
  0.23325372  1.43819818  0.36734535  0.53767077  0.89966527  0.41617682
  0.64248512 -0.38126321  0.11727983  0.00732871  0.57958281  0.75480225
  1.00072143][ 0.09657429  1.2149454   1.03789677  0.9032994   0.67254012  1.3026099
  0.79369496  1.26013693 -0.07579226  0.36184755  0.91390448  0.44200761
  0.96433124  0.60728812  0.93078829  0.60383945  0.59173389  0.0293135
  0.92397098  0.50923101  0.01932079 -0.17225701  0.08370522 -0.18634355
  0.3069695   0.74385581  0.43069525  0.26961656  1.08033725  0.06286993
  0.59533489 -0.19220052  0.50595239  0.78430739 -0.2029955   1.0318467
  0.95851821  0.67470103  0.31207066  0.23755338  0.35680699 -0.47500921
  0.99097474  0.21616454  0.25544471  0.73817514  0.72506941  0.30808882
  0.65880116 -0.10117041  1.13069015  1.26623062  0.30853343  0.38776877
 -0.33249073][ 0.66403773 -0.06167447  0.89357577  0.60024521  0.76144012  0.25757825
  0.36090439  1.04555298  0.7671417   0.24253254  0.73384192  0.68069546
  0.56843452  0.80066497  0.4189546   1.49248333  1.11428824  0.51873701
  0.38215177  0.2435871   0.43129172  0.14819949  0.97359632  0.94933711
  0.40791813  0.29447593  0.580214    0.42307716  0.20408224 -0.31117086
  1.37576036  0.99796613  0.59822456  0.12566335 -0.03993465  0.05251796
 -0.71939733  0.53440248  0.82283452  0.72145776  0.2303169  -0.40058653
  0.35779814  0.49606259 -0.14729707  1.02946226  0.3824473   1.00821264
  0.21713214  0.74720155  0.52266138  0.27258558  0.20754481  0.61295962
  0.11547299][ 0.65967259  0.70691778  0.31538349  0.646096    0.5299133   0.29258639
  0.59670201  1.10784611  0.55377536  0.1863759   0.14461058  0.67095756
  0.24116642  0.66798546  0.12545587  0.60028129  0.83009905  0.34098965
  0.10641494  0.45036537  0.12379678  0.05153496  0.10216874  0.41262721
  0.87219908  0.41171037  1.26415724  0.07925916  0.86023762  0.9192745
  0.53352045  0.51455647  0.7856127   0.06699217  0.3766814   0.48283978
  0.36514071  0.47945712  0.73140282  0.08539481  0.66513499  0.22314463
  0.05790293  0.10625283  1.0189825   0.71501186  0.49809806  0.14836441
  0.88685706  0.19844849  0.48045058  0.97243675  0.87403775  0.80874154
  0.5104139 ][ 0.1713372   0.99920277 -0.09035288 -0.18349615 -0.03286555  1.00842224
  0.64871121  0.49448861  0.26286711 -0.13700402  0.12637445  1.03679626
  0.9600698   0.21549604  0.23579213  0.50877562  0.32238708  0.17447124
  0.8836541   0.23523925  0.86496887  0.15757679 -0.51566068  0.77288958
  0.47468139  0.60360003  0.44478371  0.93450969  0.15874875 -0.29126717
  0.50003066  1.00441899  0.8011185   0.92263945  0.45103095  0.47669341
  0.38038863  0.41104546  1.48223171  1.11566684  0.98944694  0.93457128
  0.59659277  0.30613265 -0.24066708  0.85224711  0.98587567  0.54726543
  1.44331647  0.52172528  0.44825187  0.26516412  0.55830393  0.8604317
  1.18255922][ 0.24204065 -0.22669608  1.38431818  0.52247669  1.33261946 -0.24937223
  0.14739713  1.21288799  0.79265813  1.08736157  0.52148114  1.37622779
  0.64279154  0.08826276  0.98264709  1.11335659  1.20582324  0.41687891
  0.33161096  0.95473695  0.95777046  0.00426998  0.64027437  1.25386899
 -0.21895084  0.22535783  1.1299235  -0.19198998 -0.01519534  0.20476156
  0.2210079   0.17315695  0.61852682  0.62155402  1.83400975 -0.36514014
  0.46746007  0.42800763  0.17242574  0.29132421  0.25173529  1.12610931
  0.84782337  0.54351495  0.29721403  0.62961102  0.1389476   0.88722984
  0.94291711  0.29281289  0.65870988  1.2285971   0.97365966  0.55164292
  1.2339558 ][ 0.76032992  1.91411392 -0.11037564 -0.83655417  0.26666008 -1.12157515
  0.73250769 -0.31973222  0.39354111 -0.3969328  -0.61727938  1.37384328
  0.14389434  0.30393189 -0.51539346 -1.58478093  0.44292192 -0.03652917
  0.25631952  0.40202791  0.758175   -0.4364549   1.86317098  0.06323619
  0.12265094 -0.22160855  0.72954427 -0.41878424 -0.33613616  0.64366992
  0.24511308  1.15507633  0.43144903 -0.32251277  0.61896158  1.19773526
 -0.05616944  0.45791335  0.40095042  0.59538559 -0.685928   -0.64807354
 -0.75170047  2.07735664  0.56486824  0.27953356  0.13722644  0.75931383
  0.04557824 -0.49173664 -0.03010485  0.07973562  0.66847009  0.17845601
  0.04394108][ 0.92089923  1.60311746  0.23739761  0.19829526  0.87640041  1.62536069
 -0.2586232   0.11260868 -0.39670479  0.63553843  0.5172074   1.26241505
  0.02857213  0.44551751  0.75194905  0.69847063  0.19388374  0.89460896
  0.71630117  1.46906701  1.39617     1.08490488 -0.05087881  0.98905336
  0.05906275  0.45518768  0.81756396  0.65868278  0.85189381 -0.13617695
  0.93176639  0.64608404  0.40532099  0.55523665  1.19069501  0.70224264
  0.5268923   0.74100078  0.79521598  0.7748299   1.66196194  1.02597781
  0.6242436   0.82120755 -0.31582904  0.54085221  0.79733837  0.46941934
  0.8586435   0.42011564  0.11707609  0.35348789  0.936925    0.37225804
  0.54286269][-0.11185328  1.23361783  1.9539288   0.51478788  0.19979579  0.71128891
  0.97519274 -0.24449843  0.36143245  0.93314614  0.66694773  0.40981554
  1.13712267 -0.08568133  0.67938117 -0.07717959  0.73204512  1.04848808
  0.41376207  0.32371498 -0.21496785  1.22304026 -0.52187881  0.53134388
  0.9922663   1.03953986  0.94440773  0.74919352  0.25729218  0.74488094
  0.93805954  0.9589739   0.27077509  1.00442268 -0.76613298  0.30410198
  1.88546959  0.78652184  0.85800041  0.05882343  0.22670551 -0.43373309
  0.97208679 -0.20249777  0.23139739 -0.20925969 -0.02913273  0.61595969
  0.39975406 -0.03443805  0.52404767  1.3387018   0.88346929  0.15742065
  1.92614687][ 0.07160031  0.30851739  0.00193636  0.58210437 -0.1058767   1.06200304
  0.47320335 -0.0033018   1.07166469  0.68179713  0.4376359   0.25184701
  0.99788695  0.32077721  1.08251971  0.63801364  0.24521894  0.12258019
  0.77433506  0.59476527  0.81073752  0.12455749  1.07685634  0.45653414
  0.47969885  0.19250383  1.64874533  0.16275937  0.29073571  1.00452754
  0.91316446  0.46582061  0.4181538   1.60550553  0.58076804  0.94854797
  0.37079462  1.01214901  1.12724847  1.11467316  1.0446204   0.75326993
  0.55192105  0.23205328 -0.02610059  0.8604646   0.72050396  0.65959712
  0.49943319  0.40665353  0.45391683 -0.03701258  0.14604736  0.90134557
  0.65817276][ 0.16010462 -0.22247126  0.1022755   0.60865846  0.55554599  1.39467457
  0.64279616  0.25342333  0.45139906  0.34323774  1.19591095  0.81889716
  0.44681786 -0.59626922  0.27098295 -0.0316907   0.08095682  1.01541382
  0.97412969  1.20960977  0.40698179  1.11203283  1.5962308   0.47184151
  0.12092104 -0.10301472  0.49622606  0.85693718  1.39952156  0.55199966
  0.59274798  0.6476101   0.92881294 -0.76785634  1.11806513  0.56114978
  0.06853449  0.4464979   0.02423417  0.73634972  0.14853461 -0.02835938
  0.68089838  0.43805705  0.91064569  0.76731006  0.41965885  0.03979596
  0.04663534  0.8734414   0.21987679  0.4646451   0.3123989   0.63868836
  0.36203188][ 0.13606339  1.17343159  1.41101832  0.71412794  1.70400515  0.17945737
 -0.64311868 -0.75670846  1.08335479  1.40325869  0.53898569  0.0648394
  0.50308324  0.13571026  0.60200631  0.71437537  0.94014275  0.37281201
 -1.0691408   0.2259999   0.52526256  0.91587037 -0.57528683  0.19054289
  0.60072956 -0.338357    1.53304338 -0.9706562  -0.47247098 -0.79343422
 -0.0589205   0.24328021  0.71586891 -0.4303453  -0.38885494 -0.76248548
  0.47946624  0.44649592  0.343893    1.0035809   1.12863989  1.66595597
 -0.01389742  0.93171832  1.14117414  0.01892712  0.43831951  0.77748955
  0.14607666  0.29025471  0.84621309  1.28678392  0.23032609  0.57626034
  0.02711804]
 pesos capa salida[-2.3631264  -2.03078608 -1.99102189  2.03509065 -2.66400135  1.8045115
  2.94774726  0.59527435  1.26932476  1.30994823  1.41494069 -1.59411224
  0.44039729 -1.89420721  2.28587231 -2.04524756 -2.33978197  2.66685877
 -1.97904251  1.8513702   3.09971032]
 mejor error19.232335706422337
 precision con todos los datos:0.7993049522154648