
 pesos capa oculta 1
[-0.39062382  4.90580795 -4.30199039 -0.89972607 -3.02029907 -0.49979761
 -2.73500762 -3.18588957  2.21039839 -2.67981341 -0.82605799 -2.91877665
  2.71160383 -0.56394814 -0.02674993  1.3500137  -0.59487534  0.81205858
  3.94033775  0.87363137 -1.9381627   0.58264729  1.40567325 -2.33967537
 -0.05193439 -0.77584707  0.60059882 -0.61215885  5.38482519  1.36232036
 -1.63585158  4.02932939 -6.20741114  0.67129226  2.7296099  -3.04591179
 -0.77402539  8.02821252  0.95959765  0.48816752 -0.58175058 -0.72166596
  1.55614636  3.35254678  0.7287316   0.04896788  3.29391125 -1.25236515
 -3.56121697  4.88006218  0.22743986 -4.41565306  3.67040067 -2.70579085
  2.55926189][-1.04253453 -4.45082098  0.869575   -1.16056922  2.60208477  1.8045349
  4.15030785 -0.34101887  2.50923969  5.22755561 -0.86038295 -2.06860191
 -0.36099964 -3.37806227  0.21685778  2.12419411  1.94104557  1.34301249
  3.49194951 -0.16198639  0.1094139   0.36472845  0.45534298 -0.94618603
  3.70706826  0.40496117  0.11915427  3.23150056  2.52893172  3.3257449
 -1.57255494 -3.49439292 -2.7201254   2.77647526 -0.92248752 -1.54250311
  1.46554644 -2.52001405  3.55491745  2.27140727  6.6833665   0.60541333
  4.29860959 -2.71392451 -0.81434931  0.86046743 -2.44557886  0.02779359
 -2.37515981  4.88052571 -2.34800293  6.10713459  0.52623793  4.67293947
 -4.1907906 ][ 1.45579042  6.18507322  6.09983038 -1.97417441 -3.55875767  0.58239996
  0.83647945  1.35077179 -2.16307965  3.59010651  3.48624552  2.9455216
 -0.91502076 -1.96148054 -5.72734364  1.70064674 -3.57384127  0.23554007
 -1.98360796 -0.26530956 -0.2111029  -0.84027478  2.3067796   4.09913536
  5.57596019  2.31962351 -2.65677898  0.70877692  0.1933134   0.28902334
 -4.78809894 -3.34329119 -3.67319355  2.19080547  2.85870873  0.12447182
  2.38623828  3.95513111  0.3367611   0.4426229  -1.00713409 -3.93079848
  1.99061574  1.77526474 -0.89316728  0.40781658 -0.43448429  0.09465588
  0.55179921  0.14535635  2.8311296   1.80236254  3.60037081  2.97511274
 -0.06905343][ 0.66946851 -0.03156347 -0.64319602  0.98293982 -3.89836181  5.63713594
 -0.78986146  2.28880174  5.11954282  1.67020077  3.14554959 -0.010537
  1.4039367  -5.86803582  2.11399865 -1.26844591 -2.48326222  2.07577577
  1.29684045  1.50861445  1.74000749  2.64721517  2.88060684  2.18776883
  0.62785836  3.18801586  1.75392461 -1.12373224 -3.86869317  2.38388771
  7.9410927  -6.32902511 -1.88610538  2.80764848  1.43756318  0.92637196
 -1.55731157  1.65086859  1.40239419 -0.02640907 -0.74954158  0.72441145
  3.99548645 -0.50934316  1.34787513  2.91918821  5.70794034  1.86456772
  2.59434229  0.1139261  -1.46627032  3.80594415  2.55922698 -4.08695076
 -1.39939372][-0.40648053 -0.79319856 -4.83588522  2.86790196 -2.43431005 -5.19327055
 -1.45726034 -0.3425545   0.50337743  3.16984533  4.13949038  0.84248694
 -2.71199269  0.01120244  2.25966374  0.17114742 -2.48030953  2.27500006
  2.04022976 -5.20140568  1.59781481  1.31670039  5.17850604  2.87826473
  2.78574959 -0.02135846  0.72165891  2.04581958 -2.48401424 -3.67894169
  2.82105318  5.1780197  -0.62997351  4.97619184  3.65543063  1.73407504
 -0.70781336  4.71832282  1.93689923  1.34302096  0.64403616  2.1118956
 -2.08148775 -2.93464323  0.65345918 -0.84655368  0.07964706  4.97492504
  1.04752445 -0.79214535  2.85971966  1.16420964 -0.12621473  3.12498449
 -1.11901221][-2.18927501 -3.72934951  2.85136587  1.9354872   0.61651643  0.78314683
 -1.09983312  0.34525161 -2.10911161  5.3638022  -3.48616333  3.3845835
  2.59653648 -0.4783106   1.14980754 -5.55668241 -0.23789138 -2.35374127
  0.90091574 -0.33460693  1.34674682 -1.26246122  3.38044313 -1.92571699
 -0.54769732  2.08659019  2.28339528  0.39682011  0.69832451  6.04975468
  0.80771621 -0.40211279  2.84207759 -2.03472204  1.34028319 -1.65143286
  5.67861622  1.72667201 -2.60110842  1.5274954   1.24832957  5.83536579
 -0.44579274  0.02129809  0.95085756  0.41559506 -1.70903266  5.74891554
  1.67391517  1.20897678  1.66199592  4.1435891  -1.92404154 -0.11803133
  2.31162257][ 1.57084433 -3.2112657   4.64264864  4.46684237 -1.54425435  2.33332711
 -1.13746107  2.33679419  5.13583209  2.97822966  1.50211471  2.39582312
 -4.64200261 -0.40236454 -1.41230418 -1.33549402 -0.56861033  0.37151261
 -3.81029537 -0.13348692  0.55308203 -0.65846978 -1.94990622 -2.90012044
 -0.28478832 -0.41915015  2.9915253   1.06582999  1.11770634 -3.10801541
 -1.44128536 -0.49186756  3.37234141  0.29763687  0.93939453 -1.88473322
  0.4889283   3.06599669 -1.14569035  0.07069461  0.84430417 -1.83328926
  2.44752315 -1.88167031  5.64843831 -1.89252483 -1.62818992  5.65556438
  5.63079597 -1.28606417  2.50967249  5.35812886  1.58653958  0.50128027
  0.927142  ][-0.112107   -0.03532987 -2.1768811   9.659096    4.56635661  4.01703344
  2.14706322  5.22771903  2.07079749 -0.47913574 -1.48385817  4.06162907
 -1.69284597  1.30331132  0.21930912  0.67538196  4.88049227 -2.68553054
 -2.52082829 -3.65152535 -1.43745599 -0.6161073   0.63156334 -2.17741483
  4.45595883 -0.29740105 -2.14316709  0.91043807  2.97268137 -0.91918776
 -0.86649505  1.27592452  5.03787079  5.45009469 -3.34900363  3.04975939
  2.27150408 -0.2650872  -1.05705554  1.88295153 -1.31790727 -6.99901353
  2.73581347 -2.75823897  1.18133146 -1.0300968   4.62640121 -1.7716467
  3.30451544  2.94001373  0.26931114  2.34683586 -0.05693865 -2.2947539
 -1.24693533][-3.13751212 -4.07635567  3.57160927 -1.84471135  4.78356878  1.59742114
 -0.83837587  1.07536277  0.86951742  1.53840291 -1.28160859 -0.59449316
 -0.75677842 -0.59842334  1.2677543  -3.2932582   1.63341057  1.04978155
 -2.36411717  1.15294967 -1.18385789 -2.8779915   4.75314039 -0.30938696
  0.71671875 -2.89950826  3.45376558 -1.15852144  0.36395078  0.03940959
  2.46130816  0.97874291 -1.11338128 -2.4862344  -0.29679725  2.50310709
 -0.31080289  2.01629302 -2.25992811  0.59327985  3.99267464  0.94226914
 -1.78081127  1.84640751 -0.84321914  8.57378389  5.01487533  2.40901502
 -0.06133408  0.46183694  3.48741375 -1.33389399 -4.63164277 -1.87891028
 -2.93373363][  5.17146959  -0.77099973   5.61897664   2.61959565   1.85209195
  -1.83179157  -2.98796998  -1.97608793  -1.41632938   4.87642439
   1.39048197   2.59511126  10.34782186   1.23578187  -0.90260983
   2.60861129  -0.52513522   0.124643    -1.53862377  -0.66950341
   0.83594525   2.88035078  -1.62426737   1.40529275   4.08290635
   0.89382707  -2.77442452  -1.7967867   -4.62969587   1.9759523
   2.46959934  -1.61772529  -1.58940065   3.37174775   4.13292348
   0.73762411  -0.38901347   1.73853262  -4.14686298   0.42005305
  -3.56584694   3.56378944  -1.06594748   0.66580538  -1.58169778
   1.7023586   -1.53641214  -0.38349659   3.80930193   5.1772607
   2.58763456   2.67522975   1.46669368   1.0419726   -1.67469439][-1.89958862  1.33228076  2.04367772 -0.07375711 -3.0039007   0.86069323
 -0.3336785  -0.88007313  1.41659063 -1.25546661  3.55975946 -7.39500631
  0.5368819  -0.08326783  0.14551897  5.56614724 -4.75897221  0.0901846
  0.18154805 -1.2212746  -0.38569053 -0.84435282  0.38861948 -3.26149108
  0.96463151 -1.34804026  1.20367106 -3.99574605  0.52831381 -0.77890922
  2.72901777 -2.44859044  3.47498802 -1.82473122 -2.27543254  4.51564359
  2.94538046  1.48531933  1.58823531  0.38286685  1.90069361 -1.87800829
  3.6173682  -2.52157418  0.11147047 -1.74454748 -3.70666817 -2.76835899
 -2.50543169  1.53581871  1.96290207  0.14490416 -1.76200056 -0.38220034
  5.62762279][-1.23731071 -3.33869206  2.07213314  1.31385358  0.38362428  1.84990145
  3.38053291 -0.85206644  2.36345953 -3.27215927  1.78519485  3.40261879
  8.02760523  2.04553964 -1.89984252 -1.58292433 -2.7793348  -2.50422998
  0.82575737  2.38047671 -2.58972799  9.51748443  6.64535182 -1.28922991
  0.9475055  -7.23300025 -4.07083008  2.73565438  0.96473607  1.44759094
 -0.78608157 -1.02986657 -0.90971575  0.24447195 -2.80520608 -1.10596765
 -0.55180754  1.80366466 -4.76946546 -0.09352393  1.0312587   2.74980742
 -4.29691744  5.42093495 -0.26921745  2.09259191  0.49300952  2.19626936
  4.25000464  3.03601334  2.9340317  -1.84081383  0.36450024 -4.1623086
 -0.93672578][-2.76991329 -2.76458182  3.82936557 -0.42805681  8.8188731  -1.18786936
  1.31011271 -3.47461739 -5.14313722  0.97281542 -1.86359003 -3.70759576
 -1.07188539  3.89883194  3.43449451  2.35201005  1.86801474  2.69830573
 -0.34925943  1.26811424 -3.86299853  1.04726553 -1.60257319 -2.34534937
  2.34445092 -1.20123695  0.96387713 -1.47219629  0.64575322 -0.94295965
 -2.51445487 -6.26208921 -1.76584443  0.82115508  0.83389438  1.08350698
  2.39087068 -4.24097296  1.75412388 -0.77683078 -0.26859737  2.32186614
 -0.33029108  1.24452981  4.32247625 -7.92168551  1.15682365  0.16858
  0.17683045  2.69645782  0.48521692 -0.34129454 -0.38626704  0.954315
 -0.90758079][ -2.41071109e+00   9.06725681e-01   1.87832361e+00  -1.25414204e+00
   3.03891369e-01  -6.31993284e+00   2.29620156e+00   1.71939330e+00
   1.37443902e+00  -2.02161270e+00  -2.57364433e+00  -2.72988631e-01
   7.26565542e-01  -2.48218367e+00  -2.43129518e+00   3.50583486e+00
   5.77326533e+00  -2.39450885e+00  -3.64940389e+00  -3.14306245e+00
   4.32532485e+00   2.16912319e-01  -1.97248960e+00  -1.97138516e+00
  -3.96775603e+00  -4.29935924e-01  -1.23086001e-03  -2.83811139e-01
  -1.82157109e+00  -8.36111360e-01   1.79582982e+00  -1.54089840e+00
   4.30453736e+00  -1.66376018e+00   2.39168511e+00  -1.27334624e+00
   1.09724510e+00  -1.47097663e-01   4.18454261e-01   1.37564776e+00
   4.84546761e-01  -5.55125618e-02   3.39970764e-01  -2.65386267e+00
   3.87761728e+00   2.88709306e-01   8.28889007e-02   4.37955211e+00
  -8.71765426e-01  -3.83361420e-01   2.07192321e+00   8.62566929e-01
   5.07506481e+00   6.32603732e-01   2.11045645e+00][-4.21370158  2.39962247  0.81058866  0.39713341 -1.35688867 -0.17719853
  0.27521465 -0.73689392 -0.99405916  3.63232397  2.28939142 -2.83961627
  2.63957134 -1.34159239  4.05303174 -1.23124229 -0.44871433  3.7254933
  1.03696534 -0.55470034 -6.73121403  1.20729795  4.36480699  0.12910982
  0.20797011 -2.65394246 -1.57676168  0.0724014  -5.03180234  0.5271773
  2.26456478 -4.9095694   8.74808801  1.90802824 -0.12256845 -0.8850561
 -0.11232714  4.7481786   0.08251885  2.92259772  1.4262109   4.81232706
 -0.85140652 -2.77501259  0.09877154 -0.43640454 -2.64406839  3.2059491
 -1.07575984  2.02928383  5.48889911 -2.05671951  3.79232898  3.45763403
 -1.45318076][ 0.16505742 -1.47518424  1.47535599  3.18784326  1.07826395  4.34559244
  1.95969472  1.50189715 -0.71236111  3.74320487 -0.57560779 -1.72105395
  1.66127507  0.64862019 -0.33881449 -1.75874605  5.41901205  1.22735441
  2.15786408 -0.32907313 -0.05697416  0.32595694  5.17853777  0.57661686
  0.19775293  2.21436985 -4.76274479  2.6154117  -1.56673497  3.16747577
 -0.4552514   1.79804118 -2.40627302  1.15426489  1.04472635 -2.30256819
 -0.73005996 -1.31256697  0.03096994  1.23665857 -0.88574913  5.13937169
  1.42864662  3.37256017 -1.3347975  -0.61637184  1.55676264 -0.78409715
  1.62299614 -2.98253271  1.87385788  2.30458258 -3.80233443  1.99485025
  5.77888168][-0.34245497  1.5375668   3.01564871 -1.51786023  1.09051109  3.01214897
  1.10957691 -4.34888811  2.08951679  3.92586152 -4.47366211  2.02766928
 -1.88780591 -2.32503453  6.20193557  0.96214362  1.72287846  2.83455284
  0.65735796  2.49714985 -3.28015008  0.18411623 -1.10816262  3.3484806
  1.10779936  2.74790401  0.39020648  4.02875169  0.45845915 -1.09252714
  2.20914824  0.76961483 -3.06816947  0.22464589  1.39578378  1.02014349
 -1.08458756  0.14135438 -4.06411688  1.89538592  0.62992713  1.88825111
  0.98775951 -3.07520578  4.49513235 -1.33242068 -2.91511326 -1.42111075
 -0.25958517 -1.72904566  2.05006427 -2.05531952 -0.32790815 -0.89658211
  2.08289725][ 3.06738782  2.8037702  -0.01445013 -3.58294002  0.32894956 -2.26260165
  3.99666431  1.30503557 -0.17600955  0.86816153 -2.52896064  5.26227203
  0.7540599  -1.78339128  2.60420442  2.66232304  1.96134854 -1.00352962
  4.37433485  1.99139237 -3.10371173 -0.77938491 -1.25932269  1.18205786
  3.22084232 -1.06450709  2.54117369 -1.93876639  4.11306938 -1.1314954
  4.68465998  1.46063579 -0.25222341  0.94325056 -2.80845147  0.31173589
  5.27914457 -0.19791712  2.84920217  2.86718704 -1.50059692  4.19201314
 -3.66549219 -0.86148475  1.92915216  1.7826458   1.90591481  1.11479292
  0.50159407 -0.90415145  1.48969978  0.35034212 -0.34907664 -3.2323996
 -2.56191156][ 2.11023677 -2.24742455  5.70669646  3.38955233 -3.39507377  1.03985242
  1.88469736  2.67688394  3.37096177 -0.29305772  0.21376225 -1.087251
 -1.50963562 -0.53471153 -0.37588853  1.86236893  2.1013387  -1.8171267
  0.60783472  1.33165825 -6.07530668 -1.45235209 -4.88813904 -2.44250481
 -3.45187084  5.35420176  0.4230576   3.97405423  2.16790777 -1.72863844
 -1.33518105 -1.85567269  5.3443677   1.42634105  3.5629637   0.41227949
 -0.655403   -1.30417816  2.00870307  0.85083863 -0.38123807 -0.48728362
  0.67764949  0.88170058  2.37973922 -4.87808129 -3.38291131  1.71373619
 -2.22679642 -3.2416049   2.18934265  1.93572833 -0.7689095  -0.95724235
  3.04395842]
 pesos capa salida
[-0.60334439 -0.12997001  0.05654345 -1.14556308 -1.25352354 -1.07917664
  3.19240085  0.0935967   0.95023442  1.85061134  0.08915708  0.0254647
  1.23700789 -0.46828946  0.34675868  2.73700055  0.28744479  0.43448446
  1.04413325]
 biasCapaoculta
-5.865583682
 biasCapaoSalida
-0.503420877603
 mejor error
84.80175329755751
 Precision 
0.790616854908775