
 pesos capa oculta 1
[-0.50043121  3.367617   -1.88114318 -3.23215477 -4.58506981 -3.31736435
 -2.70005088 -0.84906064 -0.39313933 -0.08313409 -0.64810419 -1.20713933
  0.19400631 -1.79666046 -3.44672522 -3.22704794 -2.52388963 -2.76585382
 -4.09655662  1.89823339 -0.40713317 -2.92170263 -1.98560651 -4.11498048
  0.82156934 -1.54431312 -0.60938742 -3.05885671  1.17670969 -3.41035233
  4.02712252  2.42905619 -0.27831411  1.04168774 -3.71123034  3.65472667
 -1.68011142 -0.55466681 -3.35158338  1.01997    -1.51318494 -1.50848051
  5.72256946 -0.28772255  9.12336397 -2.61027158 -0.96931908  5.6372853
 -1.76341886 -0.12982882  1.15262081 -6.40925432  2.02618328 -1.70390091
 -0.31683936][ 3.66309233 -1.48934432  7.64952328  1.5054425  -0.16290152 -0.89160166
 -4.58354163  1.34609086  2.09303395  4.33909912 -1.74590721  0.92533691
  2.86890886 -0.17451352  2.33137488 -1.20887297  3.25502641 -2.04811379
 -1.96751075  2.28165945  6.50881489 -2.06050148 -0.26325415  2.95392626
 -4.30647676  1.59351133 -2.749195   -2.79402954  1.89490651 -0.50314996
  3.11370075  3.71839497 -2.6547444  -4.39101481 -0.3577738  -0.74932769
 -0.95592999  3.30052589 -5.23548443 -2.60038171 -1.00478363 -1.16894933
  0.73017522 -1.17396149  1.52379418 -4.1575213  -2.00771826  2.30290675
  0.21458522  2.74438286 -0.51130996  0.63342948  1.25144511  0.58434495
 -2.10071309][-0.34394097 -1.46392157  1.90642783 -0.06728036  2.5464272   3.54279175
  2.85270953 -0.5699966  -2.01810102  0.77696534  0.80228451  1.32475962
  5.54208873 -2.42276373  1.54860385  3.80464675 -1.85475172 -6.36958512
 -1.03759094  1.49804481 -2.36032992 -2.36144212 -3.06834108 -3.74588249
 -1.57674733  5.9683195  -1.51415525  3.02533521  3.64682249  2.02733375
 -6.41562568 -3.92523223  4.68036369  2.51408951 -1.20412026 -1.05988738
  3.30919599  6.9445916  -5.80476998 -0.73156316 -1.39105395 -0.35009094
 -1.26328524  6.66292387  1.35087254 -2.41475368 -1.58966626 -6.04087363
  3.64345126 -3.74292153  1.32658155  1.8983724   2.69942086 -3.25449558
 -0.33697779][  3.23722      1.56748308   1.93502786   2.16983622   3.16932131
  -4.41445281   3.35052074   2.15298778  -1.92512359   1.13967162
   5.03023492  -3.45495345 -11.89629421  -1.04832036   1.94911675
  -2.64326973  -1.17077836  -0.81711139   4.86938811   4.73312512
   3.34843279  -1.416452    -1.97533308  -4.74385563   4.62130817
   3.77733728   2.11072516  -1.53591926  -0.58352096  -0.06159224
  -5.6701345    1.8593912   -7.61179669  -1.74714279   3.4087766
  -4.34379123  -4.85491272   1.62561822   6.5631338   -3.02793885
  -2.42252895   0.86101375  -3.36734314   4.56564805  -2.7652797
   1.61310617   2.56180846   0.8328834   -2.46662171   0.21577492
   0.23657836  -0.96056293   3.06796238   8.01920786   3.2086231 ][-2.63852901 -1.27779956  2.39193935  4.60125136  1.13185931 -2.133352
 -3.9683431  -1.88962409  0.21415692  4.55961427  3.23751152 -0.63710844
 -4.09609987 -0.13870916  0.75723416 -0.90983307  2.31165654  2.51412295
  2.92798288  2.54957113  2.69077247  0.65743775  1.65590211 -1.01462135
  1.09318957 -1.71540014  2.42535202  2.74223787 -1.39543138  2.6729714
  5.91945741 -1.82201561  5.13889777 -2.72951025  1.44039768 -2.93472635
 -1.45196822  1.88662889 -0.21918137  2.0793599  -1.90359328  3.19937278
  5.60451576  2.06248944 -4.64497952 -0.69064161 -0.93541632 -2.34815528
  0.17843592  1.74221938  1.38692465  0.08154558  0.72578138 -1.64672501
 -2.15371788][ 1.30658917 -1.36088054 -2.98866732 -1.95016695  3.77819135  0.22271956
 -5.56800392 -2.40716883  3.20758713 -0.36722739 -4.0428288   0.44347823
  1.85571791  6.31530146 -0.76821868  6.99123687  0.37604881  0.55773264
 -4.32831789 -4.03860075  2.3110118   4.78354222 -0.62805948 -5.88114336
 -4.37050199  5.85973734 -0.28037976  1.34249591 -1.74996654  1.73687469
  2.40358671  2.72708849 -1.03203992  4.12917024  2.99643914  1.43027938
  0.25960975  2.39205132  2.09900247 -5.88682841  1.74666941  3.96970046
  1.12736782  6.37838499  0.26343941 -2.66381073 -1.30457355 -2.33518978
 -0.34964159  1.47800158  2.52313584  8.09795944 -6.8617081  -4.54702866
 -3.84692011][ -5.38115735 -11.52837994   1.260237     2.34080482   8.61778412
  -0.20528473   1.50064939   5.23004334   3.91153791  -1.5287252
  -1.33821573   2.44194827  -0.28301848   1.48715996  -2.3768528
  -0.11720175  -0.43172521   1.5759765    0.11206351   1.04832539
  -2.04450331   2.44627905   0.01324509   3.79377434  -2.37065733
  -0.25533169  -1.83756465  -3.68559233  -1.34042226   3.93746797
   1.50618897   2.99804748  -2.79322941   7.83055445   2.75216568
   0.97898307   4.92712112  -1.68818918  -2.08128381  -1.03732447
  -0.72085966   0.3381764   -1.99768869   4.11134161   7.3116388
  -4.59314543   1.30415848   3.31984027  -2.50946357   3.78990571
   3.77476943  -6.46863745  -0.680303    -2.15310984  -0.02414309][ 1.42328861 -5.7500715   5.45855224  0.55460188 -2.21623544  9.64024421
  4.74826974  0.43196253 -6.32527024  4.04546766  9.16553258 -2.94331436
 -0.64905759 -2.13671234 -1.18745092  2.56300578 -1.03881786  2.85986762
 -0.84305636  1.23117786  2.50838102  0.3154249   1.50174289  4.09152357
  1.28125478  4.47554958 -4.27024485 -9.48710565  0.12005431 -2.44416643
  0.50866153  0.48079997 -1.15088112 -1.33826597 -3.83620976  5.59730681
  0.22186599 -3.86686211 -0.94406211 -2.51163986  0.19641936 -0.75180323
 -0.32248208  0.4453636   1.34538138 -0.70012933 -0.15316533 -2.90234906
 -1.33951144  4.56093917  0.19304975 -1.82956126  3.96919435  1.61477956
  2.43238446][-6.31907512 -1.32222918  0.97624064 -4.25214381 -5.85118774 -2.19641769
  1.48751071  2.34792394 -1.99302998  0.76775782  0.73113482 -1.68190692
 -1.33208492  0.89451706  0.63159373  3.01562646  1.03591507  0.70251135
 -3.15019595 -2.31279242  0.6113464   2.26074907  2.27802747  9.60497162
  3.21921048 -2.0089995   2.41145903 -2.55799198  2.86220474 -1.90202903
  1.868079    1.59871553  0.85626374 -2.81399991  1.43313118 -0.55862024
  2.56760922 -0.35991729  1.48690019 -0.39797766  2.53768873  3.59934839
 -3.62379648 -2.43576111  1.92437999 -1.74466383  2.99286672  3.29235216
 -0.43785512 -1.06605986 -1.38008792 -4.56448316 -0.09706581 -0.0705918
  5.78619947][ -1.74454507   0.03498262  -0.18604731  -1.03927727  -0.7248422
  -2.63743193  -1.02019062  -1.09463469   1.13238073  -0.46459625
   1.37769814   3.38897073   2.22728547   2.56884059  -0.95525092
   0.2404965   -0.20776034  -4.63651537   3.41339495   0.74835367
   3.98163008   2.28590228   0.79821369   3.19238781   2.61732485
   0.92001598  -0.92229687  -2.142933     8.11116197  -0.77301596
  -3.63840562   4.74452354   0.0322996   -3.11235357   1.13650888
   2.03569413   2.75869251  -0.16810536   1.04365432   1.43455707
  -4.69142665  -0.3116008   -3.90292844  -1.05378658 -11.87954865
   1.73783748  -0.77674002  -4.35825482   0.54250994   8.99737845
  -0.63432709  -3.11183335  -0.6101182   -0.33205115   2.35956033][-3.96438647 -2.35475136  6.37293373  5.22665901  0.0864404  -5.27535522
  0.34696929 -1.70888364  0.82703631 -1.28757109 -3.38059293  1.36576198
 -3.8640093   8.21410381 -0.15119511  2.21669554  2.35302195 -1.77627988
 -1.15863334  5.38224909 -0.10782005  1.3529187   1.29736275  1.31482748
 -2.87139243 -4.87662246  0.79471355 -6.91572624  2.09557961  0.30680139
 -4.36580072 -0.74850812  2.26767639 -4.54833814  2.09340478  2.75737186
 -1.98950074  4.27044241 -2.99365485  3.00101187 -1.72993844 -0.09088967
  2.58451522 -6.41494658  3.05639912  0.77303739 -4.24559299  3.2298421
 -2.27464116  3.3083396  -3.27247311  3.70936918  0.95892671 -6.11126725
 -0.32537351][ -2.42857683  -2.10365323 -10.08250527  -1.87359038  -0.03429529
   3.87178354  -5.17732049  -1.28487754  -3.94684628  -3.74679705
  -3.21040992   0.08776683  -4.4333538    5.0791933   -0.12948181
  -0.29113652  -5.98093147   5.65292783  -3.80280135   2.33803135
   5.05121434  -0.82633672   2.24031991   0.93829138  -3.95293441
   2.00819576  -0.47985755   2.42834589  -0.35249183   3.68715448
  -4.25902345   2.78391382  -2.8407364    0.7369095    2.26219515
   0.59164006  -6.41823666   3.63891431   1.26452225   1.37963219
   1.59642195   0.64962199   0.47216962   1.01270451  -2.11647926
   0.63004541  -0.22819789   2.17220695  -2.62972504   0.97211172
  -3.6555266   -3.17539381   2.89378316  -0.89262     -0.03904695][-11.34995989  -2.0281284   -2.45986454  -0.88609663  -0.31868438
   4.1592622   -5.48518855   2.91419508  -7.32593525  -1.95278361
  -0.46735427   5.14896469  -2.29380452   0.29974755   1.63268048
   0.41638568  -5.54097788   2.18542725   1.21934071  -2.97601678
  -4.19130228  -2.79851355   0.73197871  -1.54879903   2.25427554
  -2.46410377  -8.10424297  -2.09538224  -4.37778081  -6.37598815
  -0.58503928   2.85487389   4.49313176  -0.68895533   2.46098618
   2.5631092    1.41433018   2.47808058  -2.0301772    5.06853599
  -0.96310458   0.99672919  -2.17332886  -4.61357859  -1.36740635
  -2.37049459  -1.4899616   -4.33362791   2.12214597  -4.9544783
   1.08616309   1.92913521   1.80233758  -1.71147598  -3.7275798 ][  3.67524932e+00  -1.79015514e+00   1.33741211e+00   3.75440463e-01
   6.31450774e+00  -2.38788839e+00  -5.06253619e+00  -1.27033742e+00
  -7.56355308e-01   3.10677827e+00   6.16225716e-01   4.28411425e+00
  -2.85170279e-01   2.77835515e+00  -1.65092964e-01  -8.53420373e-01
  -2.43934029e+00   1.96529891e+00   3.27093924e+00  -5.11532025e+00
  -4.08772892e-03  -1.70590597e+00  -5.27787765e-01  -4.40193111e-01
  -3.92224543e+00  -3.35263406e-01   7.00831113e-01  -1.10018697e+00
  -8.54622893e-01  -6.61059890e-01  -1.24507326e-01  -4.35269474e+00
   2.04612204e+00  -1.21917931e+00  -2.61171232e+00   2.78728599e+00
   1.74849372e-01   5.05409528e-01  -3.30594713e+00   3.98758426e+00
   5.22920451e+00   9.07965406e+00  -1.35320192e+00  -8.42646975e-01
  -1.93943933e-01  -6.55360558e-01   1.41397286e-01  -4.97179764e+00
  -5.23882944e-01  -1.59457413e+00   4.01324591e+00   2.45871591e+00
  -6.22532682e+00   1.01581266e+00   2.24939663e+00][-3.24067559 -1.94870537  1.61278813  3.64839598  1.05771313  5.23949412
 -2.59973025  0.20089041 -1.47287485 -5.84726902 -3.54372816  4.02641731
 -0.39340903 -1.18654858 -0.65439458 -3.47577947  1.28549631  6.54031055
  5.76399531  0.34408253  1.09884566  2.72265154  2.51135732 -6.02428263
  1.03755447  0.54709263  1.10409916  3.17600403 -2.82627307  0.67343037
  0.30827769 -1.6663997   0.27929726  1.84566388 -1.1421712   5.12274057
  4.81200985  0.94464316  3.8368286   2.21898179 -0.60410515  3.03748624
 -1.34786714  1.12536322 -2.38593079  0.52170103 -1.56055314  3.5528487
  3.26536087 -5.43184532  0.75818575  2.30580517 -1.7897205   0.49202781
 -1.1712353 ][ 3.74317463  0.45277385 -3.60252277  1.37821687  3.29955714 -1.32997626
 -0.19066364  0.87326634  0.30908991 -2.57860076  0.65151031  2.76725972
  0.84618559 -0.84263442 -0.39862878 -3.34722908  3.02486113  3.33581147
  2.89213855 -3.25402787  5.94343935  4.54894429 -0.81535312 -6.6188618
 -3.10474944 -3.02438774  1.21254221 -0.49761601  0.65248371  0.4664595
  5.37781885  1.10341615  4.14013179  0.10609182  0.76160783 -3.12208817
  2.31570325  0.58322199  1.26878347  2.0032087   4.27033815  0.01238284
 -1.39053502  3.046813   -5.96399854  0.10601305 -5.73557777  3.33189865
 -1.12463696  1.31839895  0.37806717  4.34674706 -1.44717698 -2.84244798
  1.64002188][ 0.03065491 -4.16795754  1.19309169 -0.62403187  0.21483166 -2.80735423
 -0.99053644 -6.01416421 -0.62037444 -0.51842231  0.37090659 -1.84081548
 -1.85833188 -0.40388915 -2.22269781  0.35191429 -1.06126583 -4.24721787
  1.96755234  2.95789315 -3.22912804 -2.14872699  2.71305978  2.15512334
  1.89977826 -0.10151807  0.66938648 -5.20453232  4.74422908 -1.1761554
  3.54990162  3.23650892  2.50677418 -4.20420225  0.19452288  3.8824198
  0.95853239  1.00134696 -0.48523193  1.47548677 -0.97229729 -2.23590295
 -4.56408266  2.98814186 -3.080292   -1.51184449  2.7356431  -1.00433764
  1.44006235 -0.92810474 -3.55932372 -2.42074658  2.37496263 -3.68548211
 -3.77268069][-2.52340714 -4.08872951  2.13591827 -0.40965151 -1.62266597  3.6100807
 -0.44145924 -3.63021888 -2.68241624  1.13149322  4.04232034 -3.38056171
 -1.8136949   4.02361599  1.76635987  1.17097173 -2.59449498  3.44851493
 -2.44543632  2.24329685 -4.30451096  1.92012593 -2.39031965 -1.8269394
  2.18126564  0.97358064 -3.83857753 -0.43450819  0.05129489 -4.19881951
  0.81148791 -0.614221   -1.40268411 -4.82640871  1.92654154 -1.35729315
  8.30179343 -0.4085162   0.82068707  3.74853876  0.86164952  0.68130255
 -1.07461231 -1.57014775 -1.26313728 -3.80987333  2.86912805 -3.65163166
  2.66079783  3.18557703 -0.85500421 -0.98829319  1.33687871  0.88975035
 -3.97948531][ 3.95988     0.61436377  1.3347411   5.4121418  -5.0073822   3.29827894
  3.21527983 -3.25285948  2.05949611  2.00015907 -3.34746429 -3.17939435
  3.32890755  1.72856308  0.69837578  2.22451171  0.77715791  3.70185308
 -5.68961645  4.45879571 -1.66383372  2.5810821   5.54292176 -2.16068155
  2.00842766 -4.48328028  6.7376475   6.6814424   3.15273809  3.10948939
 -5.89759878 -4.09172282  1.39478491 -1.56525787  6.23538026 -3.97259635
 -6.35530924  2.42371706 -1.21824564 -1.1675065   2.65220849 -7.57346404
  3.42745515 -2.02775462 -3.45034367 -0.71618273  2.32201363 -0.20565887
  2.69918681 -3.61494311 -1.95182385  0.17147952  0.41663668 -3.4984996
 -5.1698732 ]
 pesos capa salida
[-1.40967466  1.30731623  1.41150664  0.75901383  1.20822515 -0.22199743
  0.82189717  1.02125244 -0.68428781 -0.38468699 -0.01089974 -3.23405408
 -0.30110482  1.49931871 -0.3048731  -0.96978451 -0.92554407  1.35726038
  0.73291572]
 biasCapaoculta
3.2799405262886623
 biasCapaoSalida
1.6357944489468863
 mejor error
90.59390779978303
 Precision 
0.7827975673327541