
 pesos capa oculta 1
[ -2.1905828    7.61866621   6.34824702  -7.13219355 -10.4454622
 -11.23358578  -4.30609627   3.38777455 -22.1282507  -14.8001446
  11.23973692   6.69421262  -1.97104589  -6.58982127 -12.06858584
  -6.29747488  14.57199128   8.16824633  -5.18457066  -1.63917083
   7.27995385   6.21284388 -22.35030894  11.10676074  11.91368651
  -9.71756738  -7.20679361 -27.15365066  20.65025438  -4.83247562
   9.9443962   -0.56907494  -1.4536085   23.92039931   6.47993774
   5.49183807   2.17500885  -8.31817873  34.64423145  -5.43357561
  -4.318741     4.20452813  14.53851287   2.48111203 -26.94373504
  -4.75243645   2.83827086   2.4168426   11.22615286  21.90230233
   5.12393242  -3.17793508   1.97602261  16.31727779   6.74131607][  6.86632383  -9.25945582  -1.74500057  14.7263697    3.90900363
  18.75221392  -7.56625376  -3.62909367 -11.77480671  -5.45726192
   0.4744171    6.52125977  17.41137211   1.81419571  28.73681106
  -1.09285213  19.97517207   0.10762367 -22.64697275 -11.76380574
 -10.62881234  -9.79439788   1.22739841  15.23085767  21.70383737
  -5.01317664  -9.13221325   9.6801199   -3.10790874  -7.03433508
  -8.39798604  15.80428296  -2.2835555  -37.7269451   16.96799525
 -14.06062979   8.18449404  11.38319107 -14.51709643  21.7075004
  10.35104272  23.08043681   3.8271627    9.46299209   8.03135104
  -9.54229831  -0.78268007  -3.78902998  12.49457525  -0.41047534
  -9.0156687   -4.80818768  14.37880302  15.31892376 -22.57235302][  0.09554344  -8.98784274 -13.52351055  -8.45738088  17.89327258
  11.88924773  -0.40808371  11.62545609  -6.4251733   16.82797526
   4.92326812  11.85160835   0.68775163  18.15051916   2.5189967
  18.17383187   9.24659248 -14.3215516   -5.49581014  24.43266135
 -11.60903716 -17.82617468  -9.56661692 -32.47442385 -25.68940134
  14.19204199  -0.45763045 -15.67181264   2.12687996 -12.69316049
 -29.1891365    0.59197076   2.01485724  23.70472553 -12.7990621
   1.23080409  -7.93598983   2.37129997  14.59607861  -0.67351985
   7.61924179   7.72775197  -2.06964288  25.87482013  18.72038118
   8.95666393  -7.20341131 -12.21205609 -33.59881252  24.17462114
   1.83706806  21.17910514  13.74465012 -26.48675441   3.71482465][ -5.92846957  12.95905348  15.85755257   4.125036   -27.5261188
   2.41473561  25.64015276   4.86911661   0.73347622  22.28905745
  12.39638846 -11.62261538   6.29884607 -14.97557722  -9.34538623
   1.72681192   8.7160447   -8.51861403  -0.18883597  -1.59882514
 -12.77420374   6.37538556 -15.95520712  -3.81278292  12.02559665
  42.79245658  -4.58064351   0.93199013  -1.95053227 -10.15028726
 -10.62054102 -10.28888209   2.5143208    2.97035994   6.28672509
  -6.33676771  -0.10452636  10.27897414  11.69778101   0.87816948
   6.05482551  -0.41867456  -3.86823945  -7.78884767  12.17585755
 -27.07912003   6.7393994    4.16871681  -0.39454434  16.95591757
  22.16561251  -7.07944983  10.62348636  -2.6177196   -1.69738471][ -6.8398315   -5.59931414   1.76444763 -22.34931552  -7.3159292
  18.38359372  -0.71669952   1.05173321  16.60635315 -15.65708434
   9.07507521   3.32342358 -13.1337757    0.4809851   -3.23496783
   2.2832624  -14.58548937  19.73049412  10.91399815   6.93806537
  -3.21421002  19.80683008  -7.8116202   19.94204887  13.482306
  -7.21060778  -0.58174812 -16.1451405  -17.57979519  -7.1808585
  -1.28247163  28.69546712   2.38755106  11.51654451  -4.20481477
  -5.92494411 -20.30589442  -2.61684128   5.24670655  -5.73152544
  -5.05176314   0.77266459  -1.42080108   5.78687425 -21.21894775
   9.00382732   6.03218899  -1.94225168 -36.4727187    5.51114623
  -1.29771889 -19.2407531   -5.51770711   1.7351465   -4.26331186][-15.38560207   0.03934829   5.58978761   8.28482367  31.41072564
 -19.19097164 -17.23186215  14.07562752  -2.0513031   -3.98176127
  -6.81056013   0.42814025  -9.2089444    5.90100751   2.91977951
  -8.24105882  11.77073698  12.70034297  -5.379631    17.6648696
   3.34019807  -8.91884545 -11.6228275   -3.68661673  -6.37993241
 -12.85388007  23.3851426   10.62671237  -5.69539536  -6.5985055
  15.52821514  -6.00747631 -23.98140642 -19.79290566 -17.97741479
   6.64752295  -2.37503836  12.95822263  -2.01906257  16.96566174
 -15.96889484 -11.50199752   3.23264782  -6.9011765   -0.50052556
  -2.88384826  13.12667203 -14.21229711  17.63099435   2.20187187
  31.3147393    3.52153397  -1.95442554   5.8353973    4.79506515][-23.37353268 -22.17497942  25.31764479   0.30888932   4.28638834
  -2.99180675  -8.47149761 -14.43227068 -12.12881684  19.642523
 -18.73128496  13.60986843   4.26646869  10.83759293  21.46048173
   5.98474824  -9.86514594   4.39601107   5.88730622 -13.95710745
  -0.5170554   -2.72833127   0.55328878   4.78615696  -7.77563366
  -7.07457233  -4.38070867 -14.42087063 -10.3944805   -0.5101794
   8.97694694  -7.850017   -10.49621227  19.0946913  -16.6794032
   9.88674071  -2.01453217   2.07455716  -9.89569643   3.85107428
 -14.38627064   7.05565009   4.01384998  -5.22949559  22.15844819
 -22.83967522   2.03581505 -34.94584524  -9.12951223  18.71748731
 -10.22159911   1.53358515   6.55885933   5.50265218 -13.94290437][ -6.17334411  -7.22861579 -18.27258704  -8.02943246   6.07479451
  -3.93954717  22.15470279 -16.41090707 -23.67457623  13.00264121
  -8.50544285 -28.4373028    4.15203858   1.22310128  -5.05993798
  -2.2911753  -13.80242404  -5.24498113   8.61692301 -18.77882216
  12.72256779 -33.28964346   2.0024911  -11.05696344  -1.06387851
  27.24034277   3.72303424   2.52836543  24.18874916   1.69211638
  -1.66444918   8.33343033   8.64039331 -15.62775603   6.02411602
  -7.82610847  -1.09519001  -6.15416834 -12.58782057   0.20782078
   8.11528346 -22.07686938  -5.72263023  -7.3852317  -21.23273366
 -23.16837908   8.02360541  -2.99272435  13.55464847   1.58200794
   1.95727251   0.50726125 -20.12806188 -12.82668704 -25.75930817][ 19.31977511  -2.29552859  -5.90303519  17.75170849  19.95185083
 -19.69138216  16.67968082   4.50014168  16.11828736  14.95211975
 -10.09866834  11.90163098 -11.04277714   5.51348659   1.40446324
 -15.80675004 -12.71460975  24.16259932   1.22246921   1.96637616
   7.64454021  21.88850382  -5.4154374   15.64039421 -21.6917721
  25.3135873   -6.09138308  -3.73048133 -10.397801    -2.41734588
 -10.92246767 -21.19249746  -1.52097374 -10.60106119  -2.12905046
  -9.19793663  -3.69384177  14.98569472 -12.08430832 -10.02030557
   1.10418333  -1.5302067  -13.49430135   4.60584328  -4.16072992
  -7.11153494  -6.11802745   5.40056679  10.29438992  16.46571818
  -9.69472639  18.58605932   2.51766316   0.61302684  -8.74184742][ -3.63928855  -5.2245513   -9.10727183  -6.73100396 -10.66316602
  -1.18475836 -17.56990909  16.72402999  15.83476049  20.80466912
  -3.17448171  12.38521128 -29.00486996  -6.03707113  -2.14591803
   3.08723431  -4.11566532 -14.96568566  -1.34814635   9.78357584
   6.88185879  -6.20071772   9.8312562    2.20862976 -22.307285
  -0.93024445  -3.10739664 -10.81462318   2.63890345  -6.80959165
  -1.59971273   9.92783371  21.8562852    5.36770575   8.46336276
 -10.98085885  -3.99612996 -24.44824678  -6.44791173   8.32913194
   4.85119589 -29.07708094  -9.11261081  -7.00621844  -0.24327582
  -5.87828869  -2.05004475  15.42903163  -9.77693293   6.25630563
  23.58195763   7.04697268  -6.15199578   0.66312685  13.13535867][ -7.63619486   6.85004637  27.66609999  -6.3368273   14.32897944
  10.87238717  26.16709005 -20.01497371  -0.41396618  15.93599849
  35.12550459   6.09142342  19.099885   -13.6644087   15.15243525
 -11.93537611  10.98860491  14.06753589 -16.26569406 -12.38350969
 -12.40281135  10.13964234  12.06624863   9.22499798 -15.4353142
  12.35524583  -0.1417254  -23.64648807  -6.318101    -7.92106868
   1.02603289  -3.05354244  -0.21169836  12.77194564  -3.91480535
  -5.52566503   9.60420658   4.26403793   1.02471951  -4.90469821
 -11.16039544  -9.99220902   5.60604762  -1.87973011  -4.3664783
  -0.77606037  12.36669523   9.7640296    8.87808274  -7.30767708
  -5.97947733 -11.63640531 -14.69872757  -1.43313141   9.93624987][  7.92016938  29.73815285 -32.24528689  11.66618909  -5.62197306
  -3.35113178  -1.89065853   6.26575481  23.70598074 -18.88432386
  -2.66210337  11.67917424  -9.11215462  -5.54260952 -22.87469398
   2.06440659  -9.67058674  -9.03308196  -1.43082317   5.82625795
   4.76448497   5.45756404  10.08429436 -16.15345145  -6.54955722
  -3.09808811 -19.90433185   5.6212027  -12.28774277 -14.22197684
 -10.89977926  -9.25622471   5.46262971   3.52271719  26.77286809
   1.70082731  -6.63611972  -1.62020935   7.28389797   5.02246466
   6.99054304   0.2757527  -15.47383696  -3.15385677   4.05800283
  10.79415812  -3.60481064  -5.83546193 -16.75321506  -8.47726845
   2.69636117  -2.95654201   8.92010706   0.17672043   2.05868691][ 13.41907557 -15.03782208  40.84719094  30.4729833    1.3818055
  26.54447512 -12.19613811  -9.87422966  -3.3172239   -3.76220129
   0.85742201  -2.75237513  -9.21137108  26.27362853  10.1551258
  29.1445408   13.49340886   4.84175277  -6.11454294  -6.58261165
 -25.52302863   1.91017476 -22.33424775  11.76919938   6.47004006
   4.88340832 -17.48047488   3.11751699  18.7837383   -9.5886863
  -1.73593553 -15.10055231  10.37293998  10.15702714  -1.76752715
   4.67190979   2.87017695 -16.92285515   6.9935382  -10.1546579
  -1.48807413  17.26064673  -2.56259793   9.46207132  -3.30795413
   8.10576521  -1.23389055   2.92469007   8.84023112 -21.11838571
  26.5478442    0.93978985   0.42083584   7.80585083  13.3195934 ][-24.78085844 -11.12177703  35.52947134  -0.87944958  12.12543725
  17.80170185  -8.79120157   2.66711417  -6.22933931  12.70278038
  -6.21710725  -3.12543517 -21.24106597  -2.16628784  18.79429361
  16.77868124  11.88887838  12.32325807  10.0560101   21.94351273
   5.78603009  -7.88218296  -4.22627254  -1.51264051 -31.26655329
  -4.59017683  -2.44828868 -11.31625397  -7.58857146  15.75810207
   2.45973815  -0.24557472   3.01087101  24.18201768 -12.92828226
  13.7679565    1.12570859  21.71733652  -3.04264996  14.47796066
  -6.54337336  -4.05939924  -3.76442392  -3.80692564 -12.96108934
   5.61489602  -3.29631437   3.60298433  -2.07631567   5.93511082
   3.37680614  -3.23346592  -6.35207734   7.43531117  -2.21580018][  3.52889986   1.39773667  30.74609682   8.7477904   24.26847101
  -4.77076859  -0.71682066   8.93243199   2.09360874  17.98834032
   8.34283353  -1.49888817 -16.73657002  10.37207233  17.82497057
  -0.78193728  25.41632632  -1.38209103  22.30155842  16.73256178
 -16.50508399  -7.94950744 -13.20348139  -4.45172239   5.46943922
 -16.53759661  -7.00030728   3.07726405   8.68815971  23.70913367
  -3.72053609  -8.51499898   3.12165349  -3.48122149   5.72582089
  -0.98669337 -17.98552901 -10.56880545 -13.23227038 -24.09907567
 -12.34549496   1.97589158 -16.22880036   2.52462409   4.29638333
  -5.3927661   10.30059936  -5.50443076   1.23819087  -4.24128771
  11.65649989 -13.12272357   3.23827897  29.38560006  10.51314215][ 18.97401638  11.25388302 -28.8569317    5.32449893  -2.27207081
   1.85759419   6.31315238 -12.20839017   9.22416047   5.8973789
  10.22827706   2.79231655  15.34250655   2.83527354  15.50625061
  -4.49173292 -18.09545966  16.76315791 -12.50992969 -13.95865927
 -14.15949605  -2.70986348  -1.0146118  -23.07054995   5.48081488
   0.65689401  22.35039994   0.68646982 -20.9208027    6.64920452
 -11.09343569   6.0053764  -17.9346467    5.59454587 -10.607554    -4.1795146
  23.87547052  -0.25550391   6.73785344   8.79861683   8.24650463
   1.14500479   1.1477789    8.65998992 -30.05162091   8.86198753
   9.58584416   5.42572691  -4.10736862   2.33348979   4.4669354
   0.61463946  19.98674928 -18.10770962  10.67840174][ -1.72962967e+00  -1.81198492e+01   1.12341384e+01  -4.03602288e+00
   2.19663086e+01   3.30848318e+00   1.43973477e+00   3.95019283e+00
  -1.15669789e+01  -6.53088433e+00  -4.81622980e+00  -1.07700392e+00
   1.61341739e+01  -7.19892341e+00  -2.18320160e+01   1.03599160e+00
   3.46867428e+00   1.44566300e+01  -2.26780430e+01  -7.78824507e-01
   4.56336857e+00   5.96145155e-01   2.15697939e+01   1.99081871e+01
   2.36176895e+01  -2.16330711e+01  -5.39460371e+00  -1.28592923e+01
   2.51041612e-02   1.57939799e+01   2.56693291e+01   1.36967277e+01
   2.16161276e+01   2.14553005e+01  -3.51139769e-01  -8.74513123e+00
  -1.21513777e+01  -1.85755718e+00  -5.58069749e-01   2.90299773e+01
  -2.86758158e+00   1.85354544e+01  -4.88485396e-01   8.34349258e+00
  -1.52783390e+01  -2.64380116e+00  -6.53308098e+00   5.31300298e+00
  -1.00393184e+01   4.04565861e+00   2.07891954e+01   6.89970686e+00
  -2.10375230e+01  -2.66788793e+01   2.71941462e+01][ 22.9797636  -13.97267937 -20.08876904 -24.86595535 -10.33767059
 -17.71274667 -19.821875     3.32477482  13.51574129  -7.87573981
 -31.36870244 -22.09373705 -18.05067961 -11.39421306  -7.28370517
   3.3634611   10.04259553  16.17487762   0.15402912   2.24185393
  -2.28437652  -4.28015248   1.57254428   6.92860889  21.77145439
  17.74420014  -5.61488159  -8.38078866  10.36846729  -7.08279399
  11.00533974  12.95056902   1.86048652   4.83688981  -1.26543113
  -9.3745712   -0.77989997   4.78244434   0.33841552  -8.24469526
  -5.85798815  12.14147652  16.79610191   4.94516085 -11.64420511
 -16.13372767   2.57479416   3.2504689    8.75082221 -13.15596386
 -11.48502594 -13.56147397  13.15823833 -16.39383858  16.93953048][-22.57485423  21.71579688   3.0457903    6.64199632   5.98748811
  -5.8566123   14.80731701   7.46565908 -32.68465299   9.51197261
  -1.35461484  -0.12270659 -19.17162496   3.43967003   1.5892417
  -4.09892423   2.26519163   4.78852163 -12.11896007 -16.47892008
   2.38826545   1.85631112  -0.55903826  14.93480901  11.88341698
   7.64524839   7.99399544  -1.59572875   7.28306284 -10.99118243
  13.18316496  30.27888691   5.48775921  -8.09053912 -34.88551199
   2.1523904  -33.80117497  -4.68212722  -5.3570077   -0.09791464
 -11.71932252 -12.69307159 -24.21235447 -10.38083269  -6.7654603
 -19.9291214    5.74016535  10.06402639   1.09808291  -0.86708282
  10.12079958 -12.05004578   8.04950584   1.10939511 -16.42330024]
 pesos capa salida
[ 0.10483118  0.4471708   0.24123918  1.91809624 -0.04022356  0.58663601
  1.16465482 -0.04500171  0.23226381  0.03136001  0.45776267 -1.56276577
  1.42923922 -1.82168018  0.36599156 -0.15419553  2.85384243 -0.52774222
 -1.02232222]
 biasCapaoculta
-16.609356830774857
 biasCapaoSalida
0.8903274090361554
 mejor error
92.82340433206065
 Precision 
0.7767158992180713