pesos capa oculta 1[ 1.09602529  1.69391677 -1.41100367  0.27533692  0.59907551 -2.05542233
  0.77275376 -1.3215706   1.63859346 -1.58509713  0.37839888  1.29692262
  0.35048602 -0.47459037  1.70362062 -2.22506648 -0.189693    0.42225192
  0.19454986  1.22172657 -1.41015292  0.17751866 -0.14607028  0.14636816
  0.85718479 -0.36406962  0.19169457  1.61262128  0.15125225 -0.28523979
 -0.05337433 -0.29120476 -0.07690877  1.1103695  -1.19793748 -0.3893454
  0.6558332   0.95964539  0.02253418 -0.95808728 -0.37762848  0.91080162
  0.96947225 -0.36249583  0.8647341   1.07768355  0.99675845  1.51037326
  0.72273813 -0.7299228   0.04644814  0.67537508  0.92311239  0.42141916
  1.14119399][ 0.25770533  1.55755262 -0.82570215 -0.05214583 -0.60520714  0.84813538
 -0.71900287 -0.50291005  0.79336639 -0.5926345   0.13788316  0.87421686
  1.55126416 -0.25516132  0.37709235  0.29598926  0.30630179  0.09129702
  1.4084096   0.61647169  1.08904606  1.3404487   1.03593111  0.56108532
  1.09228918  2.23205446  1.41365096  1.5555007   0.68020485 -0.39920568
  0.27515617  2.08266109  0.59584122  2.91269059  0.50532018 -0.02255311
  0.76839409 -0.09464619  3.57728487 -0.19597246 -0.134056    0.33172551
  1.75400636  0.16942126 -0.55925559  1.48241709  1.55069801  1.41178916
  0.70994219 -0.24398259 -0.19758096 -0.53469048  0.32073475  0.29721
  1.51256562][ 0.72604105 -0.01519624  0.95180463  0.83507182  0.28776457  0.22534899
  0.73482625  0.5866996  -0.24595028  0.28293351  0.9026285   0.76094501
 -0.28654572  0.62212497  1.71893077  0.64445718  0.37259775  0.88130599
  1.16645826  0.05652897 -0.23835273  0.31998335  0.34084539  0.43733693
  0.90373981  0.67767523  0.51580949  0.15322063 -0.24653639  1.34925449
  0.67414461  1.07778973  0.78356544 -0.10651753  0.77193018  0.50037846
  0.55978134  1.21618566  1.9349135   0.31789275  0.54606437 -0.19451854
  0.709937    0.18184665  0.95453688  0.84393347  0.41847883  0.40742347
  1.41211762  0.37688079  0.70307421  0.16835147  0.70876903  0.58798188
  0.62506412][ 0.9962472  -0.94955624  1.19760502  1.37206992  0.89724624  0.92718325
  2.18401738 -0.33273103 -0.30425181  0.74225665  1.44184023  0.06737386
  0.86613054 -0.98252072  1.05219663  0.70273871 -0.20948551  2.21741763
  0.33209595 -0.43603484 -0.24394395  0.62402157  1.59858884 -0.30819368
  0.06601494  1.31714503  1.76554334  0.62776948  0.29451712  0.66243474
  0.04145134  0.34674982  0.71956939  0.50589232  0.9191775  -0.22316477
 -0.78061147  0.44702039  0.9282781  -1.57950272 -1.4972031  -0.70018481
  0.4755961   1.01997977  2.16032721 -0.05386408 -0.26544824  0.1061076
  0.57955834  0.29272118 -0.37569701 -0.88025538  0.9600947   0.06502022
  1.43742818][ 0.34721776  0.25813619  1.55773992  0.7320789   1.24132009  1.49267024
  0.84336354 -1.49892024 -1.1885364   1.08438025  0.91615072 -0.58150133
 -0.0572833   0.79990455  1.86026359  0.71000437  2.11301463  1.16239215
 -0.71622168 -0.36252593  0.08098914  0.63372807 -0.10045594  0.98888526
  0.76639863  0.67692954  0.28230735  0.2566436  -0.03184455  1.06811072
  0.19116665  1.1214412   0.86464247  0.34189358  0.57040253 -0.35234268
  1.00311311  0.19577663  1.73104141  0.37555298  1.15760304  1.20512992
  1.95696115  1.85349949 -0.73237392 -0.54168511  0.56421063  0.60858733
 -0.45195064 -0.32033338  1.39443879  0.92845645  0.03222061  0.60260019
  1.64891675][ 0.33726978  0.70194655  0.76241774  1.70499889  0.6680037   1.27863964
  1.73875086  0.23838897 -0.15459644  0.87375985  1.18662851  0.01976453
  0.75768078 -0.9120613   0.50846889 -0.54829027  0.90216064  0.08818628
  1.82163521  1.86820209  0.7154012   1.32599446  2.30986065  0.82786502
  0.25875116  1.83991994  0.22186858 -0.31315904 -1.35159402 -1.40035798
  1.02997612 -0.35509936 -0.07458625 -0.08123509  0.86545934  1.30041185
 -0.06628398  0.71258721  0.47744144  0.32525764  0.96494966  1.04292458
  1.43555347  1.41079898  0.10867225  0.71571237  0.55117548  0.72876643
  1.5952973  -0.3121927   0.20370447  0.62523157  0.50725456  0.62624453
  0.59476233][ 0.04957243 -0.21549283 -0.9559186   0.85400435  0.53834629  1.14679594
  0.42848075 -0.71232529 -0.31450875  0.24774847  0.9765234   0.59005475
  1.56549504  0.82875627  0.82806609 -0.02479011 -0.11171808 -0.1882567
  0.7718504   0.79152311  0.82474556 -0.18307438  1.02915369  0.67920306
  0.4112913   1.33439071  0.3527515   0.5436329   0.67709674  0.38978736
  0.45476061  0.56426024  0.48538319  1.26858706  1.93043955 -0.09657492
  1.70179644  0.26066238  1.28387718  0.56739191  1.74390361  1.01024691
  0.61037693  1.06198797  0.55130154  0.68392117  1.33214211  0.75747905
  1.52875932  1.69916647  0.71337805  0.84153715  0.35047301  0.6928491
  0.85493421][ 0.4919305   0.72057531  0.68790295  0.05449258  0.91460398  1.15881022
  0.8948269   0.14216226 -0.15598688  0.34439396  0.2859863   0.56702722
  0.67751872  1.43086532  0.1993212   0.50408467  0.1237348   0.36086213
  0.74974999  1.21196142 -0.1376466   1.26838429 -0.06210974  0.41306861
  0.31967972  0.9783817  -0.59592943 -0.04873686 -0.13601469 -0.50342029
  0.10156182  0.44190744  0.15615463  1.92344498  1.27229737  0.24144841
  1.19531355  0.08062466  0.90059062 -0.94986521  1.46751701  1.13019552
 -0.33497988 -0.41057287  1.61579124  0.87117415  0.40781613 -0.10421211
  0.80659193  1.01311619  0.58429439  0.73758878  0.26610728  0.45495488
  0.23811308][ 0.65546952 -1.0459914   1.35418272  0.3544828   1.90416959  0.08786502
 -0.24632579  1.64640657  2.67392676  0.51320472  0.33513868 -0.66903827
  0.74707261  1.81948359  0.86661982 -1.07263859  0.17154479  0.93239689
  1.17390195  0.6678187   0.70467361 -1.21780269 -1.39991968 -0.18247523
 -0.04844157 -1.18590219 -0.17226626  2.33463169  0.47149191 -0.02942768
  0.12985591 -0.92797943 -0.57745557  0.65818026 -0.88901627  0.04137138
  1.42389837 -0.12770792  0.60303327  1.54821803 -0.2776918   0.13880039
  0.23174462  0.1802139   3.75811653  0.73912529  1.15825147 -1.57320257
 -0.73500631  1.098253    0.43096767  1.83896411  0.40379999  0.22174496
  0.40306906][ 0.80668948  0.1717739  -0.48220884 -0.46538296 -0.84454724  1.05140517
  3.1001252   0.75521955  0.87816343  0.29552233  0.3436572   0.18206144
 -0.28317734  1.20558253  0.79106631 -0.03216215  0.5392553  -0.18625299
  0.37504759  0.42209157  1.46034586  0.98996689  0.52432172  2.19808323
 -0.40398711 -0.6493305   0.74488294 -0.06903878 -0.39095875 -0.54763107
  1.62095727  1.0471534   0.71943606 -1.0316228   0.66455679  0.46582253
 -0.3504184   1.36978671  0.66505937  2.27770949  0.00588772 -0.23087886
  0.46025038  1.08113672 -0.40944795  1.60717856  1.14997406  2.35722842
 -0.96378215  0.20317657 -0.34719158 -0.3662316   0.17485782  0.79349532
 -0.26949896]
 pesos capa salida[-4.22133304 -6.47907651 -2.97158737  4.91165012  7.22042787  5.24698863
 -4.77853813  4.02030809  6.46894712 -5.7656043 ]
 mejor error83.34140023456169
 precision con todos los datos:0.8262380538662033