pesos capa oculta 1[ 1.0910891   1.03616694  0.36780829  0.08014182 -0.29274474 -0.15728723
 -0.35696982  0.62580888 -0.1341549   0.59139054  0.66167369  1.11444976
  0.23001002 -0.35641707  0.78268148 -0.88597003  0.12838807  1.30815967
  0.75467771 -0.11650225  0.52077435  1.02127417  0.31368161 -0.00702811
  1.38939544  0.13783575 -0.26947923  0.80324276  0.06938026  1.29909476
  0.50994343  1.04665968  0.35492359  0.08553458 -0.96227999  0.54738777
 -0.07397856 -0.2368932   0.88621501  1.21757397  1.01284719  0.42033318
 -0.56864525 -0.11157124  0.10518606  0.56455556  0.72196613  0.5910641
  0.91784984  0.03303409  0.75189689  0.68602546  0.82112052  0.24211071
  1.00632442][-0.33286639  0.59362027  1.0191616   0.10262909  0.74307597  0.00529622
  0.44867391  0.50571339  0.3172761   0.24767236  0.30012098  0.799713
  0.03822254  0.28611153 -0.04722754  0.22138832  0.63186099  0.42077645
  0.79168003  0.69139734  0.40729421  0.54791643  0.92196833  1.02983445
  0.90844052 -0.00794533  0.9193806   0.80200113 -0.38091078  0.93777671
  0.17645148  0.37686327 -0.02191747  0.76974432  0.63831032  0.82713525
  0.34314783  0.88247339  0.70654689  1.10973629  0.69597636  0.10091846
 -0.11655544  0.52351364  0.92228343  0.58257215  0.94544788  0.37193604
  1.04493336  0.64140999  0.05346312  0.56803862  0.22142978  0.10866457
  0.57066156][ 1.08408856  0.20491273 -1.2482391   1.52405495  0.36889109  1.24890836
  0.16284654  0.32627326  1.09092644  0.21339282  1.07659835  0.11315471
  1.10590034  0.86841629  0.35570405  0.51806208 -0.20851819  0.9940888
  0.17760503  1.12998882 -0.11313257  1.61105801  1.00084108  0.2079414
  1.33462339 -0.01404227  0.49961892  0.57960668  0.70064479 -0.00493888
  0.32841356  1.23199008  0.16446757  1.28439638  0.73356516  0.34154059
  0.97588098  0.62196435  1.19406759  0.59210648  0.58544627  1.21245476
  0.98670998  1.01996951 -0.38414006  0.8612646   1.06350176  1.83091636
  1.12469261  0.4897442   0.49902926  0.24579023  0.08211217  0.96028053
  1.92085985][ 0.29522653 -0.52130849  0.73691426  1.26436581  0.33981727 -0.05922905
  0.60778523  0.54921645 -0.12463718  1.1301798   1.36267204  1.55212567
  0.49536554 -0.00864985  0.32470359  1.36628701  0.86560331 -0.00639237
  0.09601898  0.56127336  0.84119332  1.12312511  0.66753267 -0.180753
  0.92582463  1.34870256  0.87985554  1.04505914  2.07050816  0.12808747
 -0.040025    1.02028821  0.45739382 -0.12689697  0.84620489 -0.77339926
 -0.45048714  0.0903145   0.24097575 -0.06044386  0.53957976  1.01861382
  0.86320067  0.07580342 -0.1011116   0.00933472 -0.17275812  0.47607915
  0.62687314  0.58929783  0.94038751  0.71653636  0.02264522  0.7447821
 -0.12794273][ 0.54034238 -0.42342462  0.36360886  1.15298187  1.16118014  0.79001408
  0.41911559  1.70906609  1.1162821   0.3444827   0.88969409  0.84605513
 -0.16071814  0.92785405  0.47819672  1.08823105 -0.27900996  1.02223819
  0.4088429  -0.37688878  0.96401448 -0.35470329 -0.22616316 -0.05049821
  0.16134227  0.67942794  0.70618683  0.76718807  1.09872664  0.10367484
 -0.4447723  -0.2883413   1.02469705  0.8734628   0.16561117  0.30601226
  0.54168836 -0.14525811  1.01097094 -0.49792087  0.69325941  0.55774709
  1.23647122  0.19215765  1.02868882  0.3994427   0.27161055  0.96078628
  0.68365047  0.78699181  0.47698393  0.65996689  0.83069335  0.80499769
  1.46302345][ 1.03464363  1.17031946 -1.03981437  1.20039579 -1.13904102 -0.77063422
  0.69782103  0.40711666  0.30472812 -0.96715097  0.98880507 -0.09809374
 -0.73643365 -2.9970907  -0.34687824 -0.17352984 -0.31924611 -0.5121926
 -0.66254815  1.21721963  0.75171824 -1.47611805  2.15100701  0.54899774
 -1.08439238 -0.66376092  1.88857756  0.48505759 -0.66342042  1.03359077
 -0.55837108  0.33211188  1.96548705  0.12027756  0.32033913 -1.56774759
 -0.87416362  0.08543954  0.38428016  0.86106203  1.96875508  0.24798711
  0.91484936  2.20841502  1.99761395  1.50734672  0.25946473  0.25695143
 -1.12557927 -1.62985354  0.7390659   2.02831389  0.51282728  0.14316532
  0.73991118][ 0.0412095   1.52893299  0.65633666 -0.68642757 -0.01691921  1.10016697
  1.44703394  1.31584958  0.340671    1.18694755 -0.13225083  1.3571084
 -0.23864585  1.08740785 -0.04237495  1.44026822  0.53685938  0.61758883
  0.68717041  0.60484985  1.96089002  0.12849523  0.20405887  0.88751656
  1.29337475  1.38098986  0.95798656  0.82308289 -0.07010691  0.07143277
  0.76403135  0.76799833  0.88115064  1.63471703  0.29930916  0.69327917
 -0.2335362   0.87114161  1.99864981  0.19337178  0.07866685 -0.24072231
  1.12590762 -0.155719    0.74646624  1.10655706  1.24929993  0.41922767
  1.2880697   1.04300568  0.00240303 -0.35025502  0.288485    0.68336092
  0.70379369][ 0.74453706  0.62513808  0.45622442  0.53156392  0.04434961 -0.19650988
  0.36301858  0.90045178  0.03479632 -0.29339346  1.17977906  0.96459182
  0.30029474  0.75300053 -0.65703177  0.21392201  0.07719587  0.89668284
  0.43082997  1.58918398  0.23862469  1.58987889  0.72353108  0.50951891
  0.74614363  0.8519882   0.5293362   1.26040919  0.70432669  1.89523186
  1.1322548   1.07893963  0.70840077  1.05159051  0.17964279  0.21171507
  1.11837081  0.36092258  1.81458313  0.56269756 -0.08336759  0.97920979
  1.26002754  0.64330816  0.68500755  0.87521399  0.79328224  1.28466618
  1.42967847  1.41063753 -0.01193985  0.88110782  0.9888894   0.70350642
  0.20001348][ 0.87225865  0.73040486 -0.17544271  0.27017665  0.53939972 -0.46119007
  0.8644386  -0.58373509  0.46771966  0.06050797 -0.69054416 -0.03141053
  1.00794615  1.4144813   0.75073948  1.26474012 -0.10279555  0.26917384
  0.93932017  1.06746454  0.18587988  0.41630226  1.08205988  0.56259229
  0.83498027  0.66058008 -0.35537965  1.52470734  2.14836291 -0.08812261
  0.62894146  1.52669671  0.57235837  0.54192206  1.77663929  1.07518287
  1.10251029  0.60876524  1.88358285  1.21880701  0.84164508  0.11689259
 -0.25071708  1.3183701  -0.42176328  0.88838048  1.04679498  0.23506815
 -0.22731702  1.43302728  1.1539275   0.69303353  0.22009598  0.51985478
  0.7343014 ][ 1.606291    0.38315944  1.8932206   2.12693375  1.49851138  0.25679995
  1.20508555 -0.19404421 -0.63590629  0.6939317   2.0947148   1.02054691
  0.24491515 -0.78737898  1.67916385  0.12394034 -0.34267451  1.15949643
  0.3511252   2.21627825  0.02073333 -0.18354174  1.58945754 -0.21502986
  0.15459644  1.20634135  1.71922056  0.06972909  0.81031474 -0.81114525
  0.37591693  0.31996992  1.52137075  1.83305494 -1.12381212  0.45636184
  0.10093622  0.09721244 -0.4777458   0.27162305  0.08051265  0.41767917
  0.30434177  1.53370314  2.06079722  0.58757963  0.84358358 -0.48485488
  0.54068945  1.499377    1.26798912  0.79202393  0.62574891  0.07331929
 -1.1150586 ][ 0.61853097 -0.12034742  0.88991671 -0.08515299  1.26057088  0.5610424
  0.31838778  0.74121075  0.2734293   0.68067375  0.32579723  1.37286245
 -0.03861949  0.16367112  0.60146411  1.02634266  0.657486    0.21053266
  0.86880604 -0.24775532  0.46911795 -0.46820934  0.11681878  0.26655014
  0.990898   -0.18674265  0.88358999  1.09760574  0.59045532  0.85776875
  0.4142435  -0.0921879   0.21189807  0.49612849  1.21415136  0.37261824
  0.36371055  0.44844098 -0.21670509  0.97782516  1.50511376  1.33194357
  0.40374055  1.31804492  0.76872441  0.43846354  0.69827205  0.6413772
  0.34937997  0.3585776   0.59515055  0.87161991  0.24669731  0.8984616
  0.68595711][  5.50802534e-01   1.64384626e-01   9.59309503e-01   6.36379835e-01
   4.22157029e-01   1.38996701e+00   9.54598500e-01  -3.57535236e-02
   1.03113636e-01   9.61493244e-01   6.16188384e-01  -7.19983426e-01
   1.73789651e+00  -2.24258710e-01  -1.27612921e-02  -9.41308432e-02
   3.65177293e-01   1.39242060e+00  -5.08134189e-01   5.42326040e-01
   1.11406517e+00   7.63647259e-04   2.99937301e-01  -2.10679650e-01
   7.90685422e-01  -1.96080149e-01  -1.10707745e+00   4.27511846e-02
   1.79691657e+00  -1.99683922e-01   8.37978985e-01   6.57374060e-01
  -1.70645532e-01   5.81761894e-01   4.27428497e-01   1.44041960e-01
   1.47698777e-01   7.36577944e-01   3.23777619e-01   9.71267276e-01
   1.68805741e-01   3.21287018e-01   1.95386647e+00   1.31779845e+00
   1.00858841e+00  -3.78500949e-01  -1.75852031e-01   7.22248416e-02
   2.95680405e-01  -8.35589452e-01   5.77375512e-02  -2.95493761e-01
   7.89480199e-01   5.71055558e-01   1.24266179e+00][-0.43541126  0.82675816  1.71436852  0.83198656  0.62874917 -0.27147915
  0.38952447 -0.47896016 -0.42076273  1.08437796  0.50641461  0.50118004
  0.88894665  1.05832995  0.92789238  0.89368445  0.68224955  1.56306631
 -1.33974981  1.18337746  0.45330947  0.36751806  0.62677826  0.1765358
 -0.60409904  1.54104031 -0.4789358   0.7144092  -1.56748561  0.48857409
  0.86324185 -0.67156329  0.23283034  1.1114053   1.07055733  0.18190051
  0.24508282  1.10008322 -0.24203106  1.69429916  0.20308856  0.84920076
 -1.59959512  1.03562959  1.66002915  0.23838453  0.82255266  1.10916433
  0.04380408  0.83867512  0.05432528  0.92284402  0.69783575  0.784088
  1.33849786][-0.36034589  0.72725506  1.10077628  0.03214088  0.23528688  0.4147463
  1.13951207  1.06643389  0.98463336  1.03628785 -0.06201532  0.25767674
 -0.44308074  1.28518375  0.02390883  0.71590522  0.29662362  0.01821907
  0.86433093  1.17029312 -1.25521587  2.00033562  0.21919284  0.72103375
  0.49412971  0.25542884  1.35183943  0.74635954 -1.86870523  0.46609808
  0.01988047  0.35742958  0.3676381   0.69810703  1.07224804 -0.62250113
  0.87245398  0.71697074  1.52681233  0.08480898 -1.34171727  0.07080784
 -0.50916462  0.45269711  0.24725458  0.69901826 -0.24647619  0.1747248
  0.79518684  0.29048488  0.64692346  1.65026693  0.89132438  0.64191333
  0.634008  ][ 0.15587248 -0.0193733   0.71045912  0.32549032  1.21992837  0.91856285
  0.42439966 -0.66529454  0.10679609  0.76445479  1.17400069  0.26760039
  1.07840627  1.09411797 -0.03641344 -0.97352733  1.12468279  0.78155253
  0.69116021  0.71797595  0.39311644  1.00408536  1.39316705  0.64197259
  0.79715271  1.02297734  0.2193873   1.26501089  0.93175615  0.84794742
  0.88216838  1.12076131  0.61294939  0.59378422 -0.47637153  1.33070717
 -0.50460508  0.61993006  0.90168394 -0.22113215  0.50449977  0.11000859
  0.64943139  0.20293226  0.69718338  0.10103933  0.80811338  0.46964629
  1.17282839  0.31161592  0.81530523  1.34784237  0.77933715  0.01681759
  0.13456618][  3.06249960e-01   7.66606274e-01   1.62840489e+00   1.74322464e-01
   9.02417372e-01   3.80653273e-01   2.05843037e-02   7.28060573e-01
   9.16921046e-01   1.17762447e+00   2.91358631e-01   1.27356465e+00
  -1.62318961e-02  -8.43182408e-01   5.97807644e-01   1.52912208e-01
   9.25717586e-01   6.58832148e-01  -2.39458945e-02  -2.05307741e-01
  -7.73920737e-02   1.22786848e+00  -4.13273151e-01   7.23357296e-01
   8.34580791e-01   5.92121397e-01   5.39966009e-01  -1.88290890e-04
   6.29175633e-01   2.87983291e-01   6.50553918e-01   3.93910746e-01
   2.87086090e-01   9.79369334e-01  -3.37557057e-01   5.38063338e-01
   9.00537833e-01   1.24694716e-01   1.73236581e+00   1.84612494e-01
   9.35057529e-01   7.30081946e-01   9.12544208e-01   2.66505051e-01
   6.83183428e-01   2.98502317e-01   1.09292319e-01   3.77086738e-01
   2.80339485e-01   1.03526858e-01   1.04958608e+00   1.82697290e+00
   7.43893872e-01   1.46402718e-01   4.12319868e-01][ 0.22622412 -0.05195043 -0.00858642  1.30914509  0.69819941  1.14560761
 -0.03545366  1.74408515  0.35688068  0.16510889  1.05438881  0.37720239
 -0.47891193 -0.35435048  1.49876711  0.73663067  0.62155065  0.40516201
  1.15724481 -0.40302912  0.82911138  1.02405002  0.47190734  1.47523452
  0.55527771  1.17540992 -0.06895927 -0.48022902 -0.94831632  0.06757485
  1.33960314  1.55374723  0.66611647  0.89436788 -0.20819303 -0.61995514
  0.27422538  0.68901001 -0.10712852  1.219967    0.04798359  1.13071741
  0.58742942  0.30128896  1.12113493  0.90957766  0.4326385   0.43869602
  0.83256876  1.01420635  0.53946784  0.17519799  0.91246215  0.02635444
  0.48063785][ 0.62691327  0.33024524  1.07959509 -0.03341738  0.38132761  0.21161114
 -0.16698863  1.03059654  0.32598753  1.67891548  0.92670054  0.38921021
 -0.20742506  0.24494004  0.83813443  1.057688    1.15853847  1.37520556
 -0.98683474  0.12685855 -0.18649644  0.19255758 -0.27786207  0.50033073
  1.14983257 -0.41031028  0.30288242 -0.26189811  0.93468378  0.68841582
  0.34376287  0.57712574  1.172088   -0.00659593  0.57756364  1.26963154
  0.55808051  0.67054715  0.14404269  1.0432881   1.28888199  1.78309474
  2.32105761 -0.13786068  0.14249469  0.13645304  0.19341283  0.03997123
 -0.12226213  0.13410799 -0.17185685  0.21582309  0.8530329   0.72651282
  0.40680596][ 0.42375925  0.64244129  0.4221148   0.56615244 -0.07754877  0.51522238
  0.19669194  0.6027168  -0.12419226  0.90048848  0.00512092  0.90418205
  0.84418592 -0.15576857  0.68033221  1.30920422  0.92541966  0.34953391
  0.30764978  0.28851381 -0.0258245   0.26869182 -0.07381627  1.40033909
 -0.04224351  0.23212226  1.08735218  0.48558394  1.2143596  -0.2648899
  0.30818929  0.92165409  0.43692968  0.8374302  -0.03704574  0.02252929
  0.87763621  0.21453105  0.49724401  1.40827869  0.72496988 -0.13718543
  0.86343674  0.99321065  1.16226053  1.22232877  0.8299895   1.01192242
  0.5873875   1.49718783  0.03622414  0.46203283  0.17805233  0.39096556
  0.72721804]
 pesos capa salida[-3.67446004  1.05903078 -4.82224438  3.13645626  3.12123075 -4.12565505
 -5.45039045 -4.42656755 -5.12102286  6.47264849  2.26657021  5.11101594
  5.10788065  4.58570342  3.09440028  2.86611529 -4.48414115  4.05106678
 -3.21658007]
 mejor error86.40648918412032
 precision con todos los datos:0.8114682884448305