pesos capa oculta 1[ 0.7209416  -0.68750629  0.68308619  0.58782554  2.21705091  0.76115615
  1.01336192  0.44554465  0.0134773  -0.0209898   1.3249937   1.06286771
  0.36989426  1.2810861   1.52936696  0.4827824   0.38642853  0.85829719
  1.10058908  2.19912351 -0.49887124 -0.06368714  0.06500733 -0.68731355
 -0.04295499 -0.06702458  0.3937063   0.78768207 -0.06151547 -0.24455268
 -0.28234973  0.10414275 -0.29018316  0.84148254  1.14221713 -0.07976751
  1.13101426  0.43612123 -0.51607095 -0.07547121  0.84602755  1.23803504
 -0.68302132 -0.65962651  2.50287645  0.58135396  0.52626839  0.36275134
  1.27137303  0.21333653  0.26949984  1.2545632   0.99858201  0.22130692
  0.23317258][-0.04822393  0.12183795  1.41391406  0.46238132  1.39094594  0.42632867
  1.01390961 -0.36379763  0.86466957  1.12877475  0.28547564  0.64977075
  0.93972667  1.16541507  0.56027645 -0.07775304  1.15416498  0.90705182
 -0.04614352  1.2469825   0.90877009 -0.52152131  0.03580888  0.24774981
  1.47011981 -0.01837886  1.66997475  0.60051627 -0.16853486  0.46315704
  0.54987662  0.8638746   0.80097774 -0.43503173  1.08876398 -0.02866355
  0.97550567  0.47062261  0.76014954  0.82137843  0.36666591 -0.25079747
  0.80292785  0.14423822  0.34680102 -0.42411185 -0.25882762  0.60357323
  1.06592961  0.26224201  0.58711056  0.43994223  0.80715963  0.55480343
  0.36672645][ 0.80184741  0.47417864  0.17874732  0.93001184  0.79352353  1.18692752
  0.11317107 -0.07202289 -0.2249749   0.32440231  1.01613906  0.27998409
  0.41957887  0.69785319  0.55420201  0.24047881  0.25531804  0.4053367
  0.3685839   0.08466684  0.84164255  0.99287788  1.15642568  0.43944352
  0.75044531  0.20462684 -0.17606137  0.31142126  0.68299503  1.41924102
  0.10569907  0.22032871  0.49379467  0.54949194  0.18047434  0.42342209
 -0.36491513  0.80474312  0.90397847  0.65781012  1.12050596  0.31793185
  0.27400038  0.88483218  0.64251306  0.82690039  0.76203499  0.69157466
 -0.23543164  0.41156572  0.15322028  0.04682288  0.43507308  0.87818936
  0.16831737][ 0.11564722  0.28315355  0.00810475  0.67726537  0.4821221   0.52740316
  0.59912443 -0.00711025  0.63377744  0.40091671  0.50291646  0.51737319
  0.75305676  0.47528653  0.1123128   0.36246169  0.96375537  0.28321768
  0.46329218  0.47929511  0.83809978  0.73809812  0.27780121  0.81154224
  0.31160666  0.67259862  0.06271001  0.62572568  1.03941925  0.05103132
  0.53548279  0.63942249  0.38405441  0.26937472  0.86205325  0.97199983
  0.1135284   0.52909852  0.35898511  0.61840477  0.45132448  0.1657544
  0.3077449   0.69995765  0.41254313  0.43375223  0.12935742  0.76461564
  0.89993804  1.117423    0.15668667  0.10697246  0.12855899  0.57854099
  0.8314714 ][-0.21914452  0.07250025 -0.99553561 -0.09277304 -0.63387186  1.41301519
  1.57146657  0.68148406  0.72413236 -0.24381127  0.67890472  1.15393449
  1.24751431  0.06312751  1.49879499 -0.19377855 -0.0106194   1.53934844
  0.89906189  0.47828304  0.95496838 -0.23353144  0.82905071  0.45128078
  0.970907    0.41306701  1.78146331  0.6413474  -0.66683186  0.58331074
  0.47505703  1.40182986  0.05578443  0.01715506  1.42393208  0.93225355
  0.64122901  1.56152304  1.04975742  0.85217287  0.04452093  1.05249286
  0.01173893  0.76297254  0.24356645  0.30921763  0.94700137  1.44073212
  1.65603018 -0.61440988 -0.50272802 -0.30048436  0.66179573  0.7905323
  0.28238166][ 0.60448725  0.50876967  0.41979588  1.29168028  0.41080073  0.37920089
  0.11106761  1.1196555  -0.22514024  0.59603081  0.7003581   0.85438739
  0.34543988 -0.06638003  0.2931449   0.11073296 -0.07259781  0.34544107
  0.50040929  0.15843974  0.25398909 -0.06898707  0.54956457 -0.34557019
  0.17278844  0.24581861  1.26496624  0.49938144  1.06414342  1.23384382
  0.38237358  0.03632365  1.21365978  0.61330296  0.34095103  0.00274326
 -0.76547044  0.74416758  0.39954971  0.74907612  0.77560245  0.2435929
  0.63102942  0.2301835   0.40353977 -0.03085016  0.42853164  0.73448305
  0.48315588  0.45642958  0.43387855  0.25358951  0.61872315  0.18556441
  0.48769364][ 0.24831766  0.05084315  1.54602931 -0.2969132  -0.13328211  0.4909806
  0.08327852  0.24841499 -0.40913913  0.57443546 -0.16775826  0.46233991
  0.25435141  0.04049503 -0.09229571  0.54482036  1.1594725   0.12064837
 -0.38271681  0.81745233  0.76614349 -1.08671574  1.47378647 -0.00223739
  0.79233599  1.11499093  0.40819016  0.32027683 -0.68976628  0.22082316
  0.42372083  0.47366342  0.77633464 -0.90033504  1.6915811  -0.37788361
 -0.71634113  0.49131806  0.92589243  0.23860518  0.33007167  1.62484916
  0.00600483  1.62203664  0.85838568 -0.47822939  0.18496335 -0.29631487
 -0.27883322  0.1050236  -0.28123519  0.40338237  0.24762585  0.68244131
  1.65695948][ 0.82852403 -0.57962081 -0.10766001  0.4830577   0.10564348  0.2253483
  0.05913298  0.6547152   1.07164062  0.49352908 -0.25092371  1.37134773
  0.72801918  0.79309436  0.52076086  2.24240974  0.36492744  0.02418534
  0.43698678  1.08614545  0.80662651 -1.0455825   0.41066593  1.10927404
  0.14568311  1.12880994  0.31665756  0.08389668 -0.47880558  1.40529095
  1.02330656  1.06100164  1.5811442   0.76050124 -0.35970428  0.35194352
  0.3062978   0.1071981   1.45747889  1.41464069 -0.73453635  0.0293952
  0.4712748  -0.3475638  -0.0418497   0.19791647  0.24937867  1.06750663
  0.33273612  1.0859299   0.1731826   0.16806164  0.9320585   0.73289417
  0.28947271][-0.70038812  2.00516252 -0.50571411  0.33042634 -1.62281551  0.12333428
  1.85266216 -2.21374565  0.8276757   0.38557388 -0.178014   -0.35789087
  0.60250441  0.95114895 -0.61847657 -0.17456404 -0.19928894  0.2055048
  0.34555732  0.93871754  0.02872134 -0.63102665  1.69270892  0.42155568
  0.67759486 -0.07575861  0.41933998  1.25412914  1.11707315  0.8373555
  0.61439788  1.35212359 -1.29523255  0.26840725  1.0787403   2.58369999
 -0.05044487  0.81236163  1.2518396  -0.51477013  0.57169704 -0.19786386
  0.47713521  0.90349135  0.18075053  1.76818836  0.28980367  1.06803859
  0.73302523 -0.87044591  0.68284607  0.37755075  0.93452579  0.43785399
  0.03539925][ 0.00502425  0.80288614  1.06263663  0.14137356  0.01201167  0.25943115
  0.57138175 -0.24624469  1.07850538  1.0072328   0.19902717  0.43167711
  0.45806964  0.36105024 -0.47301264  0.45829372  0.74592576  0.3701791
  0.08256833  0.51668072  0.39363286  0.39441176  1.2006377   0.24669749
  0.23997581  0.96670755  0.21513097  0.12803334 -0.74735988  0.36940146
  1.0305792   0.61341256  0.61796696  0.09106132  0.93093615 -0.17169764
  0.01140426  0.42526668  0.35729807  0.27108454 -0.01265642 -0.12594385
  1.09140325  0.4061      1.39914296  0.49383077  0.86090413  0.15846537
  0.97424129  0.62708472  1.01293839  1.14555337  0.65250145  0.02211784
  1.06900175][-0.14847754  0.03053895  1.19822459  0.89276804  1.35502367 -0.19457082
  0.53989496  0.16702652 -0.05861656  1.03036522  0.38337947  0.65112338
  0.9540613  -0.03130013  0.22073661  0.71062394  0.12926959  1.15127083
  0.86486695  0.32225507  0.52958325 -0.63949734  0.78659565  0.97674276
  0.32717642  0.26402661  0.32383992  1.42399569 -0.10910006  0.17978761
  0.24223895  0.58819808  0.3302614   0.42761116  0.83502533 -0.02486619
  0.78897072  0.72536019  0.54553916  1.21193413  0.52910564  1.27421326
  0.19507852  0.38230262  0.94518454  0.48148618  0.04519692  0.73240888
  1.09510006  0.29716099  1.07123971  0.23449283  0.80262788  0.16219937
  1.23562022][ 0.69853526  2.04511484 -0.30522749 -0.32687742 -0.08594407 -0.72469121
 -0.1198145   0.74304894 -0.97445746 -0.10788601 -0.89946705  1.38156688
  0.92351804 -0.62679416  1.63794211 -0.60769539 -0.50682089  0.14725111
  0.73423851  0.1715702  -0.30752488  1.97846094  0.13343072  0.34633387
  1.6271219   1.07159245 -0.04465154 -0.17554616  1.33856557  1.85337859
  0.98678313  0.4496743   1.27195802  0.97041665  0.86723268 -0.77510846
  0.33035716  0.61038464  0.85710766  1.27475867  1.13161662 -0.09762971
  1.29492144  0.40648331  1.34569221  1.4629353   0.47285095  0.11513464
 -0.62218283  0.41672661 -0.04088221  0.76515268  0.62880414  0.65064184
  1.54987864][ 0.06382251  0.20104157 -0.27029439  0.76291646  0.2135864   1.03290413
  1.17254522  0.82939501  0.1066055   0.89463715  0.91146031  0.654698
 -0.07549143  1.08626606  1.20881817  0.66272017 -0.01317     0.19634702
  0.42751348  0.2227961   1.0836546   1.35678892  0.90642693  0.64198939
  0.60185588  0.76709676  0.46588263  0.35789117 -0.1393478   0.20212186
  0.24323051  0.23697607  0.50479232  0.93039355  0.69608193  0.17953267
  0.29659178  0.72778413  0.12919151  1.27330072  0.44191198  0.5409249
  0.54577475  0.8410118   0.60573829  0.11710121  0.5275591   0.37772801
  0.43185206  0.96776638  1.16491801  0.92012669  0.60616834  0.30421962
  0.54253408][-0.0167381   0.69022556  1.15812392  0.40284431  0.78552954  1.22315932
  0.63984947 -0.05610996 -0.12231032  0.58824641  0.55751729 -0.08834609
  1.04226028  0.725003    0.5794653  -0.25162632  0.42654181  0.48189205
  0.57736166  0.70767913  0.88344408  0.72584853  0.40545735  0.53543514
  0.64632922  0.7260501   0.74358185 -0.06033675  0.59885222  0.87168391
  0.52209133 -0.01132375  1.06537642  0.03017578 -0.30508936  0.60435291
 -0.84307258  1.13080341  0.23941755  0.28046333  1.47019246 -0.2637872
  0.87590967  1.13321425  0.39665603 -0.51898927  0.50284728  0.56736053
  0.78065198  0.7847882   0.58406311  0.34401897  0.89141396  0.40386002
  1.38384363][-0.23759169  1.19001599  1.20630584  1.08386932  0.36571717  0.10811278
  1.19281253 -0.17901413 -0.18744574  1.14141539  0.29249001  1.66791922
  0.41373066 -0.95155665  0.95039285  0.78183018  0.89092629  0.58576182
 -0.39042283  0.74056173 -0.41289858  1.67383241 -0.33906137 -0.4353488
  1.37028214  1.30253979  0.56293088 -0.15411841  0.91579735 -0.30519167
  0.35412455  0.40219575  0.39081521  1.57822082 -0.1857965   1.44346822
  0.46799694  0.85362157  0.60423647 -0.7091944   0.23389049  0.38715271
  0.7317123  -0.01562742  0.69785931 -0.48424217  0.17487997 -0.3644986
  0.24250466  0.09205449  0.98637372  0.81108724  0.92723716  0.38036496
  1.26441003][ 0.72031297  0.94118734  0.27871905 -0.14424705  0.19981775  0.40256007
 -0.42400469  0.11487631 -0.14690187  0.57296716  0.32611617  0.80171747
  0.5735886   0.59672914 -0.25544195  0.29317694  0.91043939  0.18698082
  0.79920676  1.7957174   0.5048476   0.01611234  0.44526474  1.65696344
  0.15604832  0.55855464  0.86936643  0.36835812  0.38611185  0.25721643
  0.94043684  0.693493    0.32391616  0.62092803  0.02196876  0.01027689
  1.11549704  0.82430366  0.77127634  0.61739274  2.50499518  1.44570532
  0.86742148 -0.68702251  1.3148268   1.63357959  0.78485432  1.5232058
  0.62560745  0.39596151  0.34649082  0.65568617  0.3744666   0.01822188
  1.08430039][ 0.75160972  0.05115853  0.14011489 -0.1267353   0.18224808  0.71369837
  1.62843656  1.21993554  0.68479926  0.21862946  0.348238    1.04792844
  0.09836579  0.8852625   0.2790218  -0.35529209  0.7022904   0.29750558
  0.55318469  0.11709426  0.07035444 -0.06578345  0.26518893  0.31033593
  0.16765816  0.27673351  1.61829617  0.41866502  0.58043963  0.62471481
  0.77243313 -0.2075349   0.33411058  1.38668579  0.90504015  0.60675335
  0.8123766   0.35067424  1.1061378  -0.43613769  0.61471484  0.04180083
  0.76556458  0.18880274  1.51617598  0.61202065  0.38226154  0.02453427
  0.97106567  0.62340557  0.85568349  0.69412754  0.27646734  0.34049373
  0.08106132][ 0.67954893  0.61971524 -0.09043012  0.03268132  0.47441803  0.47199767
  0.31724244  0.28122715  0.29915561  0.85147614  0.38141352  0.91881734
  0.74483499  0.46898214  0.47776654  0.06828677  0.47863986  0.743942
  1.17525489  0.56605717  0.45021744 -0.04879027  0.18535533  0.2726889
  1.11007671  0.82990927  0.47496657  0.47946402  0.76161275  0.54445182
  0.71790516  0.35310423  0.6602918   1.0481893   1.00654252  0.26098647
  1.06805273  0.589262    0.32860557  0.22829163  0.18243919  0.67739899
  0.71228625  0.29919678  0.26840303  0.33267342  0.08262555  1.16911881
  0.87579494  0.07943496  0.01667398  0.3277909   0.23404591  0.77656289
  0.28230933][ 0.81099868  0.841277    0.92623174  0.78451365  0.43593118  1.28290728
  0.59312292  0.50376527  0.83216924  0.95962946  0.22017839  0.05872614
  1.32035695  1.04478291  1.21900682  0.18734694  0.573166    0.51121795
  0.29095838  0.27473134  1.03448143  0.4382146   0.139228    0.50716676
  0.98863159 -0.44937146 -0.07931837  0.04791573  1.84012006  1.85813541
  0.89009469 -0.28845626  1.21836489  0.38021613 -0.22741422  1.18167288
  1.78896969  0.83263813 -0.03284548  1.65903095 -0.62208352  1.15302024
  0.80268447  0.20538741  1.06208945 -0.1005438   0.54040622  0.30504173
  0.06841281  0.50008093  0.75354824  0.11610242  0.08075317  0.79170469
 -0.86478859]
 pesos capa salida[ 4.57532593  3.38039493  1.35840188 -0.87086386 -5.57019294  1.44180767
  3.87294944 -4.65591494 -4.53647125  2.20081841  2.1977249  -4.78855658
 -2.1553098   2.30456324  4.23459254 -4.51725374  2.05285591 -1.71921166
  4.40299105]
 mejor error90.37032139508393
 precision con todos los datos:0.8123370981754996