pesos capa oculta 1[ 0.45648689  0.42765954  0.71070675  0.35316303 -0.03656673  0.07116863
  0.16401577  0.61652112  0.44290395  0.56588833  1.20439278  0.25315053
 -0.16984194  0.62041134  0.86440341  0.85976261  0.73583235  0.48998328
  0.79304629  0.13947103  0.14054892  0.02074848  0.56955563  0.24519652
  0.56016858  0.41601911  0.74956663  0.24355177 -0.19571661  0.57568016
  0.30002497  1.24477899  0.3079123   0.63580054  0.95910101 -0.03623992
  0.72507765  0.69877387  0.98258364  0.73723034 -0.06751253  0.17278337
 -0.078631    0.52836439  0.28261656  0.45351688  0.44379688  0.89636296
  0.2504757   0.26749423  0.1123265   0.0181566   0.1302997   0.97076954
  0.47972838][ 0.08262502 -0.30587694  1.2489842   0.71982085  1.56380821 -0.00345505
  0.72274569  0.02997809  0.39819588  0.32749989  0.71414334  1.09972507
  0.34660119  0.94796341  0.16824268  0.3790963   0.50635606  0.27345591
  0.21709603  0.68619343 -0.49549133  0.27688356  0.08393536  0.59330236
  0.80083016 -0.35033848  0.2690055   0.69826235  0.32425847 -0.65638814
  0.94133404  1.11543661  0.50412821  0.27170172  0.52352716 -0.24282409
  0.173504    0.75490004  0.13404427  1.26507243  0.65409222  0.64290744
  1.50539534  0.28759964  0.82623615  0.6363375  -0.02064567  1.09575139
  0.47425466  0.24201213  0.83938279  0.21750229  0.74707741  0.93128221
  0.80152661][ 0.9370656   1.24787078  0.14309234  0.84630212  0.99343365  0.58565697
  0.76007044  0.5679721  -0.75021542  0.23891792  0.26824978  0.78948616
  0.84844839 -0.10374322  0.05145003 -0.1857121   0.29601236  0.21735303
  1.1166529   0.56191331  0.67015399  0.58325506 -1.11035712  0.64940306
  0.98399919  0.67613328 -0.04031183  0.46179728  0.30292794  0.39110818
  0.90319774  0.87441214  0.44656133  0.63342788  0.61551358  0.61771999
  0.74896184  0.98370951  0.71236946  0.88326599  0.72067487  1.11264028
  0.4850441  -0.00339635  0.14570768  1.23083213  0.13561569  0.56711757
  0.7293935   1.27356121  1.10634749  0.95491839  0.9873497   0.29920706
  0.40475716][ 0.08060384  0.83586584  0.12992488  0.41924139 -0.08375439  0.24910504
  0.08398674  1.07468288 -0.38289097  0.9803914   0.58069432  0.30832091
  0.41844004  0.3020614   0.66708369  0.02666349  0.40383297  0.50668475
  1.1997834  -0.30628401  0.05418415 -0.02058187 -0.97069236  0.44853081
  1.68628057  1.21353238  0.29445294  0.93015785  0.30003871  1.13184226
  1.25122651  0.85134815  1.11581693 -0.26941534  0.58585472  0.91688439
 -0.22257754  0.92458752  1.04573157  0.95953511  0.83658809  0.21678538
  0.65511287  0.83225059  0.00822674  0.98663035  0.66794424  0.97007107
  1.05151751  0.25235931 -0.0174352  -0.16666969  0.90961872  0.62956354
  0.09600139][ 0.3351643   0.43051864  1.96824118  1.31870623  0.23280372  0.94307901
 -0.29769816  0.17610134 -0.78775217  0.84160524  1.34060209 -0.50111738
  0.59379413  0.60314341  0.62125104  0.5824348   1.12076553  1.4126434
 -0.53250316  0.20230463  0.77434854  0.26633322 -0.54093754  0.50443871
  0.56885703  0.98409282  0.04001224  0.49995921 -0.50538021  0.80483953
  0.49511702 -0.13609976  1.28016936  0.94210834  0.37301943 -0.08182987
  1.74208532  0.72129208  1.5367405  -0.32381552  0.58856125 -0.09813199
  1.36246958  0.50401933 -0.30853087  0.64357876  0.79747675  0.74646096
 -0.11362776 -0.48107928  0.55009653  1.75578292  0.71930818  0.01363479
  1.45787194][ 0.51282002  0.22520479  0.05930532  0.40215922 -0.22389281  0.66368127
  1.94052937  1.11984794  0.44109664  0.13690407  0.65603371  0.87524095
 -0.31007349  1.46627745  0.42005888  1.39632243  0.50616934  0.83954007
 -0.03982912  0.4232371   1.48379785  1.33700696  1.6481649   1.83061364
 -0.12935469 -0.39632969  0.22880021  1.01330584 -0.45007383  0.07033557
  1.78439231  0.09463921  1.07384807 -0.10621405 -0.9257871   0.45265829
 -1.21566164  0.13154565  1.5430543   0.9410845   0.15695646 -0.26335838
 -0.13344973  0.57306926 -0.03350252  0.64041519  0.25635312  0.41781333
  0.57999234  0.74399426 -0.30609735  0.22151939  0.78824992  0.45629591
 -0.2518192 ][ 0.97480794  1.42816656 -0.98985386 -0.66669136  0.96598829 -1.86849187
 -0.84859349  2.28423285  1.02346395 -0.55309924 -0.67039932  0.63200582
  0.19221159  0.35621738 -0.22739118 -1.85271829 -0.7459216   0.56254506
 -1.03983493  0.85374442  0.16637738 -1.95941694  1.41777184  0.48353067
  0.09888439 -1.16882585  0.86732913 -0.14594236 -0.6932518   0.72581254
  0.55064609 -0.02620874 -0.03537303  0.34281582  1.10769862  0.1595194
  0.65651189  0.17590938  0.10936113  0.20699599  0.48111399 -0.60310125
  1.05649224 -0.258405    0.90759914  0.8593321  -0.19189111  2.22045273
  1.84537061 -0.19357649 -1.19837838 -0.72092746  0.94182146  0.139523
  1.43457014][ 1.27934151  0.81029981 -0.20785847  0.45959012 -0.33979763  0.91420893
  0.48197691  0.02122531  0.97487595  0.9511064   0.49390776  0.46420217
 -0.28547084  0.7526363   0.11839325  1.35146101  0.69899592  0.77755647
 -0.25534349  1.10722046 -0.52487225  1.056424    2.04388471  0.85055448
  0.70369225 -0.35670553  1.22626717  0.68568836  0.80007457  0.65176686
  0.04911972  0.75309168  0.47361968  0.76431485  0.25842287 -0.22765452
  0.76003888  0.55879407  1.25047898  0.67337221  0.76556827 -0.16958548
  0.02829085  1.03630292  0.22452011  1.23403527  1.16001894  1.15191521
  0.84594194  0.55590206  0.30263995  0.43534896  0.0156346   0.82707611
  1.89841747][ 0.0545293   0.57948486  1.38298057  0.48871138  0.5640383   0.08100628
  0.00717001  0.72374005  0.35788379  1.14616717  0.19643322  0.59975892
  0.49487511 -0.04156588 -0.09386217  0.55925697  1.01501386  0.32639337
  0.47405026  0.06901797  0.45650321  1.62377089  0.63253705  0.6666848
  1.18117059  0.06128635  0.33180532 -0.00982844  0.43927078  0.11569978
  0.64313867  0.02260894  0.23795106  0.31023194  1.24029091  0.71754474
  0.82756066  0.32355861  0.63707559  0.49167714  0.11521576  0.59694227
  0.89482522  0.67587701 -0.19707918  0.13236756  0.04964945  0.79916614
  0.41062989 -0.16370054  0.42489793  0.82251469  0.57768026  0.26807992
  0.37028547][ 0.18899277  0.55200783  0.54238973  0.70405836  0.53025845  1.02258186
  1.40419429 -0.99851162 -0.0329453   0.36677672  0.77832951 -0.31154727
  1.04957134  0.13395846  0.2019803   1.10667378  0.89040824  0.73335066
  0.41320006  0.81177043  0.17742283  2.03069997  0.59182596  0.23665646
  0.54260277 -0.13308391  0.44253031  0.96363722  0.36377603  0.81212453
  0.10319729  0.00413658  0.44767404 -0.44931028  0.54407285 -0.02075657
  0.11689488  0.00411182  1.01010144 -0.09315782  0.14709737  0.52171274
 -0.20314746 -0.29784923  1.16868373  0.29563393  0.23153873 -0.22557956
  0.16114171  0.08003036 -0.04836838  0.15233141  0.73519042  0.93053215
  0.37483929][ 1.18021852  0.86464063  0.37578081  0.18429709  0.97324704  0.97541975
 -0.05384742  0.92460564  1.39301361 -0.27169803  1.00672005  0.4892469
  1.02522499  0.79444601  0.98897125  0.5011374   0.54217647  0.32536321
  0.72761537 -0.26594555  1.37033437  1.08997467  0.80801695  0.57762533
  0.53352362 -0.00814285  0.10388031  1.02178142  0.81532489  0.25371121
  0.22865588  0.82885252  0.46665929  0.04789342  0.73429096  0.36524651
  1.65065727  0.00401572  0.51719065  0.57203919  0.89620767  0.14648205
 -0.40515189  0.82535281  0.26618187  0.25856679  0.1280828   0.1299448
  0.26239447  0.24593837  0.28924706 -0.26707638  0.80207015  0.71653254
  0.63498887][ 0.99824046 -1.2965846   0.8967983   0.82461948  1.09750772  0.58872528
  1.51510923  2.08028558  0.17055061  0.23855373  0.67895819  0.82015783
 -0.24599536  0.44611143  2.45332908  0.20063364 -0.35967059  0.34452489
  0.92529132  1.62449932 -0.43181455 -1.75767441 -0.48016373 -0.29515868
 -0.2628747  -0.04832006  0.5261359   1.38409718 -0.58802745  0.86483779
 -0.26935443  0.23978766 -0.67772511  2.29221311  0.1247404  -0.30378929
 -0.57036722  0.03146957 -0.80899523  0.26496771 -0.42018292 -0.83265223
 -0.10953664  1.47446229  1.28248089 -0.08320023  0.58975342 -0.29544354
  0.01795054  1.28557714  0.99509979 -0.37722387  0.36209262  0.67089431
  0.09744675][ 0.24350508  1.37838925  2.30833634  0.4994624   1.14001775 -0.40738679
  0.54621871 -0.01952632  0.06844851  1.65560001  1.06537143  0.40181184
 -0.56451071  0.05059767 -0.67498013 -0.69716362  1.40571383  1.13184372
 -0.14324337  0.77336276  1.06993873  0.5632764   1.96686995  0.35317064
  0.65573448  0.53395919  0.8401431  -0.19960379  0.81517611 -0.28974088
  0.65982682  0.2211889   0.28106487 -1.28915235  0.42847586 -0.69166658
 -0.57448263  0.04513459  0.37088812  1.28904231  0.4428454   0.05049145
  0.75198937  1.83168039  2.23539348 -0.07073417  0.57154073  1.72421005
  0.02466559  0.08539509  0.90840511  1.41649094  0.75020005  0.47287566
  2.7925104 ][ 1.0551224   0.40904255  0.61616528  0.11917223  0.00866812  0.27336076
  1.02946417  1.00432658  0.39833445  0.02171883  0.68845644  0.04401775
  1.02526552  1.21315586  0.42438382  0.21322676  0.90758138  0.83307734
  0.38331317  0.88098035  1.12891724  0.57004734  0.00419504  0.58417611
  0.5989345   0.17662079  0.40817558  0.40460943  0.4273709   1.1299812
  0.09674873  0.56259248 -0.1000617   0.64319457  0.1921919   0.94714915
  0.87997469  0.31219734  0.53952939  0.11340114  0.4675482   0.91982528
  0.21512968  0.1925336   0.65174704  0.37117037  0.70518781  0.93905693
  0.64551648  0.63758169  0.51671655  0.71614591  0.36094573  0.50992966
  0.51075085][ 0.58873814  0.53474576  0.65731891  0.34000702  0.4267367  -0.04672961
  0.11898274  1.83426015  1.24139556  0.55908814  0.76305223  0.77347877
  0.35489056  0.61887632  0.76450155 -0.52086318  1.01259108  0.18888744
  0.70977279 -0.10212748  0.51335599  0.2857766   1.68100458  0.53827874
 -0.53176434  1.0359854   0.49314108  0.95536731  0.08679789  1.01003102
 -0.05656488 -0.32818313  0.26810739  0.60804964  0.70997886  0.51950255
  0.3078908   0.26821204  0.1757308   0.65718841  0.06671526  1.19992252
 -0.23256468  0.50934489  1.35746488 -0.11731383  0.25969738  0.34116016
  0.8689307   0.17692081  0.44505612  0.63442298  0.25644556  0.7318797
  0.02067034][ 0.63481453  0.00419261 -1.10904377  0.45077081 -0.42863343  0.30090883
  1.01304588 -0.60657256 -0.45186291 -0.49741824  1.04391155  0.32266121
  0.18556953  2.22443728  1.69459881 -0.24044525 -0.32034005  0.66372039
 -0.40340888  0.79195518  1.27423231  0.44161952  1.58215463  0.36069483
  1.17530308  0.68967579  2.10817915  1.54164773 -0.63758925 -0.44381987
 -0.32743436  2.89434643  0.55372511  0.3674075   1.48872579  0.75189476
  1.23302117  0.80315853  0.8611037   0.79160627 -0.06061252  0.30525646
  0.20649936  1.45523042 -0.62669997  0.48186182  0.0344957   1.35440398
  0.97650141  0.53113046  0.00844408  0.57430121  0.53273249  0.85980041
  0.89152438][ 0.64486702  0.95902037 -0.05226201  0.3237231   0.53560217  0.94212746
 -0.4883045   1.5226239   0.37740612  0.5165126  -0.2826739   0.93500667
  1.1962776  -0.42941437  0.44018766 -0.09715705  0.04853563 -0.05974046
  0.66140068  0.71012952  0.27217199  1.81200344  0.61773679  0.72375773
 -0.21034335  0.16604215  0.58490317  1.23105649  0.78436468  1.09207619
  0.58696662  0.49749167  0.40102779  1.60561085  0.08710899 -0.57494119
  0.55939346  0.30787109  0.12607744  1.19306188  1.19278879  0.15438239
  1.31949623  1.32945659  0.55334845  1.60970368  0.31488481  0.81663587
  1.08174212  0.06979071  1.36084931  1.29441061  0.31340222  0.57966869
  1.81475557][ 0.01517229  1.50745399  1.13616858  1.27659197 -0.01637967  0.31974999
  0.43277665  0.73216423 -0.15200275  1.08281517  1.1848806  -0.27178342
 -0.5261047   0.91544921 -1.14456907 -0.45811124  1.54506525  1.88173739
 -0.01504669  0.56003488  0.67620121 -0.42038416  0.54839557  0.0537214
  0.97166757  0.30020986  2.14814052 -0.33632278 -0.72484123  0.82915126
  0.45286864 -0.00442343  0.71680905 -0.12872114 -0.30365229  1.48540197
  1.71282626  0.49798143  0.75267278  0.47816339 -0.16429996  0.79746549
  0.55765903 -0.35961102  0.92420878  0.29346482  0.76718494  0.6488798
  0.17880219  1.0216834   0.55796268  0.44631107  0.80838489  0.5649307
  0.90706238][ 0.40000456  0.43538788  1.70262306  0.96984838 -0.04966823  0.68546815
  0.00827214  0.75671752  0.23775985  0.72026503  0.50445842 -0.25068858
  0.74225793  0.26966714 -0.08981883  0.42107153  1.09458691  1.19843519
  0.09609238  1.06194672 -0.31933678  0.71345839  0.37116506  0.5179398
  0.72210606  0.75725537  0.14091407  0.36072425  0.9021667   0.48284572
  0.54410084  0.2751382   0.11703336  0.60796852  0.50393073  0.53499244
  0.75776024  0.75299851  0.61563132  0.16750246 -0.03974923  0.93299018
  0.47236753  1.35425054  0.30085582  0.37905229  0.69099271  0.98534298
  0.65054345  0.15745262  0.45315561  0.82918901  0.27885678  0.90059306
  0.02953794]
 pesos capa salida[-0.80132134  1.54386368 -2.01914146 -2.57983204  3.07053776 -3.55468798
 -3.32674129 -2.67132918  1.1400344   1.86980433  1.71145549  3.90076184
  4.03918084  0.83292359  2.17154141 -4.37498998 -3.15638566  3.32862905
  1.25540891]
 mejor error14.16747270411603
 precision con todos los datos:0.8201563857515204