pesos capa oculta 1[ 0.77566085  1.16101405  0.08356585  0.664783    0.30640402  1.30180953
  0.41885168  0.14111632  0.23646931  0.38240372  0.47516322  0.63807247
 -0.02832448  1.26533316  0.9722163   0.78035253  0.9619557   0.22454142
  0.24990239  1.12555201  0.93077295  1.1396552   0.98967386  1.18173414
  0.48641498  0.37534157  0.40747177  0.97503681  0.47662693  0.07630284
  0.67041554  0.80718756  0.30972385  0.85676769 -0.16711217 -0.33304449
  0.57164659  0.67552343 -0.02953895  1.21462628  0.41423526 -0.20023699
 -0.39858748  0.69458318  0.44967946  0.57773647  0.15704828  0.65264362
  0.77520569  1.0541984   1.30579024  0.4586902   0.85683948  0.38207961
 -0.13874216][ 0.85334988  0.75696272  0.43548717  0.66911813  0.29207937  0.72445177
  0.79126668  0.61092317  0.72073078  0.75397114  0.95237974  0.96437918
  0.25136574  0.84256117  1.02095963  0.22535153  0.32175926  0.86024971
  0.91790574  0.79261086  0.11284731  0.14953317  0.74706442  0.553291
  0.83704027  0.19168275  0.4789344   0.76462264  0.89144899  0.18718657
  0.82037984  0.67884     1.04051535  0.06492164  0.22861324  0.87284798
  0.49332921  0.77841431  0.95791348  0.47231253  0.83301727  0.6659914
  0.74396246  0.22029231  0.91880241  0.70010293  0.56592369  0.99561568
  0.13426821  0.72582898  0.53784551  0.71003617  0.87929545  0.85403361
  0.42840028][ 0.89924948  2.64484744  0.5475358  -0.79273564 -0.10632554 -0.60650565
  2.13361718 -0.66735402  0.63590961 -0.0060891   0.33340068  0.58364837
  0.11553658 -0.71434601 -0.9467974   0.69195072  0.34046921 -0.40832255
  0.06092268  1.26309111  0.61031614  0.13433056  1.10424052  0.27005923
  0.58553276 -0.28908374 -0.92141674 -0.21371692  0.36318159 -0.53774116
  0.03188008  1.7999429  -0.46978019  0.55516963 -0.11710803 -0.09101135
  0.508338   -0.02198324 -0.85269792  0.92583394  0.21998997  0.15946542
  2.13425101  1.78031304  0.90043     1.03085413  0.43172949  0.42703991
  0.16177897 -2.083706    1.4876238   1.08561569  0.38031625  0.65699309
  2.05520611][ 0.30446319 -0.58606671  0.23024663  0.47815149 -0.09654745  0.59902055
  0.4220807   0.56015893  0.915171    0.34253656  0.87843709  0.25845702
 -0.2079214   0.87480629  0.06570528  1.42418671  0.22940307  0.39570982
  0.36392612 -0.50599936  0.61646641  0.27075035 -1.30453963 -0.03670993
  0.23249472 -0.3803392   0.71740354  0.42942531  0.18985933  0.42550374
  0.01426342  0.41295549  0.46816378  0.15240985  0.37346529  0.35688299
  1.28053423  0.19431077 -0.39400415  0.47190962  0.69779232  0.28278326
  1.00157277  0.69036758  1.27434532  0.20944856 -0.06792734 -0.01763351
 -0.10111636 -0.39223028  0.73252486  0.47058433  0.13229836  0.71545207
  0.92159971][ 0.14293204  0.0490518   0.2807162   1.02473971  0.15443845 -0.28144742
 -0.03612776  0.70592799  1.03112633  0.68868468  0.20512793  0.43932832
 -0.24565197  0.46127185  0.75751782  0.23782295  0.84051588  0.5109813
  0.36346067  0.5798917  -0.20141467  0.60278622 -0.3090036   0.38592388
  0.42321857  0.17701244  0.95732514  0.53564066  0.00250311  0.50454862
  1.04182721  0.37259265  0.36520192 -0.29688936  0.87004083  0.25105914
  1.73128046  0.21788365 -0.26593075  0.62303961  0.95451424 -0.08991104
  0.87948661  1.07848993  0.42622642  0.69319202  0.19211887  1.10663054
  1.10471995  0.35682447  0.35774002  1.11021779  0.65411636  0.46226049
  0.61816419][-0.10264681  0.56545721  0.06370611  0.66833198  0.22834551  1.12263345
  0.9058226   0.45251393  1.30240122 -0.04262579  0.33309103  0.67016433
  0.92380556  0.20316431  0.78083957  0.94621573  0.07862111  0.70310489
  0.65959982  0.17959436  1.11199599  0.71249331  0.2615427   1.06238909
  0.87014554  0.81029223 -0.00210914  0.30077592  0.57640358  0.16010432
  1.21172316  0.46275372  0.72584894  0.89312123 -0.07596028 -0.4836392
  1.14204056  0.82144281  0.65421023  1.02811293  0.75368442  0.24201445
  0.24908618  0.98333409  0.11362223  0.70734474  0.67905017  0.75362993
  0.83478926  1.05275419  0.28811127  0.79009059  0.8577461   0.22674489
  0.62161302][ 1.28872516 -0.13009583  0.94816941  1.1509644   0.31024228  0.68289872
  0.4682454   0.66585239 -0.40872617  0.77276286  0.92244453  0.69533683
  0.42872931 -0.0489131   0.80132875  1.29527426  0.11511772  0.55838974
  0.40926289  1.15200404  0.81986179  0.46853289  1.57911823 -0.14436688
  0.61419011  0.04661003  0.67251904 -0.38822305  0.34332144  0.28994743
 -0.29502018  0.7585937   0.87499247  0.04376555  0.02478449 -0.4834672
  0.27379204 -0.04777598 -0.02145138  0.69737243  0.77958898  0.29669968
  0.23375073  1.35770252  1.23508023  0.71945681 -0.0556191   0.34313366
  0.57929799  0.79773488  0.62758602  0.21363062  0.1869514   0.51467133
  0.14089228][ 0.17987618  0.92548311  0.97603048 -0.27239204  0.75102025  0.88678175
 -0.35241019  0.01975226  0.97466963  1.48498878  0.52615857  0.15264368
  0.49237882  0.2983922  -0.02446859  0.4243234   1.36809168  1.41933577
  0.25944589  0.98146545  0.50398112 -0.67461757  1.02485154  0.11849069
  1.70569099  0.61057929  0.29098308  0.09486134  0.43294463  0.2381025
  0.87301803 -0.08567093  0.28670331  0.82306211 -0.82616226 -0.03976372
  0.88017333  0.80018454  0.76771047  0.72532127  0.43848417  1.11804145
  1.09995907  0.31489901  0.2331083   0.49431571 -0.17090819 -0.16376815
 -0.2408992   0.01527675  0.64550289  1.30890247  0.21929135  0.06852299
  1.2183926 ][ 0.30327389  0.50328031  0.33445771  0.59856796  0.8583892   0.01660449
  0.30543051  0.38995591  0.19749217  0.37859672  0.67252983  0.27301365
  0.44824472 -0.2434648   0.62610886  1.05898756  0.14380006  0.84074018
  0.33605572  0.41097256  0.63875004  0.65279723  0.81538055  0.79411927
  0.42932309  0.69514283  0.73828216  0.2645247   0.11037153  0.38975209
  0.31560677  0.7683314   0.33936571  0.42159916  0.29512491  1.29295871
  1.14320222  0.6735227   0.52434363  0.91409829  0.34917528 -0.03567916
  1.03139892  0.334655    0.70900312  0.25493637  0.81406499  0.26385124
  0.51367675  0.48580093  0.664778    0.89164544  0.89106769  0.35145901
  0.43866261][ 0.06799278  0.0760755   0.66478515  0.95927997  0.18680618  0.10266472
  1.00632815  0.51046884  0.4306587   1.05833586  0.59678634  0.5315919
  0.78522415  0.76551066  0.71216484  0.67408145  0.3169278   0.12751681
  0.24858565  0.26420777  0.47401623  0.68864015  0.84360594  0.17736145
  0.16922769  0.87443865  0.09374662  0.15007174  0.84449122  0.61237565
  0.60555922  0.81074651  0.35039106  0.45099088  0.30442451  0.72737733
  0.81369745  0.76569894  0.20509668  0.39487259  0.43218978  0.6339483
  0.31461616 -0.01461698  0.15178389  0.63611346  0.35518168  0.73675251
  0.02676971  0.87200126  0.7626287   0.22821262  0.80544976  0.85299502
  0.55248534][-0.37647952 -0.09971651  0.00646653  0.68682391  1.12157497  0.1962809
  0.04577103 -0.9234399   0.62631099  0.07252538  0.66380984  0.7159744
 -0.15016276  0.83216327 -0.46708669  1.63397493 -0.03628639  1.01389386
  0.583932    0.23791882  0.64834409 -0.17527415  0.53510495  0.72689691
  0.34230088 -0.30455125  1.49968876  1.01901358  0.44588786  1.43424096
  0.63571426  0.8333736   0.3984831   1.11452209  0.63149972  1.01901886
  0.27128726  0.49618978  1.10404119 -0.50447585  0.77465689  0.83495783
  1.02942764  0.30408911  0.40024534  1.00334036  1.11545241  0.84523027
  1.04473196  1.29415366  0.78485034  1.26350982  0.95130793  0.22710938
  0.71236809][ 0.5658467   0.09120056  1.31673983  0.60123787  1.00285707  0.92775342
  1.33660447  0.17197026  0.3110646   0.9642941   0.44286354 -0.03751451
  1.52099275  0.66796     0.28321908  0.43218461  1.00689043  0.82156273
  0.0907139   0.9228689   1.2338081   0.60857395  0.51559191  0.74232927
 -0.28942854  0.29579816  0.42449303  0.09458513  0.57850429  1.53222348
 -0.08343082  0.80026993  0.75007447  0.94765141  0.78251027  0.37177742
  0.80228616  0.09569209  0.9237395  -0.81498741  0.82688273 -0.42906885
 -0.2440202  -0.20370395  0.69037044  0.65086564  0.12358818  0.44662011
  1.22724709  0.16128452 -0.44849266  0.34382085  0.62577987  0.22413869
  1.14908869][-0.15066215  0.01125472  0.80365357  0.6907504   0.28834613  0.04898422
  0.05063171  0.62620953  1.41303881  0.79365407  0.20395298  0.66263939
  0.03234451  0.23442321  0.51140152  1.42137999  0.41611517  0.37297369
  0.78490741 -0.09502206  0.60150512  0.54231631  0.77763141  1.04706307
  0.44666775  0.7618742   0.14616307  0.96911184  0.0701502   0.99708696
  0.69714512  0.40155266  0.96094432 -0.11112028  0.87400643  1.04265013
  0.20648213  1.06937181  1.18441046  0.13271031  0.43743835  0.47146214
  1.21192707 -0.07019367  0.59005068  0.64047678  0.50453305  0.94032287
  0.5206933   0.55172289  0.87118817 -0.03987216  0.98819044  0.00976902
  0.77819037][ 1.20471863  0.50736482  0.63034634  1.35463855  1.04792025  0.3622026
  2.36910672  1.01254888  0.43906369  0.38831308 -0.00720213  1.04982835
 -0.25615126  0.01733347  0.17093267  0.74451823  0.1827156   0.36898032
 -0.60407824  0.32077897 -0.05555613  0.20400863  0.76027669  0.47724035
 -0.03503157  0.29259533  0.55801654 -0.80059638  0.1261674   0.13078353
  0.32546159 -0.12684883 -0.14999394  1.58726387 -0.01274719  1.8323941
  0.98683973  0.68724305  0.03454588 -0.02588658  0.22196628 -0.14705495
  1.16166528  0.03393678  0.84309663 -0.06691292 -0.49131307  0.3688713
  0.88552668  0.27168097  0.82668517  0.48057054  0.57188726  0.13730153
  0.90284238][ 0.32305593  0.03716027  0.68273477  1.01150754  0.7075017   0.15658172
  0.89289385  0.79370476  0.52324768  0.0925898   0.42335744  0.24672396
  0.28712921  0.26246508  0.74396441  0.77295494  0.71393187  0.08324971
  0.72954029  0.78634659  0.49853663  0.0738411   0.20319097  0.92365446
  0.76286278  0.70740567  0.17601059  0.50647473  0.75975701  0.27473476
  0.17505711  0.24150386  0.86920778  0.75190768  0.10286481  0.90546387
  0.72920747  0.9197339   0.08181228  0.38144875  0.07711532  0.67714581
  0.6125756   0.26636376  0.94014801 -0.01266093  0.13456688  0.9651223
  0.68178991  0.38428232  0.26119533  0.43901189  0.77152725  0.20605014
  0.26889722][ 0.26643875  0.24657417  1.04685675  1.27813173  0.71196352  0.32682046
  0.54364117  0.33390275  0.20644492  0.85002106  0.99236077  0.55587493
  1.17218498 -0.06041838  0.28736148  1.47899521  0.47044367  0.9704323
  0.2272272   0.93589619  0.61799324  0.80428271  0.07810841  0.2809239
  0.87287119  0.07150797  1.111966   -0.43004752  0.76417413  0.71153489
 -0.01978603  0.819027    0.73698631  0.1396424   0.40538981  0.21516513
  0.6275876  -0.10627101  0.13403104  0.83806196  1.08719729  0.41256905
  0.58401634  0.55101181  0.60545679  0.28419998  0.20996989  0.06556136
 -0.24306881  0.15621595  0.98872698  0.5351824   0.81099733  0.3251426
 -0.18535078][ 0.05305509  1.04718845 -0.27029543  0.16299622  0.98891446 -0.24495434
 -0.04989346  0.42956211  0.39213763  0.46316938  0.14266856  0.96840159
  0.21794404  0.14968443  0.72978737  0.69475383  0.64367084  0.71889848
  0.82963649 -0.11807862  0.00885175  1.11677636  0.35614837 -0.17089371
  0.42360903  0.30921615  0.4842023   0.57486833  0.65471597  1.4238181
 -0.03949807  0.80124068  0.83171848  0.48695727  0.61761527  0.68041846
  1.90221139  0.38850166  0.86683028  0.84519088  1.54288299 -0.48135061
  0.47669167  0.86891322  0.24013149  0.90563144  0.71762809  0.0870862
 -0.11784837  0.24763148  0.09938689  0.20788225  0.67234231  0.61342188
  1.07210369][ 0.78988555  0.72148001  1.20361957  0.34312082 -0.08708247  1.28420031
  0.75087376  0.66169434  0.4447122   1.13495929  0.66182912 -0.51315589
  0.13199159  0.36000074  0.55569994  1.01660149  0.7905835   0.09886274
  0.34151908  0.3412097   0.13291233  0.73634202  0.7940479   0.83889677
  0.59536291  1.28636754 -0.39310832 -0.40777541  0.27082362  0.1314217
  1.09680028 -0.33588147  0.54515348  0.82699607  0.19092413  0.27806674
  0.24852751  1.0263975   0.74251529  0.90575536 -0.00951161  0.81165352
  0.45235024  0.73426353  1.1139185   0.00919755  0.24179182  0.77168549
  0.68738623  0.24872996  0.19084985  1.2798556   0.95574916  0.99167799
  0.64505112][ 0.29212022 -0.41904388  1.09085421  0.10382784  1.06881934  0.31359459
  1.33939708  0.35861594  0.0369192   0.63701622  0.20875349 -0.01217056
  0.66185325  0.68207028  0.47881499  1.23501646  0.42078925  0.52517646
 -0.06923831  0.20703576  0.00563145  0.98436451 -0.00919637  0.43191699
  0.47387528  0.09439681  0.41980318  0.91344263  0.25766951  1.086483
  0.37535003  0.16738886 -0.12496626  0.50823244  0.37907937 -0.7903405
  0.12390602  0.52452381  0.29150051  0.45652193  0.0547005   0.40913423
  0.90567902  0.21047846  1.20506907  0.49770946  0.57271538  0.77329121
  0.5173098   0.21724399 -0.28053265  0.16217137  0.18479098  0.14995836
  1.28471777][ 0.04248311  0.37240378 -0.31295532 -0.14814597  0.42754471  0.2974276
  0.57045872  1.06290544 -0.26310367 -0.21727702  0.551056    1.13073641
  0.23851406 -0.17419025  0.73154363 -0.10628357  0.74915054  0.86105566
  0.3537716  -0.02205532 -0.0647852   1.5011182  -0.18897078  0.32316294
  0.57981079  0.36144246  1.30113981 -0.63972548 -0.83512723  1.17132891
  1.02572111  1.1178652   1.27558065  0.02145208 -0.28887429  0.28225427
 -0.64645365  0.30302329 -0.07928667  0.83954675  0.61269715  1.57986385
  0.17458011  0.0342521   0.41188177  0.87102909  0.98790443  0.53120575
  0.19628878  1.24733663  0.49767576  0.24266318  0.6047267   0.42998341
  0.72770435][ 1.0230623   1.31817242  0.3422849  -0.40709765  0.30808027  0.02296923
  0.06301972  0.93887222 -0.12502486  0.18615937  0.7191656  -0.11259406
  1.22422216 -0.38711596 -0.16566909  0.95728785  0.97717456  0.03502744
  0.23063304  0.35696837  1.15154219  0.66767353  0.28786802 -0.08036163
  1.45593205  0.61351443  0.67411765  0.13258333  0.55840589 -0.0024514
  0.82973385  0.97796561  0.53373098 -0.14477011  0.12653217  0.30080126
  1.05458777  0.37094822  1.38993248 -0.26854869 -0.15035521  0.09205392
  1.26344068  0.27356845  0.93505016  1.11473806  1.21473058  1.08457302
  0.9831851   0.65584424  0.22726285 -0.21429481  0.01514853  0.77509969
  0.91612099][ 0.50032184  0.33843219  0.68062416  0.72277794  1.03008046  1.17142053
  0.41386116  0.63823779 -0.14436187  0.20118041  0.10266581  0.71896625
  0.44679019 -0.15682966  0.36865002  0.53009261  0.48663981  0.5462777
  0.57685725  1.02698495  0.16415288  0.87158962  1.35650976  0.6794618
  0.34816967  0.65397884  1.00098311  0.20714892 -0.14653774 -0.06396189
  0.19903999  1.05781267  0.17802635  0.04832061  1.21178977  0.45626165
  0.0527236   0.25960113  0.50758594  0.16699737 -0.34796172 -0.24581902
  0.68570007  0.36265162  0.58109823  0.57261368  0.76569879  0.83154335
  0.53993038  0.65955651  0.27251299  0.95081058  0.36451053  0.57374377
  0.87958372][ 0.26558498  0.37725299  0.02177093 -0.00835927 -0.0361228  -0.00341038
  0.79426786  0.00281286  0.66883238  0.75435877  0.78398397  0.44955888
  0.43803064  0.66241429  0.12928441  0.25588917  0.85637482 -0.00455187
  0.46203762  0.24468216  0.46946533  0.11477222  0.61018561  0.89603038
  0.74606786  0.7771134   0.27891358  0.6028278   1.03974179 -0.10753537
  0.15898135  0.4892271   0.48622135  0.39000877  0.55588323  0.34111496
  0.68773225  0.34833168  0.96347382  0.20045455  0.02589514  0.79481274
  0.46511364  0.0840751   0.98392649  0.85561487  0.23695579  0.91237847
  0.92843006  0.71559186  0.5824936   0.81954222  0.41214007  0.36013993
  0.11599704][ 0.60387713  0.18092544  0.78828896  0.139911    0.88181613 -0.15539332
 -0.52541718 -0.52837908  1.16800413  0.71290577  0.50595228  0.87312296
  0.379169    1.06227031 -0.29504515  0.02681795  1.2726357  -0.10228543
  0.03045742  1.36686232  0.07937016 -0.27995581  1.48068533  0.74748092
  0.17981986  0.39312968  0.80175087  1.2351601   0.06889506 -0.37300186
 -0.10939161 -0.13726428  0.80703703 -0.56048775 -0.00944545 -0.76867415
  0.37275175  0.64126711 -0.00534542  0.77520661  0.81792523  0.28450983
 -0.1562916   0.89835835  1.40394031  0.28622113  0.80374842  0.4166228
  1.4276964   1.1351857   0.45528304  0.62955554  0.20850836  0.65425418
  0.31587951][ 0.22474872  0.57972251  0.61522972  0.8290224   0.75659358  0.70589249
  0.90354101  0.75565065  0.75558766  1.09328974  0.58690534  0.19817365
  0.46807317  0.73381862  0.46759756  0.68529015  0.82058736  0.87438864
  0.38226824  0.23593222  0.17314644  0.87838935  0.62986321  0.1612949
  0.5649371   0.60269771  0.48083057  0.64119831  0.2517756  -0.14637456
  0.30023975  0.2914174   0.75286616  0.85244007  0.11297114  0.83218515
  0.55217452  0.55305765  0.71389262  0.60150259  0.58721753  0.69476546
  0.7702669   0.25281373  0.52168606  0.35497331  0.9738261   0.19800386
  0.503803    0.38302704  0.1560787   0.1100097   0.28803847  0.60221084
  0.51627416][ 0.48377547  0.50727053  0.6319853   0.40976096  0.53858151  0.48928876
  0.75896825  1.40967418 -0.05897065  0.48863241  0.36244708  0.06479314
  0.90971903  0.74029242  1.00129215 -0.01106127  0.45776029  0.61429067
  0.11507534 -0.02942031  0.32171323  0.18269111  0.14523872  0.48546118
  1.08963879  1.27652332  0.61003328  0.88650232  0.49000271  1.08785989
  0.56787469  1.05324156  1.12789729  1.52619579 -0.09270235 -0.30578583
  1.21643496  0.49990649  0.49601474  0.79582437  0.94789645 -0.51802541
  0.413206    0.98242568  0.51108813  0.22892884  0.62905765  1.01640859
  0.39744134  0.54026601 -0.12479914  0.70668282  0.46327121  0.44108801
 -0.12183198][ 0.43625238 -0.02340664  1.43397162  0.11147518  0.38805246  0.6887482
 -0.15038245  0.93381889  0.5221798   0.9204758   0.28026872  0.62551291
  0.54084507  0.42615483  0.78073919 -0.1663348   0.93478821  0.14205234
  0.70860812  0.53748096  0.24412748  0.14889487  0.94448529  0.59389605
  0.71266553  0.2848337  -0.11890544  0.43236975  0.11193347  0.3546096
  0.67856261  0.94961232  0.76794796  0.70039898 -0.06612031  0.35695047
  0.77536349  0.07844909  0.65272234 -0.06484466  0.66329492  1.16006278
 -0.39924249  0.69156484 -0.12024233  0.19160474  0.62641085  0.10710253
  0.37098865  0.76534062  0.65345657  0.1696771   0.33361624  0.34204383
  0.6085446 ][ 0.72712155  0.35187977  0.41651125  0.02967549  0.13310794  0.67154829
  0.23672441  0.6310027   0.68551477  1.00975981  0.67646552  0.80387414
  0.45878987  0.89136962  0.78676282  0.75044031  0.35443537 -0.15297759
  0.4575685   0.35474374  0.6980904   0.41228073  1.0476666   0.31001965
 -0.06617805  0.72232865  0.83334575  0.67340144  0.6980822   0.46770968
  0.96403742  0.09870431  0.17291991  0.51000888  0.33130954  0.82199136
  0.53276754  0.27340808  0.35813098  0.97698813  0.10644903  0.14866242
  0.85588576  0.49144477  0.12296579  0.56264442  0.76996699  0.10882157
  0.33546417  0.92818741  0.0837485   0.97665797  0.98089853  0.17038181
  0.0235742 ][ -3.92511014e-01   1.12067785e-01   4.32411052e-01   4.22751676e-01
   1.71062334e+00  -1.49290041e-01   1.38112282e+00  -7.38156731e-01
   2.14480964e-01   6.13807487e-01   2.49332693e-01   6.82542924e-01
   2.37003662e-01   5.83250484e-02   6.24867120e-01   3.13702832e-01
   1.00079111e+00   4.11628926e-01   3.11248290e-02  -4.31335026e-02
  -1.00456797e-01   4.43630987e-02   1.65828441e+00   3.03291774e-02
  -3.64967799e-01  -2.76088305e-01   1.25568137e-01   1.22034861e+00
  -1.00283522e+00   6.11275694e-01   7.38499785e-01   1.61510642e-01
   4.89047221e-01   1.86977159e-01   3.25249415e-01  -7.32646038e-02
   5.74092705e-01   9.41579702e-01  -4.59707511e-01   9.73553546e-01
  -6.25591041e-01   3.10257053e-01  -9.14025003e-04   8.06676064e-01
   8.20087532e-01   1.91078529e-01   4.91235673e-01   6.34359470e-01
   9.69299888e-01   6.05875601e-01   1.12279066e+00   1.94032286e+00
   9.65984100e-02   9.25876229e-01   2.60990735e-01][ 0.05161692  0.69155611  0.26539257  0.4944876   0.06946617  0.70552423
  1.02301082  1.20709279  0.46293744  0.89087052  0.50359033 -0.52978546
  0.63645448  1.17795475  0.93661931  1.27590699  0.00521879  0.67365608
  0.12313642  1.16382874  1.09324428 -0.01130404  2.1012246   0.21560923
  0.58533646 -0.62448724  1.65322359  0.47071226  0.27815406  0.50314641
  1.21701002  0.00958881 -0.42416114 -0.40851122  1.33310437  1.98528833
  0.78342969  0.70231859  1.08808266  1.21825969  1.02677579 -0.01906617
  0.3983357   0.54897318  0.59843971  0.93738734  0.74170365  1.10260933
  1.10901477  0.09025679  0.66533383  0.17608286  0.16783888  0.81563066
 -0.63751357]
 pesos capa salida[-2.75240333  0.41405159 -4.67153077  2.92394825  2.08050169 -1.98354605
  2.68805271  3.19286838  1.09456723 -0.45814063 -3.37525353  3.12257154
 -2.45054974  3.4797901   0.32727633  2.53183359 -2.57335518  2.20712768
  2.16309013 -2.93729745 -3.0297418   1.68349578 -0.87527567  3.14483907
  0.41284081 -2.05596202  1.85999196 -0.98612995  3.74993175 -4.10182522]
 mejor error93.4855686758165
 precision con todos los datos:0.7914856646394439