pesos capa oculta 1[  8.90674668e-01   2.45739029e-01   1.22315865e+00   5.21335591e-01
   1.49156999e+00  -6.76840498e-01   1.08377312e+00   4.66659451e-01
   9.76650452e-01   9.76412602e-01   1.40754727e-01   7.07751591e-01
   9.44190322e-01   1.13870705e+00   7.66556256e-01  -5.95737697e-01
   6.80041548e-01   2.78262361e-01   5.23697673e-01   7.47422450e-01
   1.03525737e+00  -1.93675897e-01  -1.08910986e+00   5.18286751e-01
  -1.26767589e-01  -7.53272883e-01   5.46925618e-01  -2.26933264e-02
   2.91733044e-01   1.82868029e+00   9.21205227e-01   2.29504931e-01
  -4.72684883e-01   4.17880975e-01  -2.40858834e-02   9.58561138e-01
   5.27548103e-01  -3.37690191e-04   4.49232130e-01  -5.93030098e-01
  -6.99869925e-01   5.32285540e-01   1.17911702e+00   5.67882590e-01
   6.76257821e-01   4.49844654e-01   9.48927239e-01   9.92612719e-01
   7.20709590e-01   1.11377007e+00   2.53492992e-01   3.82745523e-01
   6.31469111e-01   1.38287100e-01  -4.89588294e-01][ 0.29237668  0.25093035  0.77846621  0.76215743 -0.05351962  0.95852433
  0.7555438   0.77655897  0.87055272  0.12074434  0.46671675  0.94309116
  0.51898454  0.58783574 -0.33362802  0.11835873  0.06508974  0.23366127
  0.03261744  0.62262149  0.4388389   0.98733266  0.57264319  0.47134651
  0.74894347 -0.0749718   0.9599451   0.73649523 -0.35310151  0.98737348
  1.08710036  0.3862936   0.47008503  1.29083684  0.65579485  0.19243281
  0.54768801  1.31633864 -0.10896029  0.86043269  1.52615237  0.66593101
 -0.02331667  0.0031097  -0.18384711  0.18958525  0.0512671   0.9333814
  0.71754119  0.96987171  0.39400842  0.95340645  0.49284737  0.0646431
  0.60139897][ 0.72800013  0.36489032  0.95861349  1.16438586  0.20793057  0.90909902
  0.59035605  0.13887014  0.77900563  0.07702026  0.4629053   0.93502295
  0.61253744  0.45165108  1.19924114  0.22206844  0.45276835  0.53225723
  0.52983019  0.65107209  0.4153504   0.82124626 -0.16945209  0.86263426
  0.53466956  0.52283424  0.15641618 -0.59546804  0.85791981  0.80008157
  0.51130271  0.45996655  0.60551129  0.79741571  0.30577354  0.7465559
  0.38110945  0.86872199  0.6986325   0.09734375  0.0549544   0.23374978
  0.41545131  0.438849    0.59151941  0.33301314  0.48352307  0.73290723
  0.34633129  0.60305008  0.76333627  1.02606781  0.59632061  0.87508266
  0.36640312][ 0.50948339  1.05989627  0.04905175  0.80260216  0.3237008   1.06076484
  0.92785241  0.51979646  0.67799125  0.28472161  0.74141956  0.5570161
  0.3702504   0.96831075  0.3402543  -0.01970206  0.03470316  0.84600561
  0.79153853  0.5558413   0.69610642  0.76844291  0.26166451  0.74707483
  0.94590947  0.0226049   0.60640974  0.3812453   0.64208675  0.01550186
  0.52679257  1.03387116  0.64751569  0.1812445   0.43254169  0.9453834
  0.54081935  0.09192176  0.37261097  0.73178449 -0.05127681 -0.18164475
  0.83346226  0.20268811  0.79136492  0.67227693  0.65079522  0.54387079
  0.60101101  0.29876957  0.27506485  0.32577026  0.19816204  0.015112
  0.59126485][ 0.76615792  0.17942253  1.07780073  0.65392802  0.21932216  0.16977861
  0.66250865  0.02906031  0.15821297  0.87642233  0.03738345  0.44583715
  0.12788312  0.84370963  0.16132849  0.47550295  0.42699457  0.57712674
  0.88451172  0.40012774  0.76125372  0.96633935  0.10821419  0.79821192
  0.80236796  0.76553395  0.04955251  0.78696812  0.2198845   0.8830517
  1.04145701  0.06355804  1.03056216  0.08147614  0.43428062  0.26836781
  0.82792755  0.87744661  0.92466173  0.22821988  0.93276917 -0.01032323
  0.76033849  0.84554464  0.76097759  0.70231548  0.49106011  0.33466299
  0.43858513 -0.00322415  0.46190805  0.64884521  0.48989813  0.97216625
  0.52117996][ 0.42771999 -0.22154139  1.08274968  0.85802981  0.28393888  0.67792722
  1.01315912  1.3886556   0.64416729  0.49984452  0.37455038  0.65736716
 -0.06025354  0.06103455 -0.4545432   0.43276932  0.2244838   0.8503639
  0.26818431  1.46785452  0.71175273  0.6650622   0.58097423  0.02393008
  0.08729006 -0.87654424  0.32444557  1.78073169  0.3380753   1.01721995
  0.2176345   0.52792825 -0.11974866  0.9764244   1.39316879 -0.12566843
  0.42237046  0.04503994  0.82821594  0.15130572 -0.27729525 -0.30280035
  0.69783006  0.01253345  1.71638827 -0.22772553 -0.07634063  0.09811961
  0.85231072  1.0015416   0.29251416  0.81631663  0.6568613   0.17210115
  0.69287392][ 0.4963221   0.32255386  0.31145993  0.2213735   0.63640614  0.45185968
  0.69822192 -0.03716435  0.39395406  0.43962086  0.27781365 -0.04298818
  1.23247839  0.71299028  0.32217168  0.4338987   0.4884645   0.36212493
  0.75138065  0.39082466  0.48622045  0.92443227  0.66080767  0.54146651
  0.48986823  0.60237598  0.67364744  0.20117082  1.12390724  0.90963356
 -0.12247724  0.64906748  0.5007701   0.52102741  0.94269436  0.77498734
  0.98105857  0.69715871 -0.02800281  0.88372383  0.54424184  0.64575904
  0.69836528  0.46340521  0.4999418   0.7911473   0.35058585  0.59586193
  0.82753479  0.80429345  0.38633693  0.96200053  0.13293808  0.36630788
  0.70722092][ 0.50599455  0.84689749  0.54717548  0.34243963  0.12321829  0.24657439
  0.49741861  0.49392543  0.69074645  0.39447848  0.87374004  0.57390329
  0.85713235  0.35535263  0.8695546   0.62195323  0.83336365  0.65337666
  0.23755047  0.25913415  0.28817079  0.12190316  0.56879199  0.85249903
  0.46175549  0.65889435  0.60728827  0.38037225  0.37115145  0.21340091
  0.48887306  0.71472274  0.58557159  0.38913892  0.1212522   0.74874021
  0.120189    0.99122922  0.03535023  0.29615469  0.94499211  0.9151903
  0.70093835  0.86135051  0.56494884  0.46323194  0.8315431   0.90245501
  0.86735546  0.62583468  0.4679366   1.00765249  0.42550285  0.91782453
  0.77006641][ 0.51906724  0.35351843  0.99023735  0.24462571  0.45241632  0.26817685
  0.26318033  0.33285204  0.74455217  0.95892321  0.01203225 -0.10669528
  0.53208115  0.53901483  0.5436934   0.05761984  0.6389256   1.05764833
  0.2240153   0.91482515  0.44010572  0.14624208  0.89942924  0.95512615
  0.5282352   0.71950284  0.40552156  0.08783621  0.60783842  0.47165155
  0.5944395   0.80867798  0.04690305  0.82532557  0.38774288  0.1561025
  0.654632    0.86796174  0.6355055   0.29120389  0.74038794  0.73785034
  0.17634983  0.59903471  0.38160526  0.15781211  0.59558348  0.37525458
  0.13108878  0.56990741  0.43184993  0.65411515  0.61202556  0.70339558
  0.16861555][ 0.06685818  0.25027938  1.30370592  0.31763378  0.24928903  0.74381344
  1.06659194  0.14594467 -0.23692374  0.84033005  0.41142758  0.75942925
  1.04825446  0.26324701  0.17739662 -0.23149147  0.92476598  0.70498326
  0.02448576  0.96695872  0.99758497  0.74594828  0.55705821  0.39196522
  1.03377891  0.88082781  0.22940253  0.55104832  0.46641513  0.38125872
  0.92004285  0.52285778  0.59633576  0.68851238  0.4864693   1.06969234
  0.530286    0.43369081  0.9740903   0.57535968  0.65779893  1.0738263
  0.24836192  0.30494032  1.08988047  0.19204476  0.46009209  0.15302006
  0.46924703  0.08193818  0.82927955  0.35007163  0.07823551  0.29483135
  0.30935035][-0.0419904  -0.04110727  0.87148181  0.99142348  1.53874069  0.55729202
  0.80801273  0.89204188  0.01646157  0.79032436  0.72988402  1.08093042
 -0.11079775  0.85627191 -0.27805194  1.89606828  0.23986823  0.57291977
  0.68286986  0.55149575 -0.07563703  0.93631078 -0.14445269  0.73610821
 -0.05524558  0.1716359   1.06196057  1.11179425  0.72064469  0.79514365
  0.25749833 -0.06379733  0.7782167  -0.10168972  1.03842355  0.25369083
  0.9204557   0.89639811 -0.02985742  1.32679486  1.15391425  0.37580615
  1.1895554   0.41637241  0.72529048  0.9508291   1.05306644 -0.44161503
  0.86116119 -0.04429915  1.07110867  0.57073296  0.776662    0.75167896
  0.23919371][ 0.03088356 -0.41769395 -0.4295009   1.08731824  0.42511887  0.3280489
  0.85044522  1.40520393  0.81039407  0.51988764  1.36319174  0.2737803
  0.12656192  0.5165392   0.66058947  0.43957842 -0.03201797  0.39207065
  0.21451498  0.37266307  1.66866161  0.28406836  1.24610242  0.37572114
  0.40624232  0.97053734  0.56486043  0.53771735  0.51262129  0.55517846
  1.21235321  0.93275012  0.16038778 -0.1846843   0.85272535  0.66499849
  0.41691256  1.10194434  0.28181707  0.6459423   0.07244413  0.59143902
 -0.7110741   0.54936736 -0.04298116  0.7622483   0.46613328  0.41481905
  0.48254339  0.57248572  0.3997826   0.46803382  0.09647342  0.12713285
  0.3078332 ][ 0.24168671 -0.21181703  0.9181355   0.07043357  0.40075559  0.39051765
  0.99258727  1.12903064  0.67724414  0.49675316  0.03179749  0.06378497
  0.38312063  1.22284805  0.23696395  0.99262483  0.97657208  0.50824584
  0.51734605 -0.07269889  0.61235831  0.72399204  0.47149591  0.86728856
 -0.13875957  0.12717624  0.38255849  0.10752422  0.60049654 -0.06485755
  0.95173078  0.88179488  0.71108858  0.53209745  1.275946    0.61056203
  0.54185292  0.88834504  0.5101965   0.48012465  1.14289622  0.41815019
  1.29441462  0.59946982  0.03625968  0.00876026  0.27072374  0.71405389
  0.85285407  0.7955096   0.07940995  0.5372691   0.41419825  0.25244572
  0.44902639][ 0.36080556  0.557922   -0.09935584 -0.00584271  0.7712558  -0.57793727
 -0.01310729  0.56240968  0.15262538  0.0168593  -0.24699406  0.40226458
  1.00230407  0.37885524  0.46944472  0.00979616  0.33806991  0.96543733
  0.71086798  0.49970662  0.68014797  0.16595793  0.18600265 -0.03075014
  0.7158402   0.75287475  0.6535804   0.62405594  0.46950924  1.04027437
  0.36455412  1.0404059   1.01802452  0.38701938  1.62152639  0.42845698
  1.11138313  0.33321043  1.29773826  0.26632383  1.13491015  0.62104076
  0.51202545  0.20435034  0.33590279  1.20054551  0.1038148   0.97436965
  0.80168283  1.1223966   0.8524825   1.01016099  0.95686158  0.70850059
  1.35598726][ 0.87060328 -0.05458847  0.87212234  0.23614942  0.93580367  0.75584159
  0.8789757   1.09457308  0.26742322  0.88404659  0.49872793  0.558635
  0.23041764  0.57159701  0.34289086  0.69242778  0.47810444  0.60773931
  0.54099565  1.04997046  0.50808448  0.41700543  0.76496374  0.35483647
  0.86974234  0.60768337  1.09399172  0.28140709  0.24437088  0.31588425
  0.52134689  0.01400283  0.32483466  0.23934231  0.6208361   0.56810666
  0.9767347   0.96616025  0.60721474  0.15002911  0.20345783  0.45351969
  0.64032032  0.97896     0.30215696 -0.00336614  0.76293477  0.32795364
  0.91628459  0.64743223  0.23503319  0.21896367  0.69609695  0.36375337
  1.03784362][ 0.22155725  0.44582447  0.21405537  0.88455775  0.76973228 -0.12917394
  0.96319302  0.41322887  0.70026675  0.2908297   0.98343397 -0.30127882
  0.37267575  0.0317793  -0.02474966  0.83461361  0.97719123  0.18865258
  0.46322815 -0.16242281  0.02687334 -0.08860546  0.8261258   1.06589588
  0.73022394  0.52660814 -0.20187101  0.59039854  0.12052923  0.02687064
  0.01563676  0.12736415  0.53828553  1.11210428 -0.51198532  0.47844513
  1.34304187  0.15003799  0.2450367   0.82712839  0.09467558  1.03034453
  0.38419765  0.39721217  0.90951307 -0.14961745  0.06447285  0.10536878
  0.08309026  0.65910519  0.69644529  0.82711496  0.08302252  0.36517265
 -0.07820909][ 0.35267553  0.92646927 -0.03886656  0.71512611  0.2498003   1.40027731
  0.8706405  -0.20870827  1.1099269   0.57114235  0.22326389  0.97587675
  0.04568862  0.26466689  0.51595377  0.47225172  0.25960148 -0.00685817
  0.88565266  0.84294734  0.54865794  0.02058037  0.01699167  1.02386669
  0.41950394  0.26285519  0.93225448  0.26177013  0.76011956 -0.19593612
  0.94352784  0.80126374  0.86521937  0.99116271  1.12885332  0.08876632
  0.84435947  0.53713206  1.46862148  1.21009842 -0.06229463  0.91690156
  0.38248616  0.77131643  0.41015364  0.6342503   0.45638324  0.90322163
  0.11400248  0.51790641 -0.18862155 -0.098672    0.1917858   0.76095029
 -0.09166205][ 0.46570998  0.98657435  0.91791149  1.0332465   0.17909414  0.68214171
  0.82397423  0.34246659  1.06403737  0.24934123  1.10555621 -0.08006238
  0.44324107  0.68533405  0.59834753  0.279618    0.5630557   0.56393177
  0.34926377  0.20707853  0.94335373 -0.26535705  0.38371874  0.18981123
  0.10969152  1.44953018  0.76496455 -0.39309189  1.17301598  0.46760964
  0.81062947  0.3343438   0.90722169  0.52164129  0.14265157  1.07932369
  0.96207002 -0.03469371  0.48809344  0.33029407  0.63599437 -0.03071941
  0.26125643  0.72432901  0.58616762 -0.04483861  0.08530122  0.03082124
  0.48835651  0.70522819  0.10129237  0.17642045  0.49361864  0.89969682
  0.85783634][ 0.02227897  0.4775054   0.32071713  0.57685317  0.2767178   0.03046645
  0.5967533   0.99761908  0.47065122  0.18335465  0.72312857  0.18201347
  0.2542049   0.68318656  0.63788389  0.8405433   1.03029049  0.13319618
  0.3546886   0.86936964  0.7705322   0.82859918  0.59341398  0.85412636
  0.55473794  0.4619892   0.90047307  0.97698054  0.57241641  0.95430446
  0.66287401  0.18984372  0.93962858  0.06823567  0.06311063  0.19429661
  0.51739305  0.02881159  0.53804546  0.41993363  0.07911883  0.43130411
  0.30668347  0.82655707  0.69068259  0.39321844  0.13739191  0.88111821
  0.13666777  0.58965053  0.45362434  0.97095759  0.02653149  0.53139121
  0.95619151][ 0.12489308  0.2444055   1.16673682  1.28247668  0.39572934  1.1210913
 -0.68163434 -0.61843997  1.05798049  1.21912741  0.96054628  0.00767687
 -0.34176351  0.21667132 -0.31990891 -0.57429627  0.89258744  0.52026452
 -0.51095136  0.5685155   0.13429439  1.46716601  1.22102329  0.47943268
 -0.05294562  0.56800704 -0.7867225   0.82034337  0.06917076  0.31216123
  0.26298898  0.08821211  0.8951308   0.23922187  0.99120925 -0.7376671
 -0.4604237   0.5525461   0.67523817  0.58660421  1.21603069  0.61230702
  0.11731994  1.01738788  1.52433088  0.02863279  0.16946127 -0.53899117
  0.72748827 -0.10586077  0.5888667   0.11695976  0.05426551  0.78774921
  1.14513006][ 0.35626784  0.66516806  0.03425071  0.51928431 -0.18459225  0.72806103
  0.720991   -0.05137939  1.34198864  0.40562656  0.03168535  0.86482196
 -0.08883242  0.79176176  0.27049478  1.2178278   0.63188873  0.67283509
  0.39150777  0.25811571  0.80289622  0.1918352   0.49091075  0.94272176
  0.8646566   0.76361154  0.21724312  0.83441109 -0.08770438  1.08709951
  0.96435645  0.2488329   1.07892776  1.12545385  0.36525827  0.00379667
  0.36022522  0.1105479   1.09135677  0.96365872 -0.15524084  0.06233809
  0.48119335  0.49901579  0.05681173  0.90258538  0.54166124  0.94583641
  0.8660039   0.22923245  0.63651306  0.36381743  0.67259751  0.89570021
 -0.02544184][ 0.90150453  0.55615746  0.33061662  0.00552371  1.12385349  0.02489062
  0.55690447  0.50978294  0.46596134  0.71719558  0.53574751  0.76025951
  1.0769245   0.82648755  0.25927746  1.0860554   0.29494649  0.18875684
  0.71142337 -0.00838203  0.27688054 -0.05835686  0.79254017  0.42198577
  0.78679643 -0.02142839  0.69152069 -0.17469186  0.18495754  0.23399218
  0.66462757  0.6873753   0.73634107 -0.02452335  0.38439385  0.07686614
  0.26355747 -0.09270378 -0.12342329  1.08259623  0.19481452  0.00327111
  0.10389929  1.32177432  0.32121252  0.29569594  0.95865048  0.34360855
  0.57293686 -0.06547328  0.1263948   0.42047263  0.54683729  0.3818273
  0.88862962][ 0.07133874  0.48956024  0.40750774  0.96914899  0.38924994  1.20778181
  0.11629816 -0.11216925  0.70675171 -0.10387387  0.31165772  0.49176224
  0.4057544   0.62737859  0.67645962  0.99256487  0.31969996  0.53945871
  0.56175117  1.02736323  1.38205534 -0.86174738  0.14090211  0.86822189
 -0.17598266  0.2162782   0.41080257  1.47440872 -0.17984398 -0.07201397
  0.16629249  0.9092931   0.2128789   1.07342084  0.83743656  0.52541001
  0.26238381  0.68046974  0.84990315  0.27783083  0.19176627  0.67522892
  0.57271997  0.74204041  0.60881093  0.92944154  0.54916442  0.87687981
  0.76950711  0.60828784  0.01612091  0.69102616  0.98119215  0.83355898
  1.2054834 ][ 0.57677367 -0.01786602  1.58745184 -0.37958324  0.88687306  0.19839845
  0.01235129  0.86562951 -0.35097218  0.79995246  0.17950549  0.52476635
  0.33920687 -0.02448269  0.50867847 -0.10668466  1.38868247  1.24403998
  0.35808188  1.34856204  1.0802686  -0.0667327   0.46664544  0.9330556
  0.23235601  1.07787136  0.50080316  0.15788255  0.30050028  0.1340972
  1.22022419  0.95636551  0.14220074  0.14937704  1.16939266 -0.3530897
  0.32611916  0.83070746  0.35970538  0.55736218 -0.08167777  1.62053925
  0.04933982  0.08382197  0.24593025  0.59379521  0.48546228  0.61947252
  0.40383657  0.73261449  0.41457179  0.4962514   0.55364877  0.41240057
  0.05366988][  7.69646520e-02   3.96467592e-01  -5.86443317e-04   3.07507346e-01
   3.68495370e-01   7.21434588e-01   5.58387876e-01   1.10595733e+00
   2.44327434e-01   6.51993841e-01   3.20182498e-01   3.65315174e-01
   8.94913049e-01   2.60121895e-01   5.45624810e-01   6.62565268e-01
   1.11502834e-02  -1.26306419e-01   9.72184683e-01   8.59554159e-01
   7.40314110e-01   7.36658951e-01   5.11288597e-01   9.96495132e-01
  -7.32426654e-02   4.65285944e-01   1.11523013e+00  -5.22457261e-01
   1.23782296e+00   6.19032033e-01   1.11131799e+00   4.53474290e-01
   6.77624202e-01   1.80293884e-03   1.26264223e-01   4.52191644e-01
   2.51943536e-01   1.50885009e-01  -3.85041596e-01   1.28894120e+00
   8.92046045e-01   1.02930433e+00   5.04241750e-01   7.41576649e-01
   1.34033530e-01   9.52153449e-01   5.43319267e-02   6.42023274e-01
   9.40516207e-01   1.47500918e-01   8.35845123e-01   8.09084675e-01
   5.88588915e-01   5.90726494e-02   5.68108009e-02][-0.06100241  0.12270028  0.67586179  0.47544369  0.35578806  0.76876911
  0.60239828  0.42601346  0.10044617  1.13415333  0.22232029  0.34093259
 -0.03324272  1.01769923  0.34167357  0.3086045   0.37661682  0.2548121
  0.44696884  0.17999118  0.51641689  0.58679372  0.72061541  0.27782286
  0.24751829  0.66626371  0.38344391  0.11118093  0.90383187  0.23934364
  1.09938179  0.38990014  0.52468406  0.82288092  0.85811654  0.60051185
  0.0884681   0.21898096  0.60332747  0.92771882  0.18900407  0.29327249
  0.34719737  0.68455276  0.13192464  0.45859285  0.35796812  0.77325856
  0.12486279  0.75858322  0.20766753  0.31309918  0.30057374  0.59105833
  0.462882  ][ 0.18247925 -0.17384209  0.90996777  0.91446304  1.01528277  0.17517266
  0.16545668  0.07473651  0.39829554  0.79395422  0.26969175  0.79871022
  0.4147415   0.15343909  1.13068336  0.9959201   0.75415421  0.72625508
  0.8836338   0.00176923  1.15349984  0.38825043  0.76202632  0.91118238
  0.18923024  0.89248467  0.42441374  0.9507406  -0.13841067  0.79011655
 -0.00333316 -0.66757042  0.75069976  0.57803267 -0.00642977  1.06563836
  1.25372513  1.08155877 -0.48890304  1.08630916  1.74479311  0.50996469
 -0.54559     0.23392158  0.58199609  0.01214281  0.5756476   0.08128869
  0.8012232   0.60106235  0.05651365 -0.24899372  0.19601769  0.84056742
  0.17220967][ 0.46504372  0.89911849 -0.38810188 -0.33214536  0.75089618 -0.49116763
  0.64945845  0.67114038  0.44191017  0.54841212  0.30771741  0.63974361
  0.27281418  0.69130127  0.9153397   0.84616691  0.2110715   0.10543737
  0.63679897  0.04931108  0.56131869  1.21486749  1.17930404  0.67294701
  0.36340512  0.45026088  0.86085867  2.04963513  1.49187518  0.95963957
  0.87790221  0.86300699  0.26144568  0.05272611  0.64756692  0.66821868
  0.19927743  0.37800007  1.36341141  0.48661135  1.53139886 -0.50151953
  0.76333752  0.98818876  0.49445172  1.58321972  0.29985256  1.42065049
  0.5293667   0.4557174   0.62233789  0.31559475  0.7381814   0.04348673
 -0.17769594][ 0.62122994  1.78303435 -0.16255503 -0.17434326 -0.79516982 -0.17340647
 -0.6089568   0.71658879  0.70022238  0.98376849 -0.20923217  0.09373899
 -0.26618073  0.2645954  -1.76675947 -1.86668274  0.11635453 -0.86870952
 -0.54476149 -0.09243306  0.39898032  0.13169157 -0.30539435 -0.06658402
  1.64170836 -0.82078743 -0.36055181 -0.16920675 -0.61382696  1.56950231
  0.44734743  1.08091071  0.3351662  -0.19145861 -0.73393736  0.22800505
  0.68475824  0.36011228  0.55132656  0.32050507  0.25080017  1.14745616
  0.895106   -0.18607006  0.22256703  0.981752    0.90437416  0.71597387
 -0.80139607 -1.65647398  0.35737298 -0.5801498   0.06216491  0.70872367
  0.73877939][ 0.46315685  0.38584654  0.85639149  1.25084837  0.07087946  0.90886599
  0.5415122   0.73479528  0.39999992  0.32795427  0.85803546  0.19301436
  0.95161659  1.02871931  0.74408093  0.59235621  0.18203498  0.43947205
  0.04831739  0.97557656  0.81068529  0.50698586 -0.23840335  0.60037353
  0.67500982  1.09684174  0.1596175   0.50214941  1.12161665  0.75999149
  0.82170342  0.71008248  0.23467404  0.19109407  0.45232761  0.87412476
  0.59202719  0.1906247   0.04117144  0.68555668  0.41396136  1.29956945
  0.861594    0.06712876  0.39154751  0.31967135  0.30070149  0.29743113
 -0.23586094  0.01711681  0.60832768  0.4699536   0.34181832  0.1347858
  0.41686428]
 pesos capa salida[ 3.61842248 -2.05766134  1.51315042 -0.73118751  0.33738271  3.13333375
 -1.14349299 -0.23615682  0.57116176  1.45016038  3.08356905 -2.52236562
 -1.85730264 -2.73767853  1.21076223  1.68854363 -2.26224699  1.76067727
  0.01135714  3.42358587 -2.04589464  0.99470424 -2.27319001  2.5925447
 -1.80029517 -0.80967911  2.61166714 -3.44778935 -3.21901826  1.671733  ]
 mejor error87.21398491329244
 precision con todos los datos:0.7966985230234579