pesos capa oculta 1[-0.02425668  0.81220584  1.98058785  0.16182479 -0.43811687  1.52391661
 -0.23336996 -0.1982255   0.34442059  1.67587598  0.30416477  0.29315607
 -0.97128315  0.47053169  1.4844756   2.36854389  0.98859161 -0.11579569
  1.27321717 -0.4767802  -0.75872154  0.87915414 -1.36497196  0.40061343
  0.30682577  0.96969595 -0.08626207  1.14475145 -0.74992612  0.92188702
  0.36090145 -0.48599543  0.57950485 -0.5161544   0.94340982 -0.83560448
  1.12702342  0.76329892 -0.68926563 -0.83420383  0.349722   -0.01241691
 -2.21511984  1.04634724 -0.45913682 -0.82879453  0.24600998  0.32446363
  0.05028467  1.30682977  0.29410715  0.46540552  0.61087443  0.6367744
  0.33243374][ 0.80012834  1.15905837 -0.83145633  0.71344284  1.06546764  0.01877191
  1.11684317  0.37459325 -0.22695389  0.23941637 -0.18783095  1.19905798
  0.57236302  1.17775541  1.3678398   1.15398749  0.69347591  0.13057838
  0.78507107  0.19370274  1.83457989  0.72205519  0.84774762  1.43045006
  0.06262471  0.65614372  0.57188841  1.29853551  0.7221555   0.9954463
  1.5208514  -0.18565503  0.44776827  0.1327224   1.32046004  0.44247467
  1.04149573 -0.20236535  2.58290464  0.84188225  1.90902688  0.87751776
  0.56036457  0.50161928  0.32324107  1.26996715  0.35556388  1.3490251
  1.46066394  1.07831714  0.98205106  1.68986366  0.7190612   0.24377187
 -0.53347989][ 1.24177422  1.4267781  -0.63862884 -1.38408642  0.20317114 -3.0338084
 -1.24746652  0.86370464 -0.07359708 -0.78056301 -0.91223268  1.08583586
  0.06704571  0.17294888 -0.37124145 -0.39883955 -0.80275128  0.67225139
  0.01620509  1.63248043 -0.0256456  -0.26236055  0.30288014 -0.42641042
  1.91050493 -2.18550561  1.52947932 -0.96642826 -1.09207466  0.1331634
 -0.80247124  2.67205716 -0.095386   -2.0783376  -1.09915001 -0.70623294
 -0.42427178  0.11858767 -0.05029449  0.36597353  1.02749072  0.95436869
 -0.72977576 -0.10739555  0.51646588  1.3945808   0.06675745  1.23215436
 -1.81843996  0.32217344  2.36310949  1.54678973  0.01825105  0.88716608
  0.98587682][ 1.02743135  1.4426717  -0.59705246  0.6276029   0.09160411 -0.17709405
  1.26875991  0.57532197  0.37919169  0.29562498 -0.17534111  0.60839214
  0.19644731  1.35995445  1.0831306   0.38322723  1.00959486  0.55827166
 -0.08002398  1.83527868 -0.63308402  1.38429718 -0.00794494  1.16646881
  1.44351108  0.82896954  0.4856237   1.8566604  -0.03909102 -0.20310331
  0.45993102  1.91096395 -0.18442012  0.82899709  0.90680953  2.11919291
 -0.59277226 -0.26336677  1.6773697   1.19724874 -1.1965558   0.72881265
  0.29738771  0.24834741 -0.02811403  1.21756326  0.95567169  0.89500979
 -0.29371317 -0.44447542 -0.44611098  0.79661469  0.15388701  0.41141549
 -0.1235669 ][-0.050683    2.09899838 -0.34367981 -0.09116969  1.17230602 -0.25218218
 -0.0484624   0.68634794  0.75845185 -0.21241859  0.58335451  1.24502551
  0.67660538  0.72771688  2.21475348  0.24764534  0.24413392  0.53066378
  1.06700877  0.97536981  0.76941942  0.21979238  0.70108842  0.23625743
  0.70406075  1.38948657  0.30349274  0.48231169  0.36266618  0.33947354
  0.66165068  1.35858867  1.33641531  1.44105771  1.67581378  1.3776094
  2.03510038  0.71141857  0.93505649  0.59774004  1.88596303  0.84630859
  0.56668228  0.71685506 -0.50660173  0.46578772  0.89618844  1.05435128
  1.23772055  0.49592241  0.32180067  0.61567267  0.65411232  0.80631299
  0.96214165][ 0.33554746  1.15361418  2.28616966  1.43263793  1.85588133 -0.07167579
  2.08105249 -0.06280981 -0.28466988  1.56155462  1.18695963 -0.31262938
  1.51747117 -0.34700213  1.14636554 -0.8881107   1.3783785   1.30504747
 -0.45677109  0.59405602 -0.1177391   1.19711867  0.84114854  0.37336402
  0.73092255 -0.00774739  0.12903422  0.15923813 -0.38977669  0.07593064
  0.79351026  0.02954687  0.77526229 -0.26026245  2.56144418 -0.80609805
 -0.31038247  0.93182637  0.19694444  2.03456229  1.1744688   0.73445054
  1.73212074  0.14396515  0.33632399  0.22842598  0.3865307   1.05928715
  0.56026197 -0.65434839 -0.03628096  0.4443199   0.15529211  0.67861281
  0.90476153][ 1.0069498   1.11555708  0.12567829  0.4209786   0.52578823  0.4494464
  0.27244838  0.47083921  0.36278382  0.54116253  0.46759036  0.33956265
  0.66838604  0.74534934  0.93704275  0.53629896  0.64800653  0.51736388
 -0.06023763  1.00030691  0.28057392  1.11036661  0.9583521   0.93448221
  0.50012259  0.91553205  0.99046878 -0.25175194  0.65242097  0.35043007
  0.88546599 -0.00373128  0.56401662  0.29337517  0.46372096  0.4042761
  0.65107046  0.63913694 -0.07266154  1.1033758   0.27687345  0.21511663
  0.92793416  0.14161657  0.39284602  0.18840541  0.36967584  0.66189494
  0.64497109  0.34972782  0.44761554  0.32444552  0.4184998   0.52661514
  0.58898237][ 0.14957466  0.78202749  0.23179326  0.90052626  0.6487692   0.5313005
  1.07985872  0.4730547   0.07748839  0.44991434  0.4609024   0.44539478
  0.226711    0.60210352  1.15133481  0.29579558  0.94404058  0.66970318
  0.35984252  0.42781746  0.99482733  0.20286497  0.59038645  0.05230218
  0.45820958  1.0051429   0.32121318 -0.82954368  0.48488889  0.99035477
  0.22119732  1.18355479  0.03216062  1.20697066  0.0292832   0.75334711
  0.822807    0.20512226  0.48619097 -0.32604619  0.64090251  0.4619536
  0.26695588  0.30919534  0.17157852  0.89615254  0.34578871  0.68616092
  0.72549304  0.7838565   0.42670254  0.58592843  0.91045239  0.87716416
  0.22341939][ 0.93833431  0.21647996  1.62690817  1.21840778  0.92588545 -0.44715753
  0.20636664  2.91649934 -0.76786192  0.32450674  1.58923367  0.98792573
 -0.08422665 -0.2247385   0.15637302  0.24940396  0.92361687 -0.01003345
  1.23251456  0.88950438 -0.3503623  -1.09495418  1.09875753  0.33070143
  0.48380186 -0.12664111  1.23192584  1.7086002  -0.19983363  0.19951453
  0.07635796  0.10617524 -0.11462816 -0.40794526 -1.2811404   1.89431094
  1.81848677  0.2310389  -0.80004735 -0.61404689  0.60115454  0.76194084
  0.52110702  0.19098609  0.33667261  0.0043914   0.29388535  0.87690731
  0.476857    1.90079891  1.37049555  0.2438293   0.90339723  0.16338838
 -0.78560629][ 0.33937517  1.94806167  2.16276799  1.43225911  2.49221545 -0.73195814
  0.56543848  0.75004307  0.51924348  1.32783499  0.73962461  0.51158257
  0.65062136  3.09235297  1.08220765 -0.20787236  0.25027332  0.69018945
  0.46882972  1.38838204  0.12580233  1.23233395 -0.30744159 -0.11868125
  1.00308297  1.07915849  1.78831756 -0.31998468  0.30408991 -0.03831515
 -0.49921468  0.79786919  0.01986729  0.33234755  0.32582179  1.3596638
  0.17525179  0.70745899 -0.32589605 -1.95403148  0.70343501  0.91039584
  0.72304665  0.14494639  2.71891735 -0.69559029  0.2998893   0.12140439
 -0.07527517 -0.09704535  1.35548065  2.67301221  0.98158296  0.74154974
  0.5501568 ]
 pesos capa salida[ 6.08216384 -5.38775262 -3.88069603 -4.47679226 -4.4283881   7.09690723
 -1.13053415  1.2806307   4.84748082  6.50856308]
 mejor error88.04207147593753
 precision con todos los datos:0.8140747176368376