pesos capa oculta 1[ 0.60059591  1.36197201 -0.60528876  0.01469686 -0.36821679  1.67176332
 -0.71347291  0.042521   -0.12803932  0.00605968  0.24550653  0.64991833
  1.54733967  0.20509462  0.72465782 -0.60816439  0.30304101  0.43690352
  0.57680523 -0.56886104  0.64702038  0.56216456 -0.78059285 -0.03017572
  0.13926114  1.13273048  1.76723985 -0.70079294  1.22813139  1.27326063
 -0.2198433   2.28918546 -0.0840653   1.21152936  0.49147336 -0.51552961
  1.38968991 -0.27530031  2.14585216 -0.31999732  1.09542644  1.31470706
  1.13924014  0.25570201 -0.86317798  0.71807932  0.87791785  1.2288366
 -0.71841074  0.14306752  0.29349837  0.98521889  0.41285095  0.0224155
  1.34407065][ 0.74703622  0.71037821  0.99588315  1.49193176  1.0633478   0.48497014
  1.30785826 -0.84313672  0.19344154  0.97220108  1.19047982  0.3420705
 -0.11477146 -0.10921214  0.74716481 -1.17517738  0.53996075  0.3643963
 -0.98724474  0.98798942 -1.30077103  0.11908273  0.56964136  0.41238955
 -0.43412518  0.58557533  0.75477019 -0.11875289  1.42322418  0.94544073
 -0.25394389 -0.60475062  0.98206892  1.11107082  1.27744784  1.09096379
  2.44227224  0.0234299  -0.18410125  0.27111816  0.06652268  1.74213441
  1.39685874  0.71562923  2.01049862  0.49822242 -0.1138694   0.76009357
  0.93610326  0.91136748 -0.1959873   0.10840731  0.36665096  0.35644277
  0.74520919][ 0.45953604  0.54925102  0.95904299  0.54029425  0.15867623  0.11414028
  0.31565934  0.07773111  1.05288125  1.16415295  0.50677175 -0.13554084
  1.07240619  0.71543486  0.05859879 -0.10327122  0.97457943  0.77684434
  0.00726483  0.66673374  0.53720092  1.1206473   0.20275001  0.26313
  0.89727412  0.44399745  0.95373484  1.0514512   0.26325101  0.35207571
  0.30311313  0.77225508  0.23773836  0.66378799  0.37689452 -0.20967013
  1.14239325  0.14548172  0.29538504  0.35960662  0.60221156  0.80897442
  0.14554293  0.89744924  0.1578043  -0.12784207  0.62077451  0.99990638
  0.86160657  0.72032293  1.13814315  0.90255651  0.65761821  0.20034551
  0.86426314][ 0.01413825  0.53214163  0.42216378  1.0727359   0.63030374  0.20502681
  0.67920888  0.96680624  1.3701856   0.49878467  0.71068263  0.21114694
  0.6064992  -0.05782178  0.30794836  0.83850633  0.89326189  0.84852271
  0.928924    0.16389344  0.56023727  0.60566962  0.64637206  0.36607078
  0.26406887  1.26348654  0.65598506  0.81292191  0.6298046   1.25342411
  1.17550913  0.86053817  0.52563533  0.10775378  0.86757439  0.58718198
  0.25525691  0.88486323  1.13312383  0.65672611 -0.02537311  1.02468196
 -0.00739839  0.53014044  0.10965783  0.50706452  1.03246407  0.22442336
  0.90515911  1.12353317  0.76628603  0.46321036  0.86048766  0.75620823
  0.70366427][ 0.75196713  0.21187007  0.31618396  0.5884382   0.15482579  0.1344612
  0.09087694  0.16410806 -0.15221252  0.97661107  0.37496163  0.85346459
  0.83545805  0.19066392  0.60132544  0.1378824   0.70676206  0.77006945
  0.85222269  0.88600069  0.19926296  0.96053138 -0.13267206  0.45258563
  0.6453327   0.61829675 -0.05551161  0.45916878  0.32684236  0.864853
  0.77136809  0.7932949   0.51300061  0.0719972   0.25173794  0.60575725
  0.87044364  0.12772663  0.09305479  0.47203116  0.56085315  0.72406171
  0.48540933  0.51386763  0.1124438   0.59916666  0.91979005  0.23850902
  0.24892507  0.85171417  0.35400283  0.87406176  0.09731491  0.60226475
  0.65020771][ 0.24506692  0.65963109  0.48093663  0.00849507  0.59215342  0.8497217
 -0.36349311  0.67469526  0.47985495  0.86762182  0.5311646   0.06381904
  1.35592275  0.79428461  0.86277681  1.32154221  1.0695898  -0.16287204
  0.56424897  0.9905813   0.75138426  1.0525446   0.76799875  0.42766185
  0.01437775  0.93132598  0.49575293  1.38681783  0.9507906   0.16363943
  0.793748    0.38392333  0.41656159  0.72614676  0.8128729   0.98124181
  0.59843066  0.96466631  0.84526214  0.7031217   1.14738588  0.298927
  0.65414791  0.86132223  0.3268188   0.68965502  0.53473828  0.31105231
  0.42727282  1.01246426  0.21604136  0.37808442  0.05128108  0.03830519
  0.63514481][ 0.46575112  0.26427489  0.75338257  0.64988775  0.68751518  0.70677337
  0.46704757  0.23375063  0.61602606  0.2615162   0.48407344  1.26530272
  0.69894051  0.09812637  0.40971839  0.08397333  0.5157188   0.72051814
  0.31542145  0.84669181  0.79448881  0.81984036  0.72581956  0.4939476
  0.96372608 -0.0446038   0.6466247   0.31363034  0.6623271   0.74096824
  0.88248132  0.5998771   0.05741362  0.08991073  0.80100886  0.17355931
  0.53986653  0.47516949  0.74107465  0.11962448  0.79127835  0.08281555
  0.86356257  1.04749408  0.68979312 -0.2174546   0.78170069  0.20074722
  0.71474454 -0.08530814  0.92012454  1.1486538   0.44973806  0.82166335
  0.53608872][-0.25745662 -0.00997454  1.31740404  1.11620963  1.41984854  0.62484235
 -0.21648105 -0.21871698 -0.06240331  0.54102966  1.35047849  0.52116823
  0.23957492  1.52079377 -0.00214906  0.04533972  1.01429081  1.21553652
 -0.03916592 -0.0605303   0.06713109  0.16622967  0.64345607  0.82257993
  0.8611178   0.21431004  0.33759773 -0.0075469   1.04481855  0.45113693
  1.24227507  0.63522039  0.0294979   0.15926903 -0.74607953  0.67186391
  0.76573936  1.1884605   0.30038546  0.38115134  0.50483806  0.56974132
  0.46525773  0.65753155 -0.5937233  -0.11211028  0.63050356  0.32573455
 -0.75110943 -0.75682797  0.68123185  0.87876723  0.36781824  0.72667583
  1.63020722][ 0.09780244  0.26070343  1.6984903   0.51932183  0.80539084  0.37912255
  0.03326358  0.13348747  0.30988659  1.40309689  0.35756951  0.36717827
  0.6134468   0.99690062  0.02145405 -0.09593557  1.04392563  0.98554583
 -0.40331563  0.13167733  0.31588204  0.31910546  0.51660394  0.53513429
  0.54549078  0.48215835 -0.04766503  0.49011318  0.17094556  0.05206722
  0.09943453  0.3622415   1.17360104  0.76711339  0.49046507  0.21173145
  0.98488741  1.09511901  0.58397367  0.18438333  0.58334585  0.98357376
  0.33067388  0.44419707  0.60365319 -0.05737244  0.51651819  0.87101002
  0.46156079  0.52410641  0.24610621  0.72499363  0.67538839  0.07790626
  0.33134061][ 0.12549203  0.9653298   0.37603223  0.12647466 -0.08014198  1.42261426
 -0.64357386  0.60118678  0.42506544  0.51983681  0.79227427  0.13679259
  0.12200557 -0.42070262  0.22144754  0.90239498  0.54278419  0.33332985
  0.90232635  0.9308078   0.61423562 -0.69030787 -0.42321321  1.35939706
  0.5330979  -0.28334491  1.48607866 -0.32455339 -0.25525894  1.62702806
  1.27596041  0.04221544  0.42902388  1.08038888  0.57082979  0.69747704
  0.31705302  1.13881082  1.19911923 -0.06642677  0.30257408 -0.20201692
  1.28952013  0.62949343  0.78527736  1.05178867  0.41702368  1.02280632
  1.08740888  0.72386713  0.18279344 -0.38067367  0.18112521  0.58585443
  0.94334121][ 0.54297469  0.67186729  0.34149435  0.43117267  0.60796414  0.18734082
  0.17985218  0.33706925  0.97983346  0.34702814  0.24442465  0.78111278
  0.76578379  1.00613782  0.767346    0.91107617  0.65645472  0.15010109
  0.06452657  0.43474377  0.20332126  0.68158607  0.93589573  0.79848555
  0.26658418  0.44208536  0.34126831  0.62661814  0.24664933  0.68625728
  0.08104791  0.31831802  0.84315102  0.93927312  0.2212761   0.47050697
  0.27958262  0.36872973  0.41744501  0.72568018  0.14306267  0.41343048
  0.72690915  0.84277458  0.21094768  0.55898553  0.94869634  0.50641079
  0.37251179  0.23414078  0.93409196  0.87771535  0.97064735  0.65259857
  0.87433284][ 0.44721999  0.46921485  0.27253484  0.82499982  0.55357372  1.41514677
  0.85547751  0.16051499  0.72105796  0.42404725  0.15128089  0.18503531
  1.25398386  0.92209612  0.90313232  0.61880129  0.68656822  0.53640477
  0.61512224  0.4274292   1.0014429   0.74398329  0.22964003  0.89165544
  0.87129192  1.01826888  0.85436889 -0.83757546  0.92129663  0.59734112
  0.74585139  1.09405638  0.54793462  0.65363961  0.20894403  0.42181169
 -0.02957626  0.3904485   1.20905533 -0.12078559 -0.02905021  0.5558714
  1.81508719  1.01943159  0.21433353  0.44599031  0.64729863 -0.18886865
  0.03682472 -0.38209574  1.35890523  1.36968399  0.90595984  0.62233465
  0.76380668][ 0.11331537  0.07191265  1.01099198  0.48547477  0.19184466  1.36840178
  0.36515785 -2.17567091  0.01450804  0.71114019  1.29094296 -0.17668067
  0.43033864  1.04679529  0.44900369  0.2173971   0.08206478  0.40318737
 -0.17999163 -0.3229719   0.32442816  0.88579128 -0.54662261  0.35066026
  0.34313424  0.68360923 -0.42822513  0.36940704  0.64244379 -0.21744126
  0.01973343 -0.7564465   1.15654572  0.0796852  -1.53611493  2.38300944
  0.87023656  0.94267327  0.49910202 -0.58374079 -0.46542639 -0.41395709
  0.00896108 -0.45839701  1.28146927 -0.47429654  0.38836496 -0.44778644
  0.31954967  1.04217177  0.58724798  0.75737447  0.04739333  0.92336809
 -1.72973854][-0.06756546  0.16759456 -0.32199236  0.44528876  1.03478117  1.46635315
 -0.41116179 -0.2206082   1.03965478  1.06076781 -0.28350889  0.70208379
  0.79702967  1.41818624  0.00360661  0.88032152  0.89766004  0.35755105
  0.07927487  0.76561358  0.41373946  0.88651319  0.48241322  0.94304456
 -0.20733921  0.15146674  2.24698987  0.89965184  0.89484605  0.5382879
  0.4672969   1.1816477  -0.06067643  1.31904664  0.77309307  1.56129332
  0.09169059  0.81330184  0.5120384   0.95818673  1.10549294  0.63019542
  1.90146361  1.3808657   0.01613598  1.0379616   0.75276517  1.07871859
  0.59199627  0.08635524 -0.36003864  0.13443009  0.91214792  0.22330436
  0.51812081][ 0.06077829  1.18877374  0.59006884  0.45662236 -0.2086544   0.90858442
  1.5022221   0.18193055  0.61431818  0.31613126  0.60285236  0.11521537
  0.10543053  1.21561699  0.47076656  1.22101597  0.21957881  0.74488123
  0.6995834   0.98348051  1.25023568 -0.52706493  0.67867884  0.30316064
  0.24742728  0.4089358   0.42423142  0.93681174 -0.0254968  -0.17156993
  0.49031788  0.92671799  0.73363583  0.74115501 -0.20540622  0.97035528
  0.4033222   0.08639774  1.2065228   0.54253737 -0.79403692  0.48097222
 -0.12810798  1.5734465   0.30662917 -0.15466618  0.00207176  0.54595474
  0.66471362  0.48661897  0.04453481  0.70745839  0.38479856  0.0637556
  0.50800274][-0.286563    0.32326238  0.65179147  0.53898069  0.37600498  0.90392372
  1.04116791  0.1105755   0.33771801  0.817938    0.66604694  1.04207368
  1.45400868  0.10373256  0.40391725  0.18360114  0.68244722  0.08414763
  0.19995858  0.40240464  0.42225961 -0.37982072  1.41439818  0.63383355
 -0.00649025  0.32169511 -0.43780944 -0.27097698 -0.10338459  0.9151676
  0.58446913  0.6137565   0.40565959 -0.02330273  0.03925426  0.95377087
 -0.04593372  1.02298858 -0.1781719   0.29508951  0.88499971  0.62611349
  1.07085683  0.1886422   0.66014328  0.36228826  0.37397629  0.2131327
  0.69394607 -0.0479387   1.45614928  1.24278438  0.98399235  0.320636
  0.09328161][ 0.42229583  0.58674865 -0.22141403  0.93477979  0.41241891  1.109411
  0.80255863  0.72867067  0.03119881  0.44141592  0.69163254  0.4850411
  1.3305529   1.21531413  1.0130028   0.24654954  0.53948291  0.01701851
 -0.01472399  0.40051948  0.51759298  0.33247115  0.84683644  1.04144217
  0.0749191   0.52086767  0.64492358  1.3189165   0.52836118  1.16939402
  0.41851321  1.20833338  0.82700225  0.93268597  0.62843751  0.64506025
 -0.46903679  0.61698417  0.78175181  0.28202142  0.66795762  1.38371872
  0.62352082  0.01661985  0.08434731  0.06914316  0.96797351  0.15916058
  0.98716265  1.35793372  0.73088832  0.91244892  0.24618672  0.11577586
  0.74828446][ 0.44723889  0.43315637 -0.10516833  1.07258167 -0.03413553  0.19545969
  0.53302539  0.94894976  0.68952809 -0.02205301  0.17957008  0.10430616
 -0.27343687  0.83377008  1.67143937  1.19278979  0.5849516   0.59546548
  0.28889494 -0.10711581  0.89043042  0.98091699  0.99563224  0.70648613
  0.91239602  0.33180885  0.23477397  0.19147003  0.45733527  0.29633017
  0.84763755  0.02084019  1.1689012   0.69371219  0.47678409  0.14413036
  0.01093184  0.6901499   0.40418334  0.97642966  0.58510564 -0.31706715
 -0.46056164  0.60723603  0.11150568  0.97015981  0.82076512  0.82000061
  0.26120732  0.94426393  0.0952591   0.94763504  0.36399331  0.62141317
  0.04633693][-0.12640633  0.59739233  0.29940157  0.46474824  1.01286522  0.47831958
  0.83568354  0.85278029  0.98949942  0.33305428  0.43951485  0.55781402
  0.42895948  0.75711077  1.19074174  0.33320528  0.49117184  0.6544482
  0.88683238  0.55756341 -0.35588885  1.20696909  1.12822336  1.24587039
 -0.16221317  0.96686552  0.00742559  0.71542549  0.56612104  0.98616651
  0.45606399  0.83952343  0.85780715  0.1106677   0.61272793  0.66158565
  0.03040836  0.47800557  1.08610765  0.74596882  0.41068083  1.26501668
  0.32746202  0.51559068  0.48815485  0.82157367  0.71548701  0.62238625
  1.15784794  1.17539193  0.62492535  0.61111967  0.69279337  0.9501957
  0.3243143 ][  4.99290188e-01   1.27661140e+00   9.31406703e-01   1.10994340e-01
   4.81419148e-01   6.85872010e-01   7.99092913e-01  -1.12877836e-01
   1.19420724e+00   6.19162647e-01   5.57573996e-01  -1.72036824e-01
  -6.05366433e-01   8.47118127e-01   6.72433529e-01  -5.55388952e-02
   1.31751869e+00   2.48051909e-01  -5.62845840e-02   3.42060826e-01
  -2.08538383e-01   1.34356387e+00  -1.88282641e-01   1.19451232e+00
   1.17017681e-01  -5.50375331e-01   7.21058441e-01   1.87013691e+00
   1.31136940e+00  -2.72071453e-01   8.42805895e-02   9.65695077e-02
   2.84413004e-01   6.99073363e-01   5.23421831e-02   9.16978510e-02
   1.91141887e+00   4.49082781e-01   1.02788861e+00  -2.83875736e-01
   9.12780431e-01   5.49975309e-01   4.29277851e-01   8.31585452e-01
   8.67724899e-01  -4.04225368e-01   5.87109852e-02   6.63878893e-01
   7.88424416e-01  -5.41250119e-04   1.29306882e+00   1.19194601e+00
   4.02600596e-01   4.77204973e-01   6.89977598e-01][ 0.22145877 -0.0742945   0.49647407  0.05280194  0.54682855  1.04371302
  1.69148479  0.46658083 -0.08485338  0.48293088 -0.10249862  0.77302942
  0.06714232  0.25013527  0.20617558  1.32431941  0.50531178  0.59406676
  0.75092564  0.17293893  0.76205671  0.6742591   0.577399    0.24686023
  0.32364788  0.30918381  0.71584651  0.40445641  0.37279012  0.86142875
  0.31569195  0.4610038  -0.02358231  0.88149898  0.62869585 -0.71677475
 -0.42667708  0.76750862 -0.1762751   0.35071809  0.601407    0.04244511
  1.4154662   0.51280856 -0.24131801  0.51873789 -0.12735639  0.03573939
  0.64430683 -0.04564881  0.44187822  0.76449855  0.99793423  0.37037125
  1.09385635][ 0.75682432  0.23757709  1.09103434  1.47386971  0.039723    0.02613513
  0.7421691   1.33310377 -0.68203666  0.46826659  0.8802565  -0.02588024
  0.61241513 -0.68018904  0.27228942  1.43802302  0.56065784  0.25289338
 -0.19029184  0.72071338 -0.77845924 -0.6456593   0.95930718  0.83688946
 -0.10259882  0.28956705  0.08152365  0.93117264  1.34810796  0.22932207
  0.74198918  0.17330163  0.26059413  0.66562842 -0.06237235  0.5546236
 -0.18779302  0.99646357  0.41114095  0.15565003  0.48890129  1.83333286
  0.96998108 -0.53625795  0.3661607   0.6738887   0.04858668  0.61583322
 -1.00896867 -0.84750661  0.08938058  0.0769828   0.10447509  0.42511506
  1.04665446][ 0.55804334  0.73560078  0.88295629  0.9167121   0.60961076  0.71376103
  0.42172805  0.34749821  0.03626043  0.76203229  0.33013698  0.65893857
  0.66064942  0.25412844  0.86842212  0.48500079  0.42321602  0.47831879
  0.44036003  0.86226341  0.77833154  0.29321817  0.92515567  0.20185271
  0.03793673  0.50877775 -0.166142    0.30263008  0.51510287  0.03176981
  0.14377448  0.6447953   0.33498375  0.1991327   0.20366835  0.78054324
  0.4173804   0.17804274  0.17843995  1.02858775  0.52201923  0.52355774
  0.78947265  0.37253101  0.47393845  0.24296137  0.90951682  0.517275
  0.5196033   0.41335005  0.45524223  0.5738094   0.45628486  0.06205549
  0.22440427][-0.01564583  0.83702949  1.25670003  0.76669646  1.20914509  0.77827669
 -0.11506922  0.65284222  0.98087363  1.42795028  1.00431067  0.27172224
  0.20236595  1.22163627 -0.44292795 -0.03233566  0.33830046  0.64348256
  0.68805146  0.51722499 -0.20238376  0.76347552  1.12391273  0.03756701
  1.43818763  0.32611686  0.66240577  0.65217426  0.40747622 -0.57802995
  0.03403271  0.53073603 -0.30606731  0.98630532 -0.01237713  0.55874432
  0.15408749  0.99280157  0.39437108 -0.43974164 -0.18120671  0.62321313
  1.53225075 -0.30684786  0.13573322 -0.33316923  0.60368593  0.50172925
  0.33173082  0.2083698   0.85399926  0.64958565  0.9353936   0.7904647
  0.69149249][ 1.2104081   0.42287396  0.26135276  0.9587511   0.69324364  0.68788207
  1.50716086 -1.32648772  0.3674148   0.07124596  0.94024569  0.42992166
  0.11382065  1.5893974  -0.42760711  1.04475888  0.42156675  0.58660704
  0.68158022  0.3564503   1.06199549  0.26056926  0.6005928   0.63875087
 -0.12647526  0.58650362 -0.1160626   1.56489809  1.13890912  1.75571189
  0.22940008  1.50028972  0.1131879   1.00199916 -0.06163553 -0.14983931
  1.5569055   0.3249237   0.69697805  0.60743612  1.33296057 -0.59877146
  1.19225887  0.41836714 -0.56080078  1.01914468  0.73213521  1.19330239
  1.28181119  0.85613032  0.82421659  0.82109247  0.64405663  0.33202831
  0.50700476][ 0.78242549 -0.30882135  1.44798591  1.01565393 -0.24813344  0.50435045
 -0.77033936  1.08188657  1.9891062   0.36137569  1.47200451  1.10857505
  0.3024716  -0.32149771  1.72291917 -0.9641405   0.54499621  0.47873468
  0.06728448  0.04297416  1.87620307  0.07235449  1.59716404  0.5195127
 -0.30463409  0.44565795  0.70350275 -0.47410946 -0.72491116  1.16383609
  0.00995386 -0.17174631  0.57538511 -0.46801656  1.51953644  0.14447163
 -1.33272165  0.6555073  -0.77003361  0.29328932  1.5304663  -0.14390616
 -0.56771771  2.25880025  0.13416699  0.24880606 -0.18960273  0.5377227
  0.2464062   1.12787164  1.46394595  0.6990496   0.88931915  0.97047204
  0.8293985 ][ 0.62918198  0.36115851  1.18974638  0.66990279  0.37972546  0.41003046
  0.7187628   0.04043878 -0.11705826  0.79397171  0.33969921  0.25206477
  0.11043496  0.08948828  0.17907407  0.34580203  0.93938373  0.928409
  0.10985861  0.02767096  0.86225471  0.60311385  0.1105771   1.07637583
  0.58867353  0.32731803  0.05192674  0.20287739  0.18550928  0.47378622
  0.77953061  0.85986271  0.76925082  0.12974729  0.43629297  0.91700691
  0.26906059  0.92104492  0.61202056  0.41457725  0.6678357   0.66590271
  0.05751545  1.04470303  0.46365378  0.88622347  0.59885841  0.10700696
 -0.05051902 -0.0495284   0.85320235  0.84345897  0.80714462  0.90780929
  0.48308843][-0.27832601  0.46719021  0.27830604 -0.10070576  0.90835814 -0.14138779
  0.30344811  0.66999237  1.29020429  0.3723055   0.80762269  0.77582464
  0.63889155  0.50690056  0.85996077  0.35433778  0.44411298  0.25889145
  0.69543292  0.3998677  -0.57335864  1.09520479  0.63054005  0.52270526
  0.08315574  1.30392744 -0.16504162  0.05458888  0.13493706  0.65245872
  0.37274647  0.49878555  1.53401091  0.25973141  0.85566867  1.04077111
 -0.13657184  0.89618287  0.87439989  0.92795541 -0.04498938  1.09637958
 -0.01585934 -0.8765825  -0.05143373  0.75543954  0.78824773  0.26186413
  0.01755409  0.44873953  0.28413757  1.36665873  0.55760079  0.71822155
  2.03723591][ 0.29394361  0.18985987  0.26886293  0.37164061  0.4811871   0.42837995
 -0.42962983  0.06922393  0.23428963  0.69034931 -0.07000951  0.59393703
  0.5865495  -0.11746538  0.37918273  0.54179508  0.1219721   0.25212508
  0.34217979  0.80139793  1.01197306  0.54442387  1.35267084  0.33365155
 -0.19600067  0.43077383  0.67445252  0.64706259  1.79140362 -0.25755116
  0.69590676  0.98849211  0.81909743  0.24942776  1.33495735  0.7402714
  0.97990693  0.11464604  0.0744332   0.07691404  0.75812771  0.86957344
 -0.39592173  0.8183347   0.16309011  0.74867153  0.6370667   0.74346557
  0.95583036  1.17361124  0.6138932   0.75542717  0.59304263  0.91190257
  0.47487096][ 0.38213275  0.57861131  0.35550495  0.13000575  0.52009204  0.9546558
 -0.12162463  0.46891721  0.60076333 -0.09018878 -0.15081235  0.84451887
  1.00457926  0.70679689  1.41208581  0.07348493  0.73204581  0.07041598
  0.38191877  0.50367598  0.77815595  0.29725112 -0.98484592  0.47799323
 -0.20120819  0.48647994 -0.9364435   1.07774622 -0.44896198 -0.00839639
 -0.25652206 -0.49770102 -0.07960696 -0.16990476 -0.13414973  0.77920568
 -0.86980445 -0.06327236  0.24130532 -0.45782923 -0.75114724  0.3525281
 -0.40811882  0.69078543  0.67159854  0.1342272   0.16151516  0.41592206
  0.75823538  0.5787892  -0.41380067 -0.18910859  0.39274962  0.87011757
  0.54267883][-0.13695169  0.42910669  1.18956342  0.68594918  0.58676519 -0.12279178
 -0.00258364  0.69623746  0.27820136  1.01268398  0.26211946  1.37776563
 -0.18070761  0.46181502  0.49937964  0.32232306  0.12323674  0.15346117
  0.59155546  0.92547281  0.53493398  0.1589703   0.65863753  0.10424357
  0.88772842  0.57314549  0.42572736  0.12886553  0.35759158  0.88846701
  0.83682114  0.70962903  0.16700976  0.58941575 -0.11018418  0.30444586
  0.60331521  0.53505438 -0.04534071  0.29638177  0.99449427 -0.04862967
  0.36938258  1.28795371  0.98643685  0.78076272  0.08403642  0.77045045
  0.49306428  0.64176785  0.3575141   0.98903387  0.41261558  0.94310325
  1.1855167 ][ 0.65950761  0.26462482  0.95634476  0.99798732  2.38745943  0.97543906
  1.16298503  2.04054956  1.0771064   0.96946206  0.34664428  1.38026157
  0.6937827   0.44897938 -1.27900154  2.11313626  1.38005681 -0.31126319
  1.4319688  -0.40412112 -0.92379647 -0.50118678  0.23310686  0.19310406
  0.45134265 -1.17848549 -0.27530223  0.68608136 -0.56656214  1.47681413
  0.77728164  0.54299096 -0.8125951  -0.45695437 -0.86773949 -1.33936664
 -0.19928479  0.51945862 -1.20758701  1.04505063  1.2618682   0.18274976
 -0.36905107  1.88988666 -0.70340059 -0.17648072 -0.01618042 -0.44670554
 -1.24394726  0.29305393  1.08364563  1.21867495  0.62986775  0.495526
  1.15842967][  3.77973393e-01   3.30836258e-01   1.03401142e-01   2.00157042e-01
   2.74741851e-01   1.50734980e-01   5.64309190e-01  -5.14090185e-02
  -6.28015016e-03   1.43249485e-01   4.86019494e-01   8.08496119e-01
   3.49664412e-01   1.25084376e+00   6.79241885e-01   3.47609125e-02
   7.24040274e-01   3.79920764e-01   4.75177304e-01  -5.82384230e-02
   7.04894583e-01   8.83980043e-01   2.58199253e-01   6.07140179e-02
   9.11178214e-04   4.12829625e-01   9.72792327e-02   1.95655353e-01
   3.19362137e-01   4.92182050e-02   7.28318540e-01   3.92256738e-01
   7.83839463e-01   7.01412982e-01   3.42206676e-01   3.41595111e-01
   8.52342059e-01   2.60102359e-01   3.15713896e-02   6.64875470e-01
   8.30706517e-01   2.82656781e-01   6.79397630e-01   7.16836167e-01
   4.51574467e-01   2.21625020e-01   3.64919738e-01   1.05278817e+00
   8.92933206e-01   1.20146729e+00   1.19412122e+00   9.42970329e-01
   2.31490341e-01   5.75696494e-01  -1.00365880e-01][-0.00538272 -0.220641    0.67009586  1.09309403  1.19542283  0.06551919
  0.17972959  0.06168039  0.77413827  0.69804338  0.48395993  0.6282014
  0.3049243   0.19869421  0.29556269 -0.14614296  0.34843783  0.46844133
  0.2265603   1.58053513  0.2978033  -0.28081911  0.93428782  1.30805328
  0.58536854  0.36876749  1.46807078  0.32093611  0.29641739  0.21347244
  0.27951451  0.37838995  1.32245868  0.91724892  1.04789202 -0.04401206
  1.1239268   0.98104428  0.53465929  0.98827286  0.523583   -0.50069789
  1.42856965 -0.24334315  0.49500052  0.09219689 -0.15606809 -0.12436848
  0.04659644  0.21821143  1.42580966  0.62560981  0.20084686  0.41563769
  0.31137067][ 0.25206376  0.34882676  1.42382055  0.03885325 -0.51810448  0.18670712
  0.03101673  1.47817995 -0.30702674  1.39691558  0.27354262  0.2735362
  0.43208461  0.37267984  0.5733412   0.4302522   0.57300495  0.18122817
  0.86788891  0.94213986  0.97112008 -1.13418808  1.17256034  0.58545157
  0.05747395  0.69747435  0.02252788 -0.5478459   0.48799124 -0.15137833
  0.53217399  0.65620394  1.15926363  0.54557612 -0.3143315   0.86374162
  0.02254872  0.37411127  0.72590741  0.30392762  1.36745006  1.34347
 -0.36107949  0.90640369  0.63601455  0.54785352 -0.14882198  0.40168002
  0.16018325  0.47786566  0.2214312   1.09352732  0.03086216  0.96977115
  0.28127213][  4.78639421e-01   7.95149544e-01   1.40440861e+00   7.51378286e-01
   6.04225690e-01   2.85994883e-02   2.98240795e-01   1.25191718e+00
  -3.21651246e-01   1.33277710e+00   4.14242665e-01  -2.05344192e-01
   7.03663298e-01   4.74635643e-01   3.97660848e-01  -2.49097830e-01
   9.92761204e-01   2.58319032e-01   6.46275965e-01   5.80065012e-01
   1.13422770e+00   1.20534292e+00   1.28715008e+00   9.36217244e-01
   7.79571998e-01  -7.41992267e-02   4.93095903e-01  -7.33624765e-02
   2.60002413e-01   3.73286742e-01   3.05139739e-01   1.07919013e+00
  -9.72961527e-02   1.43297156e+00  -3.88791081e-01   1.67150901e+00
   5.11467798e-01   6.86302964e-01   1.27592018e+00  -8.37422879e-01
   6.54343452e-01  -7.89650691e-02  -2.59538565e-01   7.28579468e-01
   2.25272789e+00   4.86480095e-01   7.47150443e-01  -1.42228534e-01
   8.27951669e-01  -1.15430694e-01  -8.79921497e-02   2.02464184e-03
   1.74784732e-01   9.65091328e-01   8.90248648e-01][ 0.58970848  3.13192164 -0.94269883 -1.22363066 -0.0669953  -0.84567008
  0.82132888  0.74458302  1.26380193 -0.42097252 -0.54952838  1.22049722
  0.99668566 -0.81345197 -1.28023318 -2.9601699  -0.17170919 -0.60265323
 -0.178785   -0.44551612 -0.06550088 -0.16781604  3.6613969   0.67924776
  1.37437832 -1.70085892 -0.99148292 -0.37255937 -1.02368768  0.75157439
 -0.26142682  1.99221087  0.14215246 -0.99794035 -1.95270175  0.67345258
 -0.28981875 -0.49295701 -0.13527588  1.17017558  0.61511221 -0.24750516
  1.26043668  1.64355904 -1.46853095  1.17259401  1.07230224  0.87340853
 -1.54272131 -2.1439155   0.52156715  0.06709512  0.05423978  0.42803954
  0.62456025][-0.20240726  0.32891614  0.22661124  0.00222475 -0.06646137  1.00277642
 -0.25716869  2.00250026  1.18450492 -0.08712847  0.37268079  0.27898717
  0.02848437 -0.46338987  1.00677911  0.44260171  0.1733296   0.974567
  0.20884741  0.34976295  0.1075724   1.00941371  0.76204222  0.74063341
  0.33014605  0.43054242  0.41315882  0.03420385  0.85564824  1.60497465
  1.37100291  0.58885868  0.33895202  0.63602772  0.75066371  1.56263179
  0.88665495  0.27556164  0.82101601  1.18121474  0.55550444 -0.04793352
  0.04521128  0.54822981 -0.76807203  0.40691266  0.82512421  0.0751513
 -0.27795566  0.43974878  0.02531101  0.39485246  0.66546448  0.71132024
  1.36479509]
 pesos capa salida[-3.56650471  3.78781715  1.28060181 -1.48468586 -0.54460328 -1.75898969
  1.01556813  2.8009518   1.62498163 -2.54250849 -0.38585851  2.0317838
  3.66822749 -3.02988528 -2.47583074  1.68893155 -1.87800565 -1.60530947
 -1.85138308  2.70021703  1.62821723  2.67362092 -0.26391954  2.29206938
 -3.96214445  4.73537565  0.67651015 -2.49068349 -2.201419    2.16672353
  1.05006787  4.98082194 -1.22651789  2.26228614  2.3963359   2.71304009
 -4.99606659 -2.23127077]
 mejor error15.67489287013022
 precision :0.8218940052128584