
 fecha de inicio Tue, 09 Jan 2018 01:45:55 
 fecha de la generacion Tue, 09 Jan 2018 07:45:48 
 generacion: 2964
 pesos capa oculta 1
[  2.36632850e+00  -2.72936479e+00   1.61271597e+00  -5.47868597e+00
  -1.56954173e+00   8.20451903e+00   1.59881260e+00   2.87702011e-01
   2.14927029e+00   6.23068631e-02  -3.94329524e+00   9.73749187e+00
  -3.07724699e+00   4.87053885e+00  -3.06210745e+00   4.02742943e+00
  -4.66434528e+00  -6.23199868e+00  -6.74387643e+00  -1.56723486e+00
   2.84015792e+00  -6.49943135e+00  -5.48096486e+00  -4.20513045e+00
  -3.99762763e+00   6.02628678e+00  -6.21288951e-01   2.83754831e+00
  -3.15738647e-03   3.40911869e+00   1.15366318e+00   2.15376132e+00
  -1.22584941e+01   1.78651161e+00  -4.31851942e+00   5.32965052e+00
  -3.08442965e+00  -5.95290617e-01  -9.84904559e-03   2.35866051e-01
  -5.41682722e+00  -2.66512341e+00  -3.41442270e+00  -5.22043013e+00
   4.65742989e+00   3.51727362e+00  -1.17170639e+00  -2.90210983e+00
   9.50738540e-01  -3.99371632e-01  -2.59305614e+00  -1.81610037e+00
   1.19052254e+00   8.45045916e-01   1.79639478e+00][  3.33591417   0.04180943   3.85487147  -0.41788339   0.62134227
  -2.28034357   2.11943977  -1.7557951    0.53221665   1.16525636
  -3.15110117   6.75275294   6.20611193   3.31067096   0.45014765
   2.15478384   3.91150655  -6.14570194   0.28515772  -4.26269636
   3.43662662  -5.47965097  -4.80061246  -8.62514656   1.73743086
   0.37078939  -8.31191396   5.58090524   2.19753206  11.38617195
   2.32433519   1.82292279  -1.59527703  -2.77380294  -4.62023805
   6.71305095   0.78807042   2.98397625  -4.01848907  -8.82085229
  -2.10052643  -2.00010475   1.47817241  -5.41377589  -0.82830494
   3.30170245   6.02798356   0.5357914   -2.67947102   0.0440957
   3.66412685   3.39602358   2.75241332  -1.96880893  -2.88452393][ -0.383491    -2.60942824  -2.89693921   0.72082826  -2.72854322
  -6.02152736   2.47265467  -7.27079047   2.46110244  -4.67036262
  -4.58929656   8.50007338   3.81010379  -2.59251867  13.15520793
   3.48829821  -4.03290567  -0.21995331  -2.99838592   0.74472473
  -1.99340679  -2.3952794    5.29572511   2.33750361  -0.87182779
   4.16608233   1.35170318   3.13265732   2.07978138   1.30801213
  -4.51326802  -2.61297553  -7.82439203  -3.07515736  -0.49398992
   4.89602876   1.29843576  -0.2133826    4.354156     1.39649791
  -1.58043677  -5.83047043   0.71881914  -6.21093362  -1.47242417
   1.04171711   6.91916068 -11.87371603  -7.07131893  -4.89603618
  -3.14714161  -4.10650403   9.46717974   2.57761628   5.95620635][-1.30546858 -5.33624223  1.76091731  0.2443405   0.22497007  1.02720497
 -4.18662249 -0.39910368 -0.25265505  4.84509659 -1.50659715 -4.29788195
 -2.24269554  4.59716451 -1.3139608  -1.65850549 -5.31521614 -1.89993044
 -3.36120229  4.42296097 -2.66378127 -2.17990302  2.52036149 -0.7241252
 -3.84532932  4.64674315 -5.05113942 -6.64898318 -3.72318163  3.85326054
  1.32259006  1.02221458 -1.58877202 -2.01472526  0.70892913  1.5351421
 -2.6216286   5.50415261  1.35129889  4.41576566 -2.48878198  1.12486283
 -0.76768693  0.0642935   0.95093379 -0.70091455 -4.96659845 -2.31370828
  3.03624984 -8.37592046  7.5481164  -2.46714723  5.12332705 -1.54498405
  0.100797  ][  3.32938238e+00   2.87300121e+00  -2.56329920e+00  -3.82726673e+00
  -7.59705192e-04   1.22624358e+00   3.02497784e+00  -2.70400012e+00
   1.40555702e+00   5.86199966e+00   1.55669020e+00   2.79397660e+00
   2.59123256e+00  -2.45251569e+00  -8.28820437e-01   5.44283542e+00
   2.38897371e+00  -4.57741490e+00  -3.99510749e+00   4.94771928e+00
   2.22968130e-01  -7.01436702e-01   2.35025215e+00  -1.17601153e+01
  -1.18742343e-01   6.77329592e+00   1.73952283e+00  -2.92247939e+00
   1.61380625e+00  -2.45157983e+00  -1.99381407e+00  -6.60713060e+00
  -5.23283125e-01   1.02731939e+00  -3.77568429e-01   2.98968138e+00
   6.78613768e+00  -3.65665165e+00  -2.83480018e+00  -1.07837310e+00
   2.29929808e+00   4.04118503e+00   4.93995497e+00   2.16720558e+00
   2.32314316e+00  -1.33279245e+00   2.28896422e+00   7.83488096e-01
   5.15170405e+00  -5.74984427e+00   3.49238291e-01   4.59607278e+00
  -2.18791577e+00   3.70407114e+00   4.73283748e+00][  1.14799681e+01   3.68822537e+00  -1.52402428e-01   4.72093840e+00
  -4.55218459e+00  -5.18639711e+00  -3.29279922e+00  -4.95797791e+00
   5.76991262e+00  -3.36125790e+00  -1.32382329e-02  -4.99273700e+00
   1.47772259e+00  -2.40483698e+00   3.12960841e+00  -6.53565917e+00
   3.68411052e+00   2.51275169e+00   6.73374884e+00   4.49096758e+00
  -4.19002902e+00  -5.02928840e-02   4.19938358e+00  -5.98805060e-01
   2.01793216e+00   4.16306777e+00   3.93004357e+00  -4.97953625e+00
  -4.05089632e+00   2.45731908e+00  -2.38902688e+00   2.29968826e+00
   2.37451646e-01  -1.33088373e+01  -5.97599978e+00  -1.17930094e+00
   7.77910763e-01   2.00907990e+00  -1.09479942e+00  -3.65453449e+00
   8.88028693e-02  -1.02011122e+00   5.45612097e-01  -1.51000675e+00
   7.93294959e+00  -3.44295556e+00   2.44816678e+00   8.70899690e+00
   3.32653520e+00   5.44735486e-01   4.31747943e-01  -3.69697861e-01
   8.59147986e-01  -5.19988146e+00   3.64443425e+00][ -2.57948009e+00  -4.61117699e+00   8.78235454e+00   2.03943614e+00
  -4.62792667e+00  -1.26512084e+00   7.50763883e+00  -4.13462021e+00
  -3.52470090e+00   1.20681855e+01   6.52348260e+00  -4.48599384e+00
   6.97886490e+00   4.86215345e+00   3.81095358e+00  -1.17783749e+00
   2.94657260e+00  -2.81915161e+00  -2.69864142e+00  -4.48724475e-01
  -4.35772846e+00  -9.41355455e-01  -2.05787798e+00   2.87431121e-03
   5.70157127e-01  -3.24982879e+00  -4.30472021e+00   2.14493682e-01
   7.05014903e+00  -9.23753750e-01   5.94536700e+00  -1.22937813e+00
   4.80181235e+00   4.97638976e-01  -3.69576496e+00  -3.48720526e+00
  -1.33653148e+00   3.88475547e+00  -1.12975585e+00   1.65053857e+00
  -2.19394760e+00  -2.60198366e+00   1.18249103e+00  -2.99280730e+00
  -4.24550762e-01  -1.87118364e-01  -1.92126424e+00  -3.09343518e-02
   6.35372016e+00   2.53312590e+00   6.48019503e+00  -1.04324787e+00
  -2.10722275e+00  -2.49258215e-01   3.46226208e+00][ -4.52563861  -1.6072675    4.24867045   0.2744862   -3.80087949
  -2.36422486   2.96111155   3.33720756   6.34370966   8.07643289
  -0.346861     4.52831531  -4.20551013   3.88708937 -11.40401833
   2.8200147    3.60975494  -3.43353141   4.52640992   0.66371654
   1.85095304  -1.6503413   -2.47937232  -0.57320805  -0.57277001
   5.53643194  -0.01912283  -4.26799098   0.0145777   -0.32257587
   2.67180578   5.62960675  -5.09078843   3.69442582   2.90296812
   0.38396323   2.8615832   -5.67097122   3.25577787   6.21925442
   6.35675827   4.50812894  -0.13114087  -2.45376672   3.63129961
   4.09807319  -1.53658567  -2.40772467  -7.47704921   2.21542557
   4.89734075  -1.09473853   3.8848863   -4.79653356   1.41296279][ -5.12446092   3.18205652   7.48823891  -2.00216847   0.96591296
   0.04503008   1.3411309    2.12093682   2.97302683   7.53062764
  -5.3167916   -2.56853464   5.03778837  -5.32807537   0.67877689
   4.30521196   0.52911678  -0.11877541  -1.05814776   2.76582081
  -2.20067046  -0.11844402  -3.50776528   7.75221587   6.41944104
   5.80861548   7.07764743   0.40740777  -1.03157511   2.645129
  -1.44770659   0.24353907   4.06380588  -3.02264721   1.66570773
   1.64572522   3.7954778   -1.36146735  11.59731973  13.24585016
   6.53223014  -0.70448343   0.92239437   1.7483337    3.53071823
  -2.49669123  -4.08073681  -3.91020185   2.87914901  -2.12862666
   0.73357633   7.04244146  -1.57066654   5.53740569   9.14183826][  2.28582966   3.04215926  -2.45269201   4.06180952  -1.6139392
  -4.40617968   1.90745996  -0.1817539   -2.64814282   1.90418046
  -5.03733813   1.9323865   -4.35446256   3.08688172  12.80582522
  -3.13269139   7.30474072   3.07530642  -2.97405246   0.50411543
   0.89882057  -2.92547949  -6.22859637  -3.73447357  -1.92820833
  -3.46836733  -2.78633656  -3.37305636   0.80828525   4.44208059
   6.10326031  -0.74847128  -0.39549095   4.08192204   7.68358746
   4.14986663   8.24098924  -5.50022331   2.44962252  -3.98131702
  -6.02405257   4.29497495   0.42492932   1.84310377  -4.65314345
   0.38752993   6.30787959   3.67134902   3.30239397   3.85543357
   0.51068553   7.70576844   5.39366875  -5.26401893   2.48130988][ 2.57603291 -2.07864944  0.22982612  0.64026606 -3.58247561  7.14000146
  3.64145494  5.97712046 -7.22473758  1.14098684  1.03116231  4.55651533
 -2.99986123  2.46050208 -4.2853442  -2.92640582 -6.60406381  1.20965168
  5.80195836  3.20122021 -6.54744302  0.39984687  3.48222802 -5.63228894
 -3.03563709  3.06757834 -6.18424164 -1.8747571   0.66285124 -8.5741583
  7.46467658 -2.2298217  -5.34056697 -0.55875617  3.80197943 -1.21278427
  5.11518871 -6.41653963  3.26750384  4.36104924  6.68881689 -2.25613428
 -0.13901128  4.3028861   7.71199316 -4.66784444  1.24384223  4.63598219
 -3.25318177  0.98949134 -3.80442514  0.571226    3.52913385  4.55208521
  3.43004688][ 6.26036778  7.23530708 -7.10521407 -0.42400071 -0.22763155 -8.36896561
  3.92882913  2.38294967  1.94104487 -5.71934169  0.59525758  1.40311639
  6.80202094 -1.39606329 -4.43118776  0.04978039 -1.91051965 -2.66033997
  7.91739964 -2.45036608 -1.49124163 -1.02283549  4.55060259  3.15911469
  2.8761388  -0.43505818  4.22149471 -0.74048395  0.44201506 -0.82618608
  4.83768364  0.69652985  1.01508662  1.20960863  1.56815059  1.42112113
  3.08707002 -7.67411675 -0.37275254 -0.64432906  1.78919323  1.12794208
 -2.21437964  1.5671013  -0.09317557 -0.94450477  1.44622719  5.33684321
  2.99794461 -7.50188333 -4.98002966  5.53915454  1.44739625 -3.8542033
  1.07078078][  2.33001545e+00   2.25220003e+00   8.63106809e-01  -3.33494264e+00
  -2.46567527e+00  -6.89141125e+00   6.85945410e+00  -3.78759509e+00
  -3.83589062e-01   3.59330787e+00   2.61057035e+00  -9.34594233e+00
  -8.55513340e+00  -3.56960063e+00  -1.33311798e+00  -6.59685252e-01
  -4.47215886e+00  -2.71537243e-01  -4.93030150e+00   2.42796412e+00
   1.70280356e+00  -3.84629879e+00  -8.66128973e+00  -3.27112838e+00
  -5.05806790e+00  -1.59641958e+00   3.00894294e-01   3.46062572e+00
   2.80706534e+00   6.51178006e+00  -6.89329864e-03  -1.05947893e+01
  -1.25157358e+01  -1.24370506e+01  -6.08102946e+00  -6.54676325e+00
   2.17850024e+00   5.46720826e+00   2.32839104e+00  -1.12904416e+00
   4.40142508e+00  -6.40545475e-01  -5.37251618e-02   9.10880054e+00
  -1.32105660e+00  -1.81531087e+00  -4.82304559e-01   4.19750509e+00
   5.82569072e-01   3.22762373e+00   1.22092489e+00  -2.00731257e+00
  -4.96401366e+00  -1.31497243e+00  -2.57386286e+00][  2.25425659  -5.47442978   2.20397999  -0.98763232  -1.11174418
  -0.25920741   4.69454949   3.12889515  -2.7169579   -1.6973284
  -4.48949852   6.72163789  -1.46480086  -5.85627774  -5.93771568
  -9.87194796  -0.46436296  -4.62099543  -2.98104522   4.15144515
   1.1335962    0.98462175  -1.74440301   5.69537044   4.33585229
   2.47717986  -4.82556627   0.50736005  -2.3564758    3.04503897
  -6.27282588 -10.94526769  -4.29312936   2.90178744   0.6143393
   4.1497064   -1.53322455   1.49016445   3.32436844  -4.19065801
   4.11651607   2.84971361  -1.2982883   -6.26727142   3.44292841
  -1.71343658   5.5428526   -2.74438901  -8.49401671  -7.21140743
   3.09358491  -0.60407125  10.66878682   1.15924743  -3.30196367][-5.78646099 -3.97008265  2.49826041 -0.72242953 -9.6725965  -4.92315899
 -1.7280903   0.46342021 -2.50307201  0.94010433 -3.60976331  1.49101821
 -2.6738412   3.59956919 -1.17075391 -5.91155262  0.62521868  5.53281276
 -3.49347361 -0.79397969  1.68133108 -3.41731794  2.07113696 -3.0604442
  3.61756832 -1.7917286   1.63738437  0.40797736 -1.76829826  0.2355436
  6.17509135 -0.17900975 -2.77634679 -5.18897629  2.21338246 -1.70366732
 -0.33154175  3.56935321 -0.22448011 -7.62278294 -5.01816109  0.33382377
 -3.57140239  8.32864656  3.8077941  -0.16895495 -5.2112944   0.19830794
 -2.08350657  5.71240892 -3.15374316  3.82427793  5.27485386  5.04267937
 -5.77757273][  0.70188474   3.10839544  -6.94053296   2.0231444    0.74163275
   0.70547653  -8.40124755  -8.48139619  -2.12597384  -3.20825348
 -12.32883944  -1.67822013   0.88010422  -1.94735302   3.8658297
  -0.58252268   1.42200918  -7.93453908  -3.15253765   1.00041806
   1.86905886  -4.32528099   5.87465585   8.18088139  -3.41480712
   0.31459737  -4.96517654   2.38627201  -3.6553292   -6.54267325
   3.70652059   1.07465539   2.21866525   3.53807931  -4.13534354
   2.70015894  -0.77451885  -3.68248753   1.16194824  -5.48095083
  -0.89869043  -7.79685239  -2.44548606  -2.51177976  -2.63304453
  -1.87585104   4.42778312  -0.25930666  -2.4638528    4.21189828
  -4.60547201  -2.63926357  -0.94362002   6.50869409   0.31089337][ -2.51039114   2.40052152   4.95687056   2.34901781  -1.88635465
  -0.1448287    0.79780473   0.36337265  10.14749078   0.08278824
  -5.6252247   -1.2006924    3.3847983   -3.22705181   0.33982256
   6.50760436   3.59364344  -3.67226837   0.03684841  -7.570439
   6.57727771   2.09042238  -2.26962604   2.26072106   0.1728689
  -2.70320245  -5.30770969  -4.26171589   2.19401204   2.59905738
  -6.05801182   3.64587964   1.6044104    3.56054126   2.88404273
  -1.92026688  -2.39264816   1.81049091  -2.55478141  -0.02382733
   0.68286745  -2.60664343   7.94228765  -3.91447745   9.94610954
  -0.98255097 -11.22159266   2.40444584   0.37210407   0.64313791
  -5.60157472   6.67049766  -3.45273839   6.12386942   7.81598906][ -7.70036644  11.91063413  -2.73204637  -5.03107247 -10.23462097
  -2.63041374   5.47028173  -3.03777404   4.18326203   2.35807088
   0.8399826   -4.15349491   3.91960063   1.09451872  -7.83807264
   0.79090593   4.53715994   0.3539362    5.39911162   5.89860001
   3.00126574  -1.3579197   -1.83341367   0.12671391   3.70004003
   4.14842893   4.62235002  -2.80508316   8.04965943  -2.66328187
  -6.16738946   5.62793235  -3.83303898  -1.04717149  -0.16421987
   3.57112958   3.96145647   3.61241036   4.77104554  -6.93230606
  -3.02782985   2.28860712  -1.53395362  -8.94581554  -1.7937233
  -0.89153215   0.60246391   1.09492813   2.95896094  -1.60584195
   1.32732188  -6.26856113  -4.30481875  -2.5302468    6.9686005 ][ 2.80665504 -6.7960479  -2.40628388  0.938037    1.90791466 -8.40994509
 -4.11609703  6.44700809  0.15212129 -1.74713827 -3.93289163 -5.33930477
 -1.28770788  0.16964009 -1.84489133 -4.51065182  5.01045113 -4.2133232
  0.20144789 -3.93606371 -0.67988439 -6.51680951  3.67350325 -0.21278885
 -6.35992946 -1.72019005  0.90627093 -3.8521801  -3.85872509  0.23240772
 -3.23976122 -4.24858749  2.32639604  0.44590691  0.36402884 -0.04086156
  1.43373392 -0.13478702 -0.40664507 -2.29503845 -1.90935565 -0.27235684
 -2.93066341 -4.59809772 -9.97318113  0.85203703 -3.70537313  1.66485829
 -1.29702556 -1.62698385  1.45556012  0.72798308  3.81109133  0.78594994
 -3.2272931 ]
 pesos capa salida
[-0.30396924  0.18206029 -0.66930461 -0.30489292  1.65762828  0.2971282
  5.01671785  0.39351299  0.23690976  0.40408397 -0.36203875 -4.78692188
 -0.21734978 -0.02134523 -0.24759052 -0.20651146 -0.5984104  -0.69511977
 -0.30108773]
 biasCapaoculta
6.462652594647399
 biasCapaoSalida
4.848147712130402
 mejor error
116.707413201645
 Precision 
0.7046046915725456