
 fecha de inicio Sun, 07 Jan 2018 07:27:14 
 fecha de la generacion Sun, 07 Jan 2018 12:23:05 
 generacion: 5492
 pesos capa oculta 1
[ -2.46961537e-01   5.29336589e-01  -2.39768071e-02   3.80359000e-02
  -9.18224193e-01  -1.73178037e-01  -1.66112310e+00   2.20209005e-01
  -1.61352131e-01   1.02506664e+00  -1.29290689e-01   9.44319813e-01
  -1.11528744e-01   1.28295169e+00  -3.53214150e-09   3.40080084e-01
   9.10929093e-01   1.90735791e-01   1.28405248e-03   6.55868454e-03
   1.17079921e+00  -1.02321453e+00   4.99759187e-01  -6.16480981e-01
  -5.76319971e-01  -2.01496095e-01  -2.02069633e-03   1.13849918e-04
  -9.34133751e-02   7.53598770e-01   1.05458166e+00  -1.36964191e+00
   1.29782859e+00   6.54318526e-01  -7.59716958e-02  -6.96900977e-01
  -2.14592632e-03  -3.15241678e-01  -5.41237737e-01   2.81671648e-03
   2.71299723e-02  -2.14802989e-01  -3.50114993e-01   8.89879437e-01
  -1.24471370e-02  -2.12629852e-01  -1.13347678e+00  -2.94948971e-03
   3.69106427e-02   5.47311212e-01   1.62852003e-01  -1.67438675e-01
   7.44831920e-01   7.72676719e-01   9.57390960e-01][  1.13610667e+00  -1.19436697e-01   8.46741508e-01   3.60767028e-01
  -4.27489412e-01  -1.24251166e+00   1.05635070e-01   8.01275425e-02
  -4.39260587e-01  -4.86829103e-02  -9.40511685e-01   9.01315700e-02
  -1.26000908e+00   1.21300351e+00  -6.47818386e-03   2.86562200e-05
   1.29161924e-05   1.03264827e+00   5.06438075e-01  -1.69558662e-02
  -1.91722901e-03  -9.51445251e-01  -2.09361025e+00   3.82088643e-02
   1.55889012e+00   4.57661666e-01   1.38249671e-04   3.88450535e-01
   1.10153332e-01   6.95374606e-01  -5.73378965e-01   3.62105517e-01
  -2.87996046e-03   5.91275083e-03  -5.67153618e-02   1.05969921e+00
  -1.01115915e+00   1.46592186e+00  -4.33732777e-03   5.26106464e-02
   2.01292249e-03  -1.96068043e-01  -3.78824469e-01  -3.24597961e-01
   1.32692566e+00  -2.55505055e-01  -6.40731841e-01   3.45498937e-01
   7.15670375e-02   9.68609546e-02   1.03905860e+00   6.46974101e-03
   7.83945972e-02  -1.79527937e-01   1.32194677e+00][ 0.72828746 -1.14552065 -1.35411775 -0.01590554  2.29440953 -0.06687001
  0.12333244  0.45127396 -0.43357707 -0.76305412 -0.6272252   0.63737403
  2.40545769  1.57707242  0.72277066  0.70593794  1.00696904 -0.56734386
 -2.59605526 -0.48454864  0.279687   -0.38087303  0.03893562  0.01860011
 -1.00409935 -0.20405376  0.33793074  0.22282869  0.32628562  0.7352197
 -0.08887543 -0.71740784 -0.61059729 -0.07854507  0.51919066 -1.90179838
  1.16896868 -1.51009372 -0.03646367 -0.48731883 -0.53201191  0.30617726
  0.74095433  1.03901966 -2.13905067 -0.71694012 -0.43823277  0.93241191
 -0.17200396 -0.11491055  0.5715423   0.3799825   0.23487328  1.10882635
  1.57511667][  1.79340237e-01  -1.57363363e+00   9.05415237e-02  -3.31290858e-07
  -7.49096015e-01  -3.92329475e-02  -4.22138575e-03  -1.83022659e-01
  -1.23565850e+00   1.19762880e-06   7.22389819e-02  -1.34580031e-03
  -4.37404250e-01  -4.81076096e-03   1.67347143e-02  -2.25660138e-02
   4.83827009e-02   1.29155674e+00   1.83049460e+00   1.33131642e+00
  -1.43519562e-01   6.63013830e-01   1.94684196e-01  -1.07183127e+00
  -1.55867871e-01  -3.65901076e-02  -4.50513479e-02   7.97345897e-01
  -1.74239889e-01  -4.06627459e-01  -5.27012611e-01   7.31733524e-02
   7.76725213e-01  -5.25951095e-01  -1.52817248e-01   3.30615264e-01
  -2.61244832e-01   3.07780717e+00  -1.37734413e-01   1.38520092e+00
  -9.34966867e-01   9.24095644e-04   5.77576065e-01   1.13337575e+00
   5.64478761e-02   1.33766853e-02  -1.41514129e-01   6.69447815e-02
   1.00132169e-01   1.62807467e-06   7.10297959e-04  -9.05131746e-01
   5.86625344e-01  -2.16739277e-01  -2.53154453e-01][  7.41227857e-01  -2.27710639e-01   4.59162849e-03   3.13680381e-01
  -8.28557313e-01  -7.12684962e-01   4.53232843e-01   5.46908318e-05
   1.05088838e+00  -8.30380353e-01   8.83731684e-02   2.47021436e-01
   2.67622039e-01  -7.61319878e-02   3.23907422e+00   8.74654291e-01
   2.32699490e-01  -4.53282503e-01   1.67894803e-01   5.12564318e-01
   2.59506634e+00   1.09349264e+00   2.84579508e-01  -2.66070026e-01
  -8.89009768e-01  -2.72947834e-01  -6.45939382e-01  -1.22681171e+00
   1.25366712e+00  -1.61757733e-01   7.14897448e-02  -3.26991177e-01
  -1.57970979e-01   2.96288785e-03   4.62266882e-02   2.18128464e-03
   7.99844938e-01  -3.86526208e-02   1.90836377e-04   8.00720409e-02
  -9.39015981e-01   8.86567527e-01  -5.02623682e-01   7.25974075e-01
  -1.82515182e-01   8.56329384e-03  -6.19859277e-03  -3.91484658e-01
   2.84429239e-01  -6.71358760e-02   3.46895983e-01   1.35823973e-01
   3.26471479e-02   2.21286019e-04   9.01594614e-01][  4.44284522e-01   1.48220567e-02   3.29484208e-01  -4.62446528e-04
  -1.82377444e+00   9.51159908e-01  -1.86222470e-06  -1.05983492e+00
  -1.92007116e-03   4.48089618e+00   3.27812407e-01  -1.78221536e-01
  -1.31606036e+00   2.76157335e-03  -3.92237456e-03  -5.42483895e-01
   1.04055635e+00   1.66661247e-03  -5.70335032e-02  -4.28594969e-05
  -7.11003503e-02  -6.86981655e-02   2.07887095e+00  -1.05076566e-01
   7.27634815e-01   2.48882977e-01   9.02327163e-01   1.23750956e-03
   1.74723771e+00  -1.99329935e-01  -1.75204472e-01   2.97172997e-01
   3.57863100e-02   1.45621620e+00  -6.05017836e-02  -4.90888668e-01
  -7.58371981e-01   5.41795409e-01   3.07503086e-01  -4.89097983e-01
   4.31919075e-04  -4.35793873e-01   1.74289241e+00   2.20529381e-03
   1.44989424e+00  -4.31390516e-02   1.16546062e+00  -1.31574518e-01
   1.23559372e+00   1.21998838e+00  -6.44396614e-02   1.28122851e+00
  -9.66085149e-01  -2.68514231e-01   1.73359657e-03][  1.16794245e-01   7.29519507e-01  -1.11185544e-02   9.20325790e-02
   3.15876575e-01  -1.15359061e-01  -8.76112533e-01   1.30413370e+00
   3.46583009e-01  -1.53647991e+00  -9.00404411e-01  -2.63031580e-03
  -6.51741048e-01   1.19402836e+00   1.44375016e-03   1.39199006e-02
   1.75143494e-02   9.05783156e-03  -6.46785960e-03  -3.77223563e-01
  -1.87646176e-02  -2.02103022e+00   1.10516721e+00   3.44093725e-02
   2.20391237e-03   6.15715370e-01  -2.07634020e-01  -2.74409005e+00
   8.36974836e-01   8.21387891e-01   1.72182402e-01  -5.78344703e-05
  -9.36827450e-01   1.16805545e-02  -7.43327481e-01   1.62283401e+00
  -1.55912869e+00  -2.16247296e-03   2.67922535e-01   1.24060624e+00
   6.08941463e-01   3.78654605e-01   1.60208138e-02   1.58585538e-02
  -2.43639504e-01  -4.15498542e-01   1.97527345e+00   3.08205431e-01
  -1.55881216e+00   5.37878763e-01   7.48858629e-03   1.29989898e-01
   2.09095159e+00  -1.05246096e+00  -2.05147340e+00][ -3.89347692e-01   8.28992288e-01  -7.69008574e-02   2.47723158e-01
  -1.11106382e-01  -5.28822580e-01  -1.47735793e+00   8.26082776e-01
   8.39972781e-01  -1.34985881e+00  -5.62049277e-02   4.09711863e-03
   2.14587263e-01  -4.39873163e-02  -2.91376280e-01  -2.68502899e-01
   5.81481344e-01   2.72783250e+00  -6.23270489e-04   2.35136042e-01
   6.09697841e-02   6.37362263e-03  -6.95260822e-02  -1.99083663e-01
   6.93707017e-01  -3.59934834e-01   2.03273168e-02   1.42678540e+00
  -2.81473214e+00   7.15459202e-04   1.45588598e-01   2.45686734e-03
   1.66375434e+00  -8.07639982e-01   5.73743389e-05  -6.59418056e-02
  -5.64218552e-01   3.51776421e-01   1.31099393e+00  -1.26250498e+00
   2.47206278e-01   1.75485718e-01   1.52030489e-02  -9.21273853e-01
  -9.91489847e-02   7.46500598e-01   3.15508800e-02  -4.48993783e-03
   6.37355591e-01  -2.30912687e-03  -8.53565044e-01  -6.98493816e-02
   5.64315217e-01   1.38810574e-01   5.62231492e-01][ -4.35278417e-02  -1.13054114e+00   2.34139554e-01  -1.04403170e+00
  -1.30794945e+00   1.34484230e+00   6.18034359e-02  -2.63391365e-01
   1.66670183e-02  -4.84611201e-01   8.51518222e-01  -6.25355281e-01
  -5.84771226e-02   1.47412979e-01   3.43034366e-01   8.91596206e-01
  -1.26711098e+00  -1.67498669e-01  -4.69527419e-03   1.17186628e-01
   3.06573042e-01   5.24651802e-01   3.23707416e-01   1.03568846e-01
   1.54250753e+00   1.28497204e+00  -2.68472077e-03   1.69182259e+00
   9.69333705e-03  -1.09244504e+00   1.32913847e-01   1.39484633e-05
   3.63182175e-02  -1.05142583e+00  -6.52775969e-01  -6.62459383e-01
   8.61124748e-04  -1.59788858e+00   1.86672613e-01  -3.42938909e-01
  -1.82405502e+00  -4.22172907e-01  -1.11335402e-02  -4.72898734e-01
   5.58096412e-02   2.49237251e-01  -2.98065880e-01  -1.63888898e-01
  -8.91159196e-01   4.35755729e-01  -5.50240602e-01  -5.01246102e-01
  -1.28081338e+00   1.56233622e+00  -2.97348415e-01][ -2.30476698e-01   4.46783462e-03   1.31022782e-01  -7.92118608e-02
   4.11251612e-02  -1.29250349e-02  -1.30822198e+00   1.69566860e-02
   9.94066941e-02   6.39238116e-03   2.35460573e-01  -1.31731386e-01
  -1.90422206e+00  -2.66770130e-01   1.49533669e-01  -6.18494201e-03
  -2.21415296e-01   3.34282617e-02   1.93764031e-03  -7.66943951e-01
   2.37147828e-01   5.09756795e-01   1.41121918e-01   1.55906434e+00
   1.84780299e-01  -5.79808822e+00  -4.61814252e-01   2.05616592e-01
   1.37210630e+00  -9.50557991e-01  -7.79549274e-01  -2.68569788e-01
   3.88774790e-03   1.45004332e-03   1.01974360e+00  -8.06820088e-01
  -4.39818157e-01  -8.50237896e-01  -1.32536214e+00   4.25516339e-01
  -2.50996840e-01  -3.67804626e-03  -6.26482075e-01   3.86782698e-01
  -2.51676862e+00  -1.64835093e+00  -1.26042749e+00   9.27605503e-01
   8.38763981e-03   7.41410380e-02  -7.48771392e-01   4.63433464e-01
   1.15412487e+00   2.49250270e-01  -4.66331995e-01][ -4.89927526e-01   6.75049757e-03   6.95735742e-01  -7.99769276e-02
  -3.45212596e-03  -1.44443773e-01   8.29361176e-01   2.07671326e+00
   1.12543016e+00  -1.36621301e+00   1.45428474e+00   5.97204750e-04
   9.29890324e-01  -2.00570009e-03  -4.75070735e-01  -4.06984737e-01
  -9.94322887e-01   1.54650716e+00   7.05612187e-01  -2.40641473e-01
  -9.60761031e-01  -8.99449015e-01   1.53229258e+00  -2.03397607e+00
  -5.03454635e-04   4.41934509e-03  -2.15938068e-01   9.68113457e-03
  -2.33842855e-02   6.35847666e-01  -2.19837983e-01  -4.39499218e-01
   5.74511508e-02  -1.70223409e+00  -8.51883977e-01  -1.47572611e+00
  -5.64413625e-01   8.70230539e-01   5.88370845e-01  -1.90834760e-03
  -2.53942552e+00  -3.20992116e+00  -3.46985523e-01  -4.62084960e-01
   7.14384909e-01  -2.71239614e-03   2.01024204e+00   7.52345938e-01
  -7.71114491e-01   2.17156923e+00   5.85787797e-01   7.00647493e-06
  -2.00741423e-03   2.11214646e-01   6.20133221e-01][ -5.88101970e-01   1.70712191e+00   1.37187068e-01   1.92576142e-04
  -1.17740691e-01   5.97296891e-03   2.89582278e-03  -3.52721188e-01
   3.22218245e-01  -2.63954770e-01   4.18912552e-01  -2.15993112e+00
   4.87423980e-02   4.38264452e-01  -7.25784653e-01  -1.28570977e-01
   4.69284927e-01  -6.10338497e-03   3.19056375e-01  -3.70690934e-03
   2.85936379e-03  -8.02010039e-01  -8.39251336e-04  -4.39367583e-01
   5.29983436e-05  -6.40751034e-01  -1.29630196e-03   2.47479633e-02
  -9.32562752e-01  -3.02745853e-01  -1.90113526e+00   9.49875023e-01
  -3.64969278e-03   8.95739443e-01  -1.95809769e-02   6.39379274e-01
   2.08925606e+00   3.09423430e+00   8.33354732e-01   4.39450930e-01
   5.92350250e-01  -1.04029117e-01   1.35282047e+00   1.45310163e+00
   1.24481306e+00   1.18691566e-01  -3.47070285e-02  -1.75348584e-01
  -3.81765722e-02   2.30847320e+00   1.78366984e+00   1.80766654e+00
   5.64469208e-01  -1.18830668e-01  -4.92629293e-01][  2.33111588e-02   1.38556383e-03   1.00749151e+00  -2.90389919e-01
   3.75862868e-02  -6.60520518e-02   1.65654779e+00  -1.28701003e+00
   8.73515672e-01  -1.22280385e+00   5.90778041e-01   1.89847697e-02
   1.92042729e-03  -3.96952470e-02   1.14508652e-02  -1.54437622e-01
   1.35776113e+00  -7.29015455e-01  -2.75847064e-01  -1.12832148e+00
  -6.65439220e-02   2.59082222e-06  -3.94729848e-01  -7.05972096e-01
   2.36860976e-01  -3.75164601e-02  -1.51169570e-03  -6.98963385e-05
   1.33003383e+00   5.20240946e-01  -1.91267411e-01  -2.30564123e-02
  -6.89924231e-01  -1.83933498e-01   2.48601194e+00   3.55983096e-01
   5.16600810e-01  -4.63510740e-01  -1.44551374e+00  -5.95306222e-01
   1.41111914e+00   4.36183531e-04   7.20767550e-01   4.82947223e-01
   7.87560993e-02  -7.88546740e-01  -1.10663681e-01  -2.04108844e-02
  -3.59312613e-01   3.57490220e-01  -5.82107137e-01   3.98149392e-01
  -2.61047905e+00   1.98083133e-04  -5.69756211e-02][ -5.81694986e-01  -3.14078758e-03   4.76620099e-01  -2.73459553e+00
  -5.11684404e-01  -1.32029891e+00   8.44806444e-01  -4.66119611e-01
   1.26430519e-01   2.33938719e-01  -2.41691432e+00  -6.81265419e-02
  -4.24191910e-01   4.90063965e-01   3.85171061e-01  -1.61349213e-01
  -2.65234136e-04  -1.81028298e+00  -4.89076550e-03  -3.36954858e-02
  -6.75826608e-01   3.25611697e-01  -2.31431933e-02   2.36040230e-01
  -5.65155448e-02   1.02911102e+00  -2.14046641e+00  -8.57126753e-02
  -8.51755447e-01  -1.60246134e+00  -4.08220447e-02   8.13230729e-01
  -4.78144459e-02  -2.60349284e-01  -4.12917372e-01   2.18262816e-01
  -1.80658537e-01   1.75393747e+00   7.69938734e-04  -1.04754430e-01
  -2.18688956e-02  -5.46459824e-01  -2.89810159e-01  -4.87162313e-01
  -4.01944377e-03   9.03684763e-06  -2.37459039e-03   2.19177640e-01
  -1.91152057e+00   1.23343070e-01  -2.80926524e-02  -3.39199356e-03
   2.22037886e-01  -2.98632502e-01  -4.60542905e-01][  2.99274074e-03  -1.14838995e-01   8.65262503e-01   1.25161886e+00
   2.60571374e-01  -1.12600336e-01  -1.64486796e+00   3.62653293e-01
   1.14380733e+00   2.95649073e-02   3.20568632e-03   7.91408841e-01
   1.03536784e+00  -4.21131914e-01   9.18759689e-01   5.78924661e-03
  -6.57604589e-01   5.17556365e-01  -1.66755209e-02   8.86676722e-02
  -3.66278727e-03   6.38042856e-01   1.82701477e-01   3.25420403e-03
   3.06389842e-03   1.35820539e-03   4.24061317e-01  -3.03716951e-05
   4.46714426e-01  -1.69107172e-01  -5.76838068e-01   8.00103502e-02
  -3.70602041e-01  -1.02086707e+00   5.01464759e-01  -7.11051881e-01
   2.12883447e-02  -1.56780956e-02  -7.59446414e-01   6.91288832e-01
  -6.31402695e-01   2.15846748e+00  -2.08513207e+00  -1.22413095e-03
  -1.27800782e-02   1.27898647e-01   1.33491483e-01   2.53069926e-05
   1.28331365e-01   7.15754620e-01  -2.92866593e-01  -4.71338548e-02
  -3.85382126e-03   7.64275949e-02  -2.22260621e+00][ -1.37997914e-02   5.08788311e-01  -1.05554609e+00  -1.08201260e-02
   1.49081423e+00   2.20995751e-01  -7.32415540e-01  -3.85533084e-02
   1.01273154e-01   2.17452643e+00   4.40647905e-01  -1.71512822e+00
  -2.96475579e-01   9.86190697e-04   2.79585064e+00   8.01007315e-04
   5.55386965e-02   5.27893449e-01  -3.42080572e-03  -1.04705634e-01
  -1.67615586e-01  -2.28406079e-01   6.62317605e-01   3.85855456e-01
  -2.01560674e+00   1.04173108e+00  -2.02317242e-01  -3.22456077e-02
  -9.36531725e-01  -1.70674477e-01  -4.40254427e-01   2.89043586e-04
  -5.68163610e-02  -5.59755001e-02  -2.22339043e-05   5.13142060e-01
   2.34804786e-02   1.04439556e+00   5.85715031e-02  -1.60314849e-05
  -2.88522843e-01   2.92239349e-01  -2.92433446e-01  -7.60004551e-01
  -3.56620521e-01  -4.79975176e-02  -3.91569724e-01  -1.02640966e+00
  -1.05910670e-01  -2.06431903e-01   1.12964158e-01  -4.92499524e-02
  -8.99700336e-01  -8.99474173e-01  -1.59856208e+00][  2.83471339e+00  -4.07972922e-01  -9.70642317e-04  -2.48079800e-01
  -4.79107145e-01  -6.03718848e-01  -4.63034096e-02  -6.78246914e-01
  -8.61959998e-02  -5.78040715e-01   4.17609408e-01  -3.34354325e-01
  -5.82966340e-02   5.80470878e-02  -1.54445353e-02   2.48001994e-01
  -2.17683946e-03   4.17240983e-01  -1.69517083e+00   4.81700607e-01
   5.36763138e-01  -4.90209148e-02   3.04397952e-02  -1.50649158e-04
  -7.96191535e-01  -6.05985040e-01   3.06505458e-01  -1.72448420e-01
  -6.76360989e-01   3.53492713e-02   3.25861491e-03   7.30115749e-02
  -1.54730481e-05   4.53050085e-01   2.74403687e-01  -1.03586615e-01
   3.08354124e-01  -9.01960217e-01   2.33482303e+00   6.74433212e-01
   2.86138771e-01  -2.49317819e-01  -4.22686207e-03  -7.95962352e-05
  -1.77501894e-01   3.14504257e-02   2.21392532e-01   7.58744342e-01
   2.63770124e-01  -6.92611911e-02   1.51765069e+00   1.80549586e-01
  -4.50988945e-02   1.63729591e+00  -2.98408583e-01][  4.54379746e-01   6.38103538e-02   2.09407381e+00   8.57319102e-01
  -1.43150400e-01  -9.34383425e-02  -1.37572377e-01   3.25886285e-01
  -1.21306304e+00   1.41702058e-02   4.71636663e-02  -1.25866301e+00
  -2.48265694e-01   3.26229090e-02   7.71678740e-01   1.06345796e-01
   4.51938352e-01  -2.05085635e-02   2.28905760e-01  -9.83699922e-02
  -1.49031861e+00   1.65487143e+00  -3.27404689e-01  -2.28901131e-03
   6.70466352e-01  -1.87972617e+00   1.06274532e-01   5.53826376e-05
   1.29840664e+00  -3.41215027e-01   1.56282297e+00  -4.69168980e-01
  -4.43003610e-01   1.32354502e-01   7.20495723e-01  -1.08982952e-01
   5.94800676e-02   2.05391169e-01   3.11440138e-02   1.74323167e-01
  -2.54171430e+00   3.08120704e-02   3.08446615e-01  -1.42572443e+00
   1.09059720e-02  -1.36341659e+00  -1.09665713e+00  -4.92999651e-01
  -4.41433761e-01  -4.77589899e-02  -2.35277252e-01   1.07223644e-02
   7.83752324e-01   1.43865017e-03   1.03104538e+00][ -4.06265780e-01   2.77084811e-01  -4.72841560e-01  -2.03722313e-02
  -4.89303375e-04  -6.27102269e-01  -3.62388402e-02   1.01422295e-02
   3.67968164e-01  -1.45767641e-02   7.17495595e-01  -9.61217572e-04
   5.38070869e-01   4.31214849e+00  -5.01562562e-01  -8.39846589e-01
  -8.38681069e-01   1.45618455e+00  -5.19242787e-01  -3.86925907e-01
  -3.39960843e-01   1.35760525e+00   8.55449940e-01   2.83535193e-01
  -4.56239357e-01  -2.29649111e-03  -9.42142805e-01   1.07634137e+00
   8.09059165e-01  -7.55806083e-02   3.87723519e-01  -8.20783234e-03
   1.48883530e-01   9.84835442e-01   8.30747162e-02  -6.17418138e-01
   6.33970138e-05  -1.92493816e+00  -1.49597581e+00   1.70479800e+00
   6.56978920e-01  -8.77330169e-01   5.28338283e-01   1.66337011e-03
  -2.68555735e-01  -4.75931348e-02   3.63885896e-01  -1.53381510e+00
   5.40201590e-01  -1.11656742e+00  -4.77865793e-01  -9.89045602e-02
  -1.34947953e+00  -9.83755432e-02   4.76831161e-01]
 pesos capa salida
[  1.22243323e-02  -3.80601838e-03   6.44882054e-02   9.03896282e-01
  -2.45124382e-04   8.76829550e-01  -2.29820030e-04  -8.58542724e-02
  -6.94080254e-01  -2.98150742e-01   5.63248522e-06   6.87175060e-02
   1.34920059e-02   3.80860820e-11   5.07083811e-02   1.21858787e-03
   1.42713646e-01   2.78464798e-03  -5.83596833e-02]
 biasCapaoculta
-1.3169154653671975
 biasCapaoSalida
0.1576896295635334
 mejor error
134.88358836523278
 Precision 
0.5925282363162467