
 fecha de inicio Thu, 11 Jan 2018 04:16:14 
 fecha de la generacion Thu, 11 Jan 2018 04:16:18 
 generacion: 1
 pesos capa oculta 1
[ 0.5282846   0.97515102  0.93633953 -0.54360028 -0.72802566 -0.56545929
  0.85331636  0.17256332  0.63216266  0.76229667 -1.05741774  0.14601771
 -0.29940699  0.36049577 -0.0697849   0.80474172  0.17644805 -0.17176599
  0.8643365   0.95818809 -0.30779484 -0.73166174  0.97862633  0.37003547
  0.24055837  0.81566791  0.19980499  0.64102173  0.09895245  0.89858517
  0.88607317  0.42577293  0.54492426  0.1959438   0.17952097 -0.12178859
  0.95901799  0.36554087  0.14393002  0.24243324 -0.74074076 -0.29897188
  0.52289857 -0.74141632  0.12340993 -0.52478023  0.32813439 -0.62406402
  0.09837157  0.75150058  0.29140266 -0.0184519   0.43832532 -0.75910984
  0.01985849][ -2.52128870e-01   1.20431591e+00  -1.11129893e+00   2.69844954e-01
   3.44476596e-02  -7.69299167e-01  -5.91491536e-01   9.11658337e-01
  -8.61499124e-01  -2.33832481e-01  -7.90546318e-01   9.17764262e-01
   9.66974971e-01   3.18175276e-01  -1.82383738e-01   4.07628655e-01
   6.88988580e-01   7.64995476e-01   1.67101960e-01  -9.49030079e-01
  -5.07669553e-01  -8.38435576e-01   7.09405600e-03  -2.20110489e-01
  -4.26476981e-01  -1.14695762e-01   2.89818492e-01  -5.09454199e-01
  -5.92900101e-01   1.41510177e-01   4.65731470e-01  -9.49406783e-01
  -5.72191763e-01  -2.60160486e+00  -8.74653323e-01   1.20333664e-03
   4.01384817e-01   7.25954730e-01   5.65483402e-01  -3.75745143e-01
   9.81002330e-01  -9.91481957e-01  -3.82756186e-01   3.26246517e-01
   7.66077817e-02   8.53500135e-01  -5.81189931e-01  -9.18859122e-01
  -8.88746854e-01  -3.15239925e-01  -5.33781367e-03  -1.25809106e-01
  -3.55567338e-01  -1.67375964e-01   7.69954299e-01][-0.47828571  0.74950487 -0.20696816 -0.33591095 -0.25184946 -0.23647038
  0.43172189  0.28592259  0.9105174  -0.98233426  0.396748    0.03357774
 -0.75072483 -0.71808003  0.05168536  0.37753321 -0.91661978  0.59974726
 -1.26447783  0.46952409 -0.09095627  0.82567109  0.26108801 -0.21630936
 -0.06110082 -0.4123881  -0.1164734  -0.5923674   0.21162955 -0.69620603
 -0.63895383  0.17502789  0.06670853 -0.09990319 -0.02211813 -0.02178407
 -0.52559729 -0.43234283  0.02422735  1.84626398  0.74025061 -0.14421995
  0.53642817  0.01230965  0.74711438  0.23765775 -0.02357889  0.43931811
 -0.20735062  0.12849178  0.88330503 -0.03128455  0.44692431 -0.35290581
  0.73564094][ 0.35443738  0.04334424  0.68398872 -0.54723806  0.6793474   0.5642026
  0.10990584 -0.24189716  0.23739135 -0.40440053  0.64680245  0.49389484
  0.1538297   0.08674606 -0.72780444 -0.37317554  0.91837742  0.58007946
 -0.16238923  0.24047179 -0.40455692  0.54175935 -0.7996068   2.11143478
  0.53652786  0.43991321 -0.62101681  0.62015258 -0.82239437  0.30222196
 -0.66854251  1.1479558  -0.21482667  0.88774355  0.45012603  1.18731365
  0.89835568  0.88626361  0.19527621 -0.56590573 -0.32840157 -0.2510918
  0.78568667  0.24590758  0.59059166  0.97686059  0.43010316 -0.14786599
 -0.38148911 -0.04286091  0.66980768 -0.18196118  0.10559193 -0.51514764
 -0.66297254][ 0.86623675  0.34522543  0.1686227  -0.05644375  0.32150749  0.15577343
  0.91720903 -0.64039959  0.13515013  0.7802991   1.12804683  0.85706963
  0.64410712  0.85254996  0.28076413  0.53540864  0.64677487 -0.30170983
 -1.88957404  0.13113516 -0.06665392 -0.92874353  0.64030962 -0.04009779
  0.55740821  0.62337149 -0.94739117  0.87773739 -0.26275867  0.88494948
  0.56707473  0.79381638  0.70849828  0.73714965 -0.95920967 -0.2341921
 -0.89444657  0.41569735  0.59394789 -0.38069253 -0.76584604 -0.86799854
 -0.89977437  0.3039865   0.84433054  0.31106326 -0.0326656   0.0722553
  0.083015    0.88689113  0.98629472  2.0916702  -0.83050173  0.58035155
 -0.64292899][ 2.7780356   0.52374914 -0.06161017  0.80766239 -0.95290276 -0.94669446
 -0.55809952 -0.20227794 -0.72186249  0.27757626  0.55059826 -0.59644862
  0.46509626  0.03626738  0.16084757 -0.55653517  0.16165494  0.22990982
 -0.04407512 -0.27075219 -0.61940143  1.06185268  0.41836948 -0.60480137
  0.14635484  0.74236321  0.38010005  0.13217761  0.10291347 -0.24601703
 -0.84715793 -0.31998063 -0.63449958 -0.1651747  -0.91862663  0.07456445
 -0.93647018  0.68688203 -0.37457853  0.8471725   0.43688411 -1.27851907
 -0.56303286  0.65986233  0.2426645   0.66356829 -0.96028551  0.25378227
 -0.99383589  0.652622    0.18902877  0.34301785  0.97679403 -0.28009635
  0.33728606][ 0.89014801  0.20883999 -0.73934212  0.64170566  0.02539223  0.67514596
  0.9975233   0.5134666   0.89429081  0.82004797  0.27088737 -0.34407777
  0.19066215 -0.6016168   0.32629926  0.78254478 -0.28443022  0.00762784
 -0.73334025 -0.32295513  0.52401212  0.64652633 -0.21811583  0.88401522
  0.60930651  0.2506537  -0.32028618 -0.1134103   0.35637076  0.50072416
  0.94147791  0.14255066 -0.99244566 -0.64424569 -0.54083436  0.96938742
  0.81657643  0.29398807 -0.75714734 -1.35268624 -0.74010843 -0.54198867
 -0.2924655   0.87742069 -0.4669736   0.52706661 -0.16147883  0.78444212
  0.14275451  0.02896049 -0.69155996 -0.73055774  0.3437337  -0.44546348
  0.84823339][-0.74772897 -0.77424284 -0.37842617 -0.63563857  0.29670307  0.28286288
  0.98627038 -0.75512289  0.54872249  0.45206245  0.79850788 -0.90859325
  0.21665436  0.13483812 -0.94449192  0.30403966  0.9864137  -0.19176939
  0.83407957 -0.56520164 -0.38746613 -0.84982248  0.83132855  0.60098131
 -0.13245368  0.39308875  0.70120483 -1.02650946 -0.21886258  0.01833473
 -0.60871146 -0.81713114  0.06826946 -0.21793343  0.11596873 -0.17498857
  1.15690261 -0.89508352  0.6268768  -0.78625283 -0.00891972  0.52444749
 -0.23880518 -0.66148351 -0.09281326  0.05508606  0.49985656 -0.09111617
  0.55884865  0.07152108 -0.15946619  0.00797964  0.7911272  -0.80070232
 -0.90623591][-0.24323406 -0.6442681   0.84971943 -0.24208222  0.12807646 -0.05242542
  0.54114124 -0.47619186  0.64706789 -0.12846938  0.62163463  0.92308502
  0.34293024  0.78596592 -0.22108132  0.12470772  0.53472209 -0.03879922
 -0.51710692  0.41966901  0.51191888  0.61038039  0.24673653 -0.86135971
  0.66418184 -0.10676587  0.04779668 -0.77017019 -0.3045147   0.59138166
  0.60946003  0.37108226 -0.3767806  -0.1674961   0.9391971  -0.06208781
  0.44712222  0.98858432  0.3933821   0.76741786 -0.5138695   0.1616368
 -0.43770467  0.48626859  0.45878061  0.37710012  0.59926746 -0.70251741
 -0.69334707  0.00529657 -0.70829016  0.16027431 -0.482298   -0.06648436
 -0.20108371][-0.14794477  0.48817274  0.73352337  0.03793043  0.06797444 -0.21390459
 -0.16848681 -0.37848429 -0.07232697 -0.58941071  0.15686645 -0.12294386
  0.18843392 -0.74885053  0.35094968  0.59805355  0.25635281 -1.01996641
  0.08405499  0.15799754  0.71262272 -0.14538699 -2.24246774 -0.24342661
  0.10578237 -0.69392116 -0.77284393  0.3969709   0.09181552 -0.43798099
  0.60337323  0.22849115 -0.79712386  0.61972396 -0.63930206  0.15550164
  0.43388699  0.80432136  0.27339348 -0.24276128  0.90294656  0.41053045
 -0.27290806 -0.25734801  0.8833921  -0.91364595 -0.95682095  0.01902276
 -0.27929213  0.04829547 -0.79254953 -0.64103121  1.97613839  0.03728795
 -1.16613013][ -9.27415811e-02  -6.04174990e-01  -2.08748491e-01   2.84474883e+00
   1.69684709e+00  -2.83356619e-01  -1.64713616e-01  -1.17509035e-01
  -3.21618950e-01  -7.93111859e-02  -4.73333783e-01  -2.07936910e-01
  -9.59529231e-01   9.91944552e-01  -2.46338979e-01   2.80196093e-01
   3.68259092e-02  -1.54162689e-01   6.19061315e-01  -5.41204001e-01
   1.14475050e-01  -3.45561314e-01  -3.73784893e-01   7.28828370e-01
  -3.26149528e-01  -6.53312072e-01   5.89558501e-01  -6.25072520e-02
  -9.90829749e-01  -8.83930650e-01  -6.00123271e-01  -6.51453957e-02
  -5.88946226e-04   6.31431364e-01  -8.49875430e-01   8.08379967e-01
   9.60948479e-01  -2.09950880e-01   5.51309989e-01   2.72480658e-01
   3.85937430e-01   5.89434460e-01  -1.29010420e-01   1.83737277e-01
  -6.50171509e-02  -2.74942408e-01  -1.53699408e-01  -2.84318894e-02
  -8.55765744e-01  -9.57822023e-01  -8.25421022e-01   8.89634772e-01
  -2.42018758e-02  -4.91209596e-01   9.75851552e-01][ 0.84403365  0.13583227 -0.64595253 -0.06891346  0.58423848  0.7158941
  0.54852591  0.94053922 -0.24923648 -0.28375393 -0.49554472 -0.4936535
 -0.97954411 -0.47395427 -0.33851693 -0.25665159  0.85625085  0.14657965
  0.91952186  0.16773073 -0.86458893  0.17086174 -0.34372828  0.83064765
  0.98465261  0.20830599 -0.96390579  0.38249488 -0.56374771 -0.99062777
 -0.49805582 -0.4891996  -0.83682506  0.51458007 -0.16136645 -0.51433431
  0.9295146  -0.70096501 -0.88674288  0.15673037 -0.53659543  0.30912422
 -0.44643904  0.06020041 -0.50717558 -0.12574008  0.78630142  0.14970712
 -0.64855558 -0.03277295 -1.56042754  0.98167264  0.10909734  0.70982202
  0.19096871][ 0.81241002 -0.74521981 -0.7620242   0.53543804 -0.03850519  0.35671928
 -0.43149793 -0.0103887  -0.70797676 -0.8659196  -0.80931629  0.72941693
 -0.29908719 -0.14071601 -0.83888453  0.17287877 -0.93590601  0.80022793
  0.56247123 -0.4350451  -0.38217978  0.72369167  0.96183996  0.96099648
 -0.14231168 -0.97362552  0.85404091  0.085702    1.13981132 -0.46503811
  0.84293792  0.40182444  0.71284779 -0.00917526 -0.64933838  0.389644
 -0.93189796 -0.07167293  0.26939792 -0.87354625 -0.38468103  0.16897429
  0.78887954 -0.56094814  0.82242436  0.97907306 -0.78635193  0.53845808
  0.00698001 -0.70829903 -0.4815048  -0.91390346 -0.20302788 -0.60514979
  0.39638664][-0.96244816 -0.08678895 -0.51459666  0.60917639  0.14676478 -0.60055835
  1.15125544 -0.21092412  0.65085105 -0.74729156 -0.50592673  0.3552992
  0.46415317  0.49495974  0.78223478  1.04885583  0.31075361 -0.85412906
 -0.29692145 -0.25840968  0.01251985  0.13857451  0.76726628  0.89729153
  0.23096678 -0.07008503 -0.04709482 -1.0798313   0.72498403 -0.34429397
 -0.07504385 -0.73134558  0.85414523 -0.91892519 -2.08452008 -0.12919663
  0.49655995  0.69866124 -0.68664365  0.90558643 -0.10405612  0.34094655
  0.57235788  0.15230985  1.44688484  0.67158048  0.23717964 -0.05866196
 -0.22220596  0.78911693 -0.4208955   0.58972244 -0.82097799 -0.16666711
  0.58125331][ 0.80150945  0.11208967  0.34418355 -0.75305353 -2.18983004 -0.78921673
  0.72599743 -0.25803132  0.96432776  0.15336327  0.45164928 -0.96089396
 -0.51181837  0.62406728 -0.35705255 -0.18826193 -0.77858302 -0.23414585
  0.33173359  0.77842061 -0.98342141  0.51350204 -0.30957463  0.98755371
  0.67844174  0.27982312 -0.12737389  0.34689842 -0.54046553 -0.75810725
  0.30163655 -0.60096007  0.6565093  -0.28882853 -0.44712087 -0.95050079
  0.12213391 -0.82627297 -0.91043892 -0.50118599  0.54308888  0.15264927
 -0.38816184 -0.58828227 -0.83891246  0.83592721 -0.29937407  0.5865024
 -0.85322737 -0.33711917  0.33048271 -0.27253313 -0.94642959 -0.80119981
 -0.07926765][ 0.17689234 -0.77141057  0.10432977  0.39616185  0.70574045  0.03705921
  0.35824905 -0.57438306  0.70161652 -0.28415446 -0.75063969 -0.13765723
  2.34342595 -0.67244538 -0.01974719 -0.90117619  0.33191759 -0.9434483
  0.94490267 -0.22842499  0.06924074 -1.32789007 -0.77495725  1.29167492
  0.52224271 -0.41915749 -0.29340387  0.35723708 -0.71179064  0.1038328
 -0.63297233  0.25889765  1.79033736 -0.80186492  0.07729995 -0.39787366
  0.5413378   0.91280288 -0.10819215  0.36643157 -0.70810183  0.90752257
  0.23163517  1.5488194  -0.68848266 -0.39021842  0.89569541  0.45637924
 -0.59375782 -0.0061286  -0.7334051   0.50319988 -0.43053338 -0.15869002
 -0.21162682][-0.70150569 -0.77631631 -0.26064053 -1.5926472  -0.19237713 -0.70245911
  0.05950816  0.38580998  0.41442605 -0.29854501  0.15094875  0.15958531
 -0.36302252  0.83812899 -0.31564727 -0.87525037  0.62794552  0.65173609
  0.00821377 -0.27532844  0.66600985  0.91352597 -0.08363317 -0.20058801
  0.86737482  0.60269077 -0.61532821 -0.03726632  1.42266209  0.98820706
  0.44167779  0.4295297  -0.66393258  0.88018671  0.84159229 -0.70977397
  0.3459734   0.10609996  0.82032523  0.57738687 -0.8785697  -0.61099916
 -0.34991835  0.96221403  0.08174768 -0.25287806  0.79102819 -0.04990729
  0.19839127 -0.26235825 -0.34498864 -0.41093357 -0.8593671   0.31708158
 -0.04658012][ 0.31671894  0.72980167 -0.47110616  0.4656808   0.8039539  -0.13556905
 -0.52513987 -0.28922144  0.69978476  0.05651782 -0.96609593  0.636885
  2.02011639  0.48032125 -0.84453988 -0.39636687  0.29801504 -0.6422054
 -0.69771371 -0.18623525 -0.96621169  0.96514499 -0.88097578  0.35417416
  0.41849979 -0.15372048 -0.86104699 -0.88994627  0.28962897  0.74811904
 -0.48706535 -0.61621935 -0.31643941 -0.57705436 -0.2796467   0.87231646
 -0.28590599  0.10573877 -0.73542179  0.85489526 -0.25224659  0.16895384
 -0.45718821 -0.93113021 -0.67459311 -0.66076262  0.26017839 -0.96971185
  0.61096061  0.25067228 -0.17406625  0.49193134  0.77852097 -0.04850192
  0.00737799][-1.01841111  0.33485953  0.00271094 -0.79998066  0.37173637 -0.78979097
  0.06441504  0.52018104  0.47814336 -0.83222831  0.47944944 -0.08173217
  0.38683096  0.75518102  0.32542975  0.83266289  0.65096436 -0.62190682
  0.43326056  0.37450132  0.85824267  0.01621389 -0.23709188 -0.64070339
 -0.07125638  0.16375048  0.52754813  0.11460967  0.98253911 -0.59081881
 -0.92292144  0.35299925 -0.65229677  0.47257404 -0.0934048   0.83664079
  0.68765141 -0.19529622 -0.53797158 -0.91683344  0.21739673  0.76193695
 -0.39104161 -0.06887368  0.98699308  0.53053781 -0.99920542  0.55533796
 -0.79664568 -0.24240324 -0.80407837 -0.79533111 -0.83576689 -0.44269746
 -0.09767735]
 pesos capa salida
[ 4.81808545 -0.48554417 -3.38634236  1.71036411  3.62529276 -0.52536881
  5.02439329 -4.25948927  4.95982066  4.1856701  -0.85069277 -1.18999094
 -5.41340377  5.31897659 -1.56856958  5.80858908  5.13882185  0.95845441
 -6.11876549]
 biasCapaoculta
0.5534812797018634
 biasCapaoSalida
0.18047019121067065
 mejor error
225.18705692229736
 Precision 
0.5569070373588184