
 fecha de inicio Wed, 10 Jan 2018 20:28:14 
 fecha de la generacion Wed, 10 Jan 2018 23:41:45 
 generacion: 1897
 pesos capa oculta 1
[ -8.17295819  -1.14504633   7.55724511  -3.06286705  -0.40445947
   7.56622669   3.8635145   -3.79722271  -3.96070256   6.65027567
   3.58175807   8.52577279  -0.08438245   2.47652331   2.66895052
   4.0956086   -6.83074494   2.28693599   3.23938434  -0.95432765
   6.85763379  -3.70130344   4.89755886  11.55047184   0.74148653
   2.63466552  -2.79005942 -13.23418187   3.79446078  -3.65084966
  -0.64377514  -1.02070616   2.1677079    2.22080888   2.48913696
   4.70178914  -6.11864312  -1.49415031  -3.90426122   2.05160876
  -8.11235789   3.1151383    4.39501597   2.27501707  10.47927463
  -4.89430888  -5.25148847  -2.21439976   0.90170903   3.53241188
  -5.75345664  -0.02361519  -3.08237333   4.9356517    8.52996757][ -0.81455905 -10.13509062  -0.69304256   4.96264909  -0.44953937
  -0.56321774   4.27627665   2.67014131  -1.85766789   0.77448916
  -4.33533888  -4.53279786   4.0067336    0.53823626   1.07473186
  -0.95378703   3.40433308   7.09563691   2.76927671  -5.8293313
   5.64224829  -2.12349401   3.20350509  -6.50868975   3.70726973
  -9.52032642   1.63864608   6.29529284  -1.86871147  -7.08815634
   2.62933489   6.82652442  -4.32907415  -1.58607164   9.77150666
   1.92578401  -4.36949832   3.35962383  11.46255228 -12.63960748
  -4.07153313   4.08977599  -7.30123528  -5.53577888  -1.63338796
  -3.76968447   2.08234198  -1.24091176   0.74760125  -2.49828396
  -2.94506696  -1.60087926   8.62795775  -3.2674925   -1.73064648][ 11.48475219   6.32917723  -7.63948551  -9.13071724   4.75916026
   1.11739507  -5.37278893   7.09669909  -5.20203176  -1.69611496
  11.49521562  -3.80979632  -0.74490003  -0.25006004  11.85941099
  -1.90723027   2.6466364   -0.47812669   3.98977101 -11.30839471
  -2.13529976   8.36892854   1.84354175  -3.49568885   1.979089
  -7.48830819   9.11512219  -1.00186221  -0.81398225   3.6126147
  10.2906656   -4.16616173   1.75429417   0.46325451   3.34465192
  -0.28930303  -0.23686202  -2.36759142   1.20695677   8.79294294
   2.10724484  -1.87254317  14.57069437  11.19526247  -0.90936954
   6.35903029  -5.43418411   0.68064043  -1.7281592   -2.30407092
 -12.6431806    1.60370312  -4.3181689   -3.43423607  -1.52071101][  3.98203498   2.42974219 -10.04808073   3.17757397   6.23380937
   0.57182918   2.79716516  -4.99922299  -0.44419349  -4.32715018
  -5.81414948  -1.88860039   0.3924208    2.50565692   0.84596554
  -4.499069     0.08387925  -2.82388667  -1.50529142  -4.10825627
  -2.95675481   8.21530108  -2.34928523   3.07309389  -7.21620458
  -3.14919488  -9.89455029   5.75117643   5.37841073 -11.80443838
   4.94042863  -1.70073182   4.24699952   3.57331671  -5.33873723
  10.99748707   4.81119853   2.11242034   3.52042722  -8.28826943
   2.81255726   5.95148496 -11.49395307   7.27627761   3.8657811
   5.9522826    3.3344333   -1.83055478 -11.17416969  -2.72468347
  -4.24484848  -0.27422448  -4.42624713  -7.98583568  -2.23532482][  0.12969873  -3.93501013   2.83681373  -1.55274779  -3.64125258
   5.42423709   2.64963082  -1.13976147  -4.37116069   0.25072903
   1.24674655  13.12811137   0.45536326  -0.29345564   2.47816278
  -3.87138852   3.96849154   2.43358147   0.36041799  -5.54727277
   7.07330784  -6.62887654   2.05661975  -3.239179     1.41203198
 -10.18995317  -2.26648117  -1.19655065   1.56196924   7.39581918
   6.71397717  -5.27740547   1.01695687  -3.03740481  -7.23188839
  -3.73489585   5.12139594   3.43202338   9.52365837  -4.89005405
   1.66571982  18.04475199  -8.36018491  -1.01147859   0.35791705
  -0.55968229  -2.27874792  -1.12071599   4.32873381  -2.09676951
   9.24114229  -3.32647443  -4.76768642  -1.69261635  -6.8988749 ][  7.27466059  -7.05673613   6.30679307   4.30791988   4.63212332
  -1.88356872  -0.59948524   9.84556073   0.47211975  -1.92260261
   2.66468652   7.40073834  -0.66600614   6.2025581   -0.4718547
   6.90388082   7.85273856   0.03547273  10.15299935   1.58740237
  -1.15211993  -3.49501577 -13.7158921    3.84243194   9.00687357
   8.80288946  -6.0508939   -3.99782548   1.3710299    3.01153364
   0.91435209  -1.75814942   6.78853929  -0.83646102  -5.98932492
   7.0798926   -6.78883913  -2.01017666  11.54702108 -14.74877608
  -1.57420098  -4.12947048   1.02449066  -9.12955926  -0.4250717
  -2.19870693   4.47041685  10.81682206   2.36310325   1.58935191
   0.66002888  -5.53574665  -7.98284401  -2.51206077  -9.24305989][  4.6269186   -1.69899038   0.53426885  -4.1870535   -2.1156156
  -4.7749387   -4.57432576  -6.91952244  -2.16996967   1.93038615
   2.70563844   3.83389364  -2.57263203  -6.54683516  -5.19142065
  -0.71345903  -1.24694369   6.53174146  18.58329232  -4.14644367
   1.4491389    2.67411583   2.17913858   5.73805306   7.66364905
   0.99477227   1.22028073  -3.74409737  -3.59489476  -3.96732722
   5.25529806   1.36160422   3.91251928  -5.43981653   5.18710267
  -1.56980527   0.31808317  -2.34857405  -8.89687436   3.17007819
  -2.97074643  -1.61546354  -3.82680835  -2.5351834   -0.63368285
  -0.65047569  -2.23599439  13.32121176  -2.1396042   -0.85482829
  -0.76036263   1.43374043  -4.66369828  -0.52383234  -4.13284866][  3.12089827   1.89594988  -4.72500316 -11.88441658   0.04679374
   7.54656574   7.3731318    1.54081117   0.60288931   0.32786683
  15.04807771   8.13763958   0.41668375   8.47240592  -4.32379355
  -3.68954241   4.77488143   0.06022179   9.97823756  -6.31875026
  -4.97606824  -0.89173242   4.52126387  -6.53253     -1.2263775
  -3.53099179   2.21687762   5.57875485  -5.10488404  -0.0480855
  -6.35771454   4.82683628   1.00578773  -6.23398172  -3.8296356
   1.93324459  -2.406515    -0.1602152    4.40828801   3.55832074
  -2.38016048   4.6347575   -8.62129144   1.36495675  -0.49007575
  10.54330089   1.59925724  -4.3204843  -17.20590863   3.47071653
   1.24363099  -2.4961619    2.13729059  -0.06396272   1.04842013][ -7.68877813  -7.68668233   0.0216121    6.02890115  -4.59315243
   5.20702572   5.76443574  -2.78434443 -14.09085001   2.88677076
   3.55928043  -0.94973382  -3.62030263   1.67517823   6.74483398
   8.6841844   -1.50055112   0.353018     2.9174376    1.81275107
  -2.18659291  -6.95866259   0.34438096  -2.75968935  -5.13912833
   0.70048762  -3.51063191  -4.35586447  -4.71562017  -6.59920664
   3.63197398  -9.1951268   -1.69357938   2.39803338  -0.73374968
   2.5058291   -3.29052706   3.89402829   5.62638243  -3.19035147
   2.77401753   0.17915615  -2.80726051  -2.75315579  -2.05032033
  -1.94799977   3.04647529  -2.76500672   2.53127349   2.45742919
   1.99341715  -2.82087776   2.57921433   0.74822194  -5.03335935][ -4.93271594   1.27732578  -4.71277217  -7.7207779   -4.97871931
  -0.55254783  -5.82155323  -1.25717473   2.15601779  -4.96354375
   3.5845679    4.18853646  -1.32917259   4.52756434  -0.28460947
   0.8157591   -1.79871756   6.55060734   4.87512942  -3.89206468
   5.85885598  -6.05007486   3.65072029   9.95748268   9.19956419
   1.26849127   1.6599378   -2.16646778  -3.31804064   0.20993607
  12.17195858   5.45826895   3.26838831  -2.02930281   7.94239252
  -5.95747894   4.19864881  -4.56221133  -5.43924456  -0.17102481
  -4.09777098   9.94960886  -8.64312204   6.3552607  -13.59596695
  -9.99767632   3.68773296   4.1937182    6.30661205   6.58841761
   1.36287866  -3.14925248  -9.20270686  -3.89429049   0.296935  ][  1.1417288   -1.07222583   4.18426814  -0.94779718   8.2597538
   7.99288746  -1.12870309   2.7448647   -3.62864099  -2.38250046
   1.42494519  -0.68290036  -2.98584684  -5.8278965    0.26126695
   2.95573592   2.48925469   2.88511911 -12.77392522   0.96705404
  -7.7315136    7.13124245  -2.27664741   6.65132034  -5.9582168
  -1.43944263  -1.86133084   0.54966032  -4.43623285   0.28107357
  -9.37683703   2.88217642   2.22894379   6.87227666   8.16253446
 -13.77546683  -1.04876733   0.87890921  -4.76311571   8.97373249
   5.81572425   4.93727068  -0.91243526   1.19214402  -0.56409618
   3.08469416   3.83127197  -5.20293948   7.4936132    2.26061639
   7.45994733 -12.50097059  -6.17791969  -2.32500356   5.80020554][ -2.71501955  10.0965751    1.60302165   1.26520804  -2.71251404
   2.38517653   7.67391132   4.32581867  -0.72025409  -7.49407129
  -3.32217994  -5.42199458   1.35097687  -8.70008758   2.14127771
   3.38350178   2.90292003   0.72621069   0.38358476  -2.06764839
   6.85080995  -4.98241623   0.93405377   0.13000568   0.89676455
  -0.49901757  -3.34964879  -3.95718769   0.16818018  -4.24212915
   2.52741644   7.42281824   4.1924355   -3.05577121  -0.28364593
   1.96607333   9.11856034   1.0652303   -2.99868728   6.86319766
  -0.04703368   2.83662941  10.64457906  -2.269459     3.61447118
  12.51079401  -6.79184303  -4.4955266   -0.5320882   -1.61384602
   3.33840198  -9.30053955  -1.35621283   6.12030587  -1.77561359][  3.75280158  16.75554959  -1.20932372  -4.14250445   4.54226077
  -5.45646846  -0.78029186  -5.88471189  -6.78865812   0.93711707
  -0.94984592  -6.75679585  -3.90443246  -4.37313815  10.03185279
 -10.18395817  -0.24191719  -3.11231516   5.25577805  -0.93907007
   7.25101295   4.08351323  -1.741187    -1.42725606  -5.22811188
   8.35455531   0.23559746   4.91169807  10.84108019  -1.24236351
  -0.53995676   2.14141964  -1.47055269  -1.63763909   1.17357873
  -7.26119748  -2.13825975  -4.92743342  -2.57452383   4.55328376
   2.48179251   2.20976551   2.72097037   4.3633329    1.56252901
   5.33913858   4.47457362  -0.79990952  -4.36477185  -6.52180439
   3.22576123 -10.17072625   0.28368217  -7.27334746  -2.35883542][ -2.88399346e+00   6.36182373e-02   9.70104490e-02  -6.33687988e+00
   7.40163825e+00   4.18610777e-01   9.72031627e+00   8.39986837e-02
  -5.72906590e+00   1.58380152e-01   5.66381553e+00  -4.63696406e+00
  -1.48536611e+00  -1.09327081e+01  -1.99357500e+00   2.26138943e+00
   3.04614118e+00   2.31677588e+00   7.23455553e-02   2.01271158e+00
   2.81692360e+00   8.85827509e+00   2.46702336e+00  -1.32682364e-02
   3.47059533e+00   4.39432025e+00   8.14057062e+00  -5.59684155e+00
  -6.93927001e-01  -4.81929687e+00  -2.63140077e+00   8.70918404e-01
   4.86894414e+00   1.46348247e+00  -7.71440382e+00  -1.17638388e+00
  -5.65259080e+00   4.94428713e+00  -1.16395470e-01  -4.66536952e+00
  -3.93528644e+00  -5.49394840e+00   1.58261531e+01   2.20216523e+00
   1.66782396e+00  -6.55477516e+00  -6.81575860e+00  -4.10740828e+00
   1.54606553e+00   5.48932917e+00   5.62728774e+00   2.13434763e+00
   1.72264188e+01  -4.98434098e+00   7.66090321e+00][ -0.66703553   0.97765454   1.38463285 -11.15704279  -3.61211002
   2.28934448  -2.34339294   3.1227976   -8.96992763   0.36189011
  -8.05199753   0.1238959   -5.5483994    2.34738067  11.89958809
  -3.42515144  -4.93503186  -2.95618427  -0.41089814   5.35569186
  -2.69877006  -0.38268943  -3.24341139  -5.35342464  -5.90999237
  -2.97896911  10.36171935   3.09967528  -9.06874347  -1.68530755
   2.5626613   -2.01907988   1.4108481    3.88191286   1.55151426
   4.75512536   0.68589815   2.11781192   1.95217357  -0.97753203
  -9.74585761   4.19188008  -0.81325599   2.78444188  -1.82519696
  -1.51152226   7.21547277  -0.25683691  -1.10481855   5.60573949
  -1.06715093   0.80386613  -3.29338234   0.78290666   0.3480849 ][ -3.75096473  -1.16115636   1.9334884    4.30217599  10.03758486
   3.34414572   0.58051767   5.74190614  -8.05682284  -4.3926823
  -6.16936948  -4.47135813  -2.79189046  -0.6865841   -6.13246488
  -3.86791015   0.9228326    0.73023605  -2.43017761   4.37597761
  -0.41667249   9.51833356   8.54415729  -5.14465088   6.48703962
   2.97759073   2.06130443   2.26783907  -7.55679887   6.74506544
   3.03693761  -4.32011832   4.01288833   4.50614096   6.83666152
  -0.99711527   0.65255411  -7.41691207  -2.60475468   9.33973346
  -3.21199967   1.52346596  -4.80511272  -2.01879158  11.90423965
  -5.3071332   -0.13921792   2.59767278   2.90079401   5.33873877
  11.64878664  -2.71030828   3.67443456   3.067732     3.93165016][  6.56789708   5.20760769  -5.17935057   2.39416145  -6.75897224
   2.94701041  -3.95337765   2.40034359  -1.34316329   7.06274798
   5.7874364   -6.2990061   -1.20646089  10.84143394 -10.25324644
  -6.02998805   5.97765825  -0.82741217   3.18347809  -1.65056878
   1.93302304   1.77533469   2.11318082   1.08124423   2.68670098
  -0.77230284   8.56726802   0.50324145  -5.82639653   0.87326366
  13.74173528   4.90139671   5.98097252   4.9919996   -2.85733124
   3.54778151   6.46269137   2.86667334   6.93352202  -0.74328938
  -1.50966283  -1.55229291  -1.09470395  -6.33535651   6.49457999
   0.48811989  -6.50623312   1.88864606  11.69374472   0.33986903
   5.16945526   1.65778173  -2.37873621   4.61890301  -0.40104718][ -6.19814927  -8.71326939  -6.91976164  -0.91780298  -1.96854754
   1.62391459   0.28732207  -0.77468036   8.71653839  -0.87892566
  -7.48809974   5.964311     4.72694332   1.23176502   7.33301614
  -1.94782902   5.76723073  -1.61566405   0.26000475  -3.44526862
  11.81796561   7.85375468 -10.62186141   0.67506768  -3.17941438
   5.12190609   4.80112049   2.05619264   0.99458172   2.02458694
  -4.52044598   2.09965316   0.42577078   7.13226065   2.65466601
  -7.29461039   4.6623279   -1.9488373    4.4059789    9.12908603
  -5.04954522   1.27016343   7.85247703   4.30807692   4.51571501
   6.59784129   3.15605326   4.36699657   5.47676009  -4.92435081
   8.00208064  -5.14908194   9.11559714  -3.29323285  -3.98254375][ -0.28234153   1.45861589  11.09718769  -5.61911245 -10.37631859
  -0.39697658   6.52843551   1.57824511  -7.5421447   10.2277479
   8.32296332  -0.07460933   0.32100626  -8.08922964   4.004966
   1.69952018   7.43364838   5.31388428  15.06511412   5.17577742
   6.66795274   1.63115431  -3.32331251   2.13410666  -0.4404583
   0.56275308  -8.14157723   5.72190093  -2.95625944   5.72753797
   6.79407588   3.08427849  -5.25991451  -0.27516437  -3.34440635
   4.35798942   4.60504998  -4.47302206   0.72034808   9.18637362
  -5.87935057  -3.09058176   7.74968955   5.93838433  -4.3742481
   5.14730564   3.26841502  -2.44599336   5.60668357   1.35466159
   4.37746122   1.09374369   8.46668153   5.56393778   2.75485499]
 pesos capa salida
[ 0.93253528 -0.979359    0.31119353  0.09744411  0.05435561  0.5706645
 -0.77373213 -0.24787914  1.3904403   0.01206838  0.52562063 -0.22062854
 -0.27927225 -0.36671207 -0.59627645  0.17397151  1.60543314  0.54662179
  7.28883806]
 biasCapaoculta
-7.126655365232549
 biasCapaoSalida
0.17738253959854922
 mejor error
129.16455302994876
 Precision 
0.6463944396177237