
 fecha de inicio Sat, 06 Jan 2018 14:41:11 
 fecha de la generacion Sat, 06 Jan 2018 16:34:56 
 generacion: 1933
 pesos capa oculta 1
[ -1.82009339e-01  -2.07175096e-02   1.57299459e-26  -2.47405587e-09
  -1.35363438e-28   1.07279001e-01  -7.06395562e-20   1.48532831e-03
   2.92656727e-04  -3.26315328e-12  -1.52032609e-02   3.68505873e-01
   1.27495635e-08  -2.58677827e-03  -2.53599291e-04  -2.66701768e-04
   2.80799416e-04  -1.25214298e-04   2.85332295e-19  -3.26182328e-01
   9.47001121e-11  -1.02261814e-01   8.85019527e-03   4.27139521e-01
   3.58913030e-01   3.79142014e-02   1.10930371e-03  -2.75486681e-14
  -5.83537813e-12  -8.44299831e-03   9.36037272e-02   5.06646180e-01
   9.60089875e-02  -2.69326771e-07   3.14761158e-01  -3.92197503e-04
   1.49230018e-19   1.13174600e+00  -1.92827290e-02   7.41590665e-01
  -3.61102952e-02   3.23941493e-10  -7.05494193e-09  -4.88403562e-10
  -5.52901213e-07  -4.83945533e-22   3.83694014e-01  -1.52010133e-02
   6.50090846e-02  -3.69987796e-24  -1.31027559e-07  -6.12408514e-01
  -3.37601249e-27  -5.99135766e-01   2.07290276e-38][ -3.28027178e-01  -6.03713319e-01  -4.80839142e-01  -1.29285158e-07
   1.91401082e-07   3.43268987e-14   3.96870855e-02  -8.97249252e-24
  -2.23519672e-09  -3.35858594e-01   2.76751019e-10  -2.48787412e-01
  -8.22431481e-09  -1.28918718e-07   5.06242498e-03   1.02827643e-02
   8.74907763e-02  -6.43031952e-01  -1.59600488e-16   1.44178046e-01
   4.55160219e-14   9.90618572e-29   6.44784994e-03  -1.69939816e-21
   1.49467468e-01   1.29169432e-02   5.84270336e-07  -2.97162244e-04
   3.30600520e-03  -3.69069005e-07  -8.98588494e-01  -5.66566434e-03
   1.46016124e-35  -7.38956258e-02   4.84011839e-17  -2.91666373e-04
  -1.34525936e-09   2.35626160e-01   3.93404626e-03  -4.02074141e-06
   1.23274444e-01  -5.60369521e-01  -2.67039284e-14  -1.01780769e-02
  -7.70457667e-02  -5.33568594e-27  -2.12266014e-01   1.46748312e-02
  -1.81583226e-25  -2.01929213e-04  -4.62886581e-03   3.25153314e-01
   1.38796989e-15   2.87450652e-11   3.22484331e-01][  1.56276921e-23   8.40240944e-02  -5.62329544e-01  -8.11473972e-01
   1.40899902e-38   9.27996088e-01  -1.20435918e-03  -8.32850177e-26
  -1.12693175e-03  -2.60304329e-01   4.45301274e-01  -7.92589079e-01
   5.72764846e-01  -4.38492906e-01  -4.67224872e-27  -1.73492983e-02
  -1.34406079e-02  -5.04347443e-01   7.31982640e-01   4.27538933e-02
   5.75930081e-11   2.08173277e-05   1.97729962e-40   4.20664636e-14
   1.06413457e-09  -8.26551671e-01  -9.51017228e-02  -5.29035588e-05
   3.22355707e-01  -1.05767578e-15  -1.20918540e-03   5.53794328e-01
   1.50077930e-01   1.22118043e+00   4.95611955e-05  -4.59406940e-01
  -7.98159396e-04   9.59024130e-01   7.20775245e-01   2.95890098e-14
   2.93625896e-01   4.51843266e-01  -3.09864883e-01  -1.34015748e-01
   7.57273445e-14   3.25532842e-02   1.15964945e-19   1.79428005e-07
  -2.71063372e-07  -1.67384104e-01  -9.87894346e-03  -2.88751280e-15
  -5.80035706e-04   2.82682705e-02  -8.26193876e-04][ -3.43390983e-01  -1.56325183e+00   5.50594276e-01  -3.77074263e-01
   5.27972083e-06  -3.81442613e-01   1.06296102e-06  -1.27624702e-11
   3.60602505e-01  -9.81554375e-17   3.80716390e-05  -1.33375698e-01
   3.68073346e-35  -7.80257427e-10  -8.46614664e-02   2.27489521e-11
  -5.04252487e-01   3.27670995e-01  -1.39581514e-04  -9.72227164e-10
  -7.67364814e-09  -6.43780300e-07  -5.12913708e-01   6.10033548e-03
  -2.65966238e-16  -6.22162097e-02   1.66419170e-05  -4.20412573e-06
  -6.87299093e-03   4.85452584e-02  -1.04186832e-01  -6.52784632e-05
  -2.60878270e-01  -1.06918370e-01   4.20360153e-01   2.53830877e-14
   3.45179173e-01  -6.23310338e-20   4.96913087e-19   5.18496346e-01
   5.31842063e-02  -2.97054834e-16  -7.57940983e-19   9.78099685e-05
   1.89076063e-06  -3.86076198e-22   1.71599082e-01  -8.32537555e-11
   2.13659903e-32  -5.60714985e-01  -9.19816448e-02  -3.37615316e-20
   4.33318269e-19  -7.03790165e-24   9.71267973e-02][  4.27415665e-12   5.77761667e-14   5.62632404e-01   2.19550164e-13
  -4.68923458e-05  -1.00375431e-24   5.15263953e-01   5.99136384e-29
   1.39803271e-14   2.67807218e-01  -6.52315696e-33   3.97746166e-01
  -9.52977827e-01  -1.97174280e-06  -4.02322043e-11  -4.84690177e-01
  -1.03901313e-06  -7.03563813e-01  -5.68650694e-01  -2.11805740e-04
  -2.29421979e-03   3.84525029e-01  -6.85031153e-31   1.57587412e-02
   6.70326532e-01   1.66337032e-01   5.79792272e-02  -3.97442073e-03
  -1.21910135e-04  -5.28460611e-21   1.54075851e-04  -1.16243165e-02
   2.53569685e-01   1.99132579e-01  -4.75318435e-10   4.09445819e-09
  -2.73547756e-01  -5.85958866e-01  -6.12220510e-01  -1.39621918e-01
  -9.80250585e-10  -7.41360168e-05  -1.31992558e-01  -1.60953538e-01
   8.69971728e-11   6.73804372e-01  -3.42707083e-01  -1.19438064e-13
   2.87777463e-01  -5.50922019e-01  -4.30898355e-02  -1.06626330e-03
  -4.41202680e-06   1.68430676e-19   6.49329239e-01][  2.81629006e-09  -5.87492430e-02  -9.57207939e-01   1.28835109e-04
  -1.28561157e-04   3.44417020e-11  -1.29457814e-01  -2.49766835e-37
  -3.39818174e-09  -1.41010103e-01   1.31761322e-02  -4.45105610e-03
  -4.26354535e-03   1.14662829e-26   5.53626531e-01  -2.52630978e-49
   4.22059216e-10  -8.71903841e-02   8.76641761e-11  -9.64532661e-06
   1.20133814e+00  -2.51776830e-01  -2.30795403e-02   2.88812319e-03
  -3.45620391e-29   8.89736209e-02   7.91778625e-15   2.15342429e-02
  -2.06403803e-01  -1.24198311e-08  -1.07287003e-06  -4.42795162e-01
   5.49886477e-20  -2.70907827e-04  -2.38925199e-04   2.02857345e-01
   3.42058504e-32   2.98207171e-03   9.06983095e-02  -1.25200068e-04
   8.63915155e-01   6.20039031e-01  -2.79471606e-17   2.27904498e-11
  -3.44732083e-01  -3.02523155e-01  -1.33942342e-14  -1.08029805e-03
   2.38414485e-01  -1.13956942e+00   1.32906064e-01   1.33586031e-09
   6.93376229e-29   3.92818102e-23  -4.11217192e-04][  4.50808067e-03   2.54242119e-09   2.83401981e-01   2.17101807e-08
   2.55368481e-01  -1.79700172e-01  -2.06416032e-15  -9.83783887e-01
   3.89961134e-02  -6.09905830e-19   7.47025566e-22   6.63520054e-10
   4.53592834e-02   3.81482874e-23   2.61437484e-05  -6.29098539e-01
  -8.47510344e-06  -1.40466917e-02  -7.88681982e-10   3.05796974e-33
   5.46897419e-01   1.51139736e-02  -3.82487852e-15  -1.34700105e-01
  -9.71311170e-03   2.87576994e-01   1.25245383e-02  -1.11509182e-04
   5.87389028e-04  -1.87260292e-03   4.86775884e-15   1.11975498e+00
   2.61957164e-01   5.42302159e-29  -4.04549512e-11   2.45735622e-25
   6.61481121e-14   1.30144016e+00   2.45876124e-02  -4.83226833e-01
  -4.35979113e-01   6.39050172e-17  -5.38604845e-35  -1.41150417e-15
  -5.75361854e-14  -6.42584613e-02   9.71892502e-04   5.83459050e-02
   1.63495430e-02   5.05337423e-01   3.17573507e-01   2.85974632e-29
   4.70566508e-02   1.80813421e-02  -1.72805797e-02][  8.96909771e-02  -3.82390330e-01   1.03140145e-01   1.25678499e-07
  -8.36777267e-03   1.54528840e-03  -3.26694611e-01  -2.49774861e-03
  -9.00386831e-02   5.07112721e-03  -2.56698743e-31   1.52227213e-05
   1.45321010e-01   9.67861590e-03  -8.04151458e-01   1.25734526e-01
   1.23673922e-02   5.17974218e-03   3.04277044e-03  -1.37536991e-32
   1.57178477e-02   6.14711624e-05   3.52268009e-01   4.17116001e-32
  -4.71780344e-01  -8.35413452e-18  -2.42090962e-01  -2.28087673e-02
   6.28454550e-04  -1.11301055e-07   3.57462932e-29  -3.72763296e-02
  -5.22444569e-06  -2.90314969e-25   9.50174254e-05  -1.75439640e-26
  -1.77794621e-02   1.18686785e-23   4.49984384e-01  -4.49867744e-01
  -4.58244420e-05  -2.03596229e-17  -1.60250068e-06  -9.60953487e-01
  -4.22204674e-07   2.22209876e-01   5.83543383e-19  -1.57063552e-03
  -2.87994468e-04  -2.00563281e-01   6.60379353e-04   1.59663308e-16
   7.78466593e-04  -1.04632810e+00   1.08552906e-01][ -2.20723235e-12   1.03131265e-04  -3.32182805e-03   4.82823535e-02
  -1.91376827e-01   2.77225895e-01   5.66792968e-04   2.98366112e-01
  -1.06326446e-01   1.09819656e+00   9.14532628e-10   1.28768719e-05
   8.29394952e-02  -2.62464720e-05  -1.16168028e-05   5.60578794e-22
   5.12246386e-01  -2.64303118e-17   1.99154073e-05  -2.49790391e-01
  -1.96970437e-03   4.29434367e-01   2.03989979e-25  -3.19108872e-09
   1.51853864e-32   8.85837661e-01   2.16051678e-03   1.06091394e-06
  -7.55689195e-17  -4.44112406e-01   7.51662894e-04   4.35068924e-02
   8.61947198e-01   8.36725775e-02   9.01657773e-01   5.36102039e-02
  -7.48718318e-22   4.34566454e-03   8.91083615e-05  -3.90556393e-01
   4.06817391e-49   5.64166743e-10   1.95980447e-02   1.10074581e-01
   4.64141733e-01   1.72401595e-16  -3.68526650e-02  -3.44640099e-06
   6.87379859e-02  -1.93386931e-11  -1.25143891e-01   8.50587539e-01
   9.82428747e-03   3.30331660e-01  -5.66351709e-04][ -2.53114339e-14   2.28652716e-01  -2.27000018e-05  -4.42238931e-02
   3.74675977e-01   1.41192227e-02  -3.19701009e-01  -6.11462121e-01
  -1.78957269e-04   2.63783417e-04  -3.24508703e-05  -4.36721904e-01
  -1.11349261e-09   3.38853228e-12  -8.94509296e-01   8.42508080e-01
   2.69397229e-01   4.45082302e-04   3.28569492e-02   1.96048976e-01
  -9.77191890e-05   5.42702370e-02  -1.28719037e-03   4.87401488e-05
  -6.90241651e-10  -1.10831017e-12   3.17692259e-07  -2.00798559e-01
   8.63143667e-01   7.63912557e-09  -2.19705753e-04   1.30698125e-01
  -8.74881305e-01   5.46091677e-03  -7.91348922e-05   1.50767095e+00
   4.20316956e-10   4.47811233e-02  -3.93462777e-01   6.08054392e-04
  -6.62527690e-04  -4.73816159e-07   6.34947255e-01  -2.86008263e-05
  -6.06728865e-01   9.47088484e-02   2.30042333e-02   1.49111287e-04
  -3.32541455e-01  -1.30971581e-03   1.24288321e-03   8.81369680e-03
   1.83686972e-18  -3.68852065e-05   6.55891738e-01][  1.96016705e-03   5.93913396e-10  -2.51880042e-26   1.05777675e-10
   1.23635002e-01  -5.57661733e-01  -6.56598326e-08  -5.93136521e-01
  -3.26325086e-02  -2.73261149e-03   7.36055506e-10  -1.04214792e+00
  -2.03944339e-05  -1.46963360e+00   2.56780473e-09  -7.25021082e-19
  -6.59524648e-02   3.41582671e-01  -3.84438650e-23   1.33065049e+00
  -5.19755757e-02  -6.53500287e-03  -1.29260247e-09  -7.89971704e-01
  -7.17004482e-01   1.31251057e-01   7.30628664e-07  -9.31894412e-34
  -1.25265671e+00  -4.30821528e-01   5.72027613e-09   1.52850978e-03
  -4.65639252e-02   1.06334221e-01  -5.16930029e-11   2.08016926e-03
  -4.65633163e-03  -2.59450415e-01   8.72971863e-06  -2.88639355e-05
   1.16277242e-06  -1.12620108e+00   1.81689224e-01   6.77415047e-01
   5.46987661e-07  -4.31273952e-14  -5.61403691e-10  -1.57526741e-01
   1.48880555e+00   3.40482729e-11  -2.29603499e-02  -1.30181047e-03
  -8.72030326e-01   3.95563107e-09  -3.32078542e-01][ -1.71249408e-01  -1.35171892e-03  -5.71825511e-09   1.86143340e-08
   2.02646536e-17  -4.92628451e-03   1.20901444e+00  -3.99209733e-29
   6.71131432e-01   6.34756708e-01  -4.86424130e-01  -1.80131049e-04
   4.74796816e-02  -5.97645619e-03  -1.49858780e-02   4.10549745e-01
  -1.09474877e-20  -2.43827429e-01  -6.80877297e-11  -1.28425205e-01
  -7.05792540e-15  -5.21204672e-11   7.99403148e-01   3.16506354e-01
   6.02943120e-14   1.07112048e-37  -1.17817491e-13   8.75375267e-11
  -4.24167642e-04   3.72152903e-19  -1.61667574e+00  -5.03015957e-22
   9.51937640e-02   1.33419959e-14  -1.18966131e-20  -5.27104678e-01
  -4.31241063e-01   1.88092519e-01   4.13277600e-12   9.01081902e-34
   5.77164147e-04   2.66024521e-14   5.48194337e-03   2.73498148e-01
  -3.98495519e-09  -1.99633178e-32   1.24027972e-05  -2.73216926e-03
   4.17794332e-25  -9.56505639e-12  -9.85696601e-29  -1.01541036e-01
  -3.90337091e-04   7.97706708e-03  -1.12472119e+00][  3.39742106e-01  -1.11088344e-05   4.63176296e-02   3.21526610e-01
  -2.44379503e-01  -4.36257052e-01  -8.21590400e-17  -1.75261410e-16
  -3.16221361e-16  -8.38908852e-09  -6.40151498e-03   3.45943697e-02
   1.43924239e-03   2.72549100e-05  -5.94990353e-10  -2.57880313e-03
  -6.64278030e-02   2.87967389e-02  -3.49957159e-09   5.76984551e-03
   4.57339849e-01   1.30955015e-18   3.54470484e-01  -1.40383062e-01
   7.65494343e-03  -5.36969792e-02  -1.00898741e-16   3.22401947e-01
   2.80861930e-01   1.12844449e-26  -3.10755854e-12  -2.25174750e-02
  -2.94640544e-01  -1.31278215e-01   6.31995702e-01   4.10584005e-06
  -1.35074526e+00   6.50848388e-01  -5.20304149e-01  -1.83024772e-19
  -1.56771360e-01   5.37136903e-03  -2.95739168e-10   1.97315949e-01
  -4.43193247e-26  -1.89197562e-02   7.98790499e-07   3.23293430e-14
   1.91311604e-01   6.36328308e-06  -3.13134269e-01  -6.35563240e-14
  -7.65621240e-05   1.37427015e-04  -2.56817358e-02][  1.94606454e-15  -5.50576147e-01  -7.04270750e-33  -1.59325544e-01
  -8.47024115e-01  -3.27891088e-04   8.29989081e-10  -2.03172818e-08
   9.16382344e-01   3.15132413e-26  -3.75849773e-11   1.73019089e-11
   1.36044483e-17  -2.36221701e-09   1.83105666e-10   1.44266630e+00
   1.77152118e-02  -2.04011176e-04  -5.85449837e-02  -3.21362096e-01
   2.89266633e-17  -3.82155952e-01  -1.74324473e-12   1.98641199e-01
  -5.39290511e-41  -1.60323072e-02  -5.17446177e-02  -4.73243271e-02
   4.03293638e-15  -1.19503242e-03  -4.18464935e-19  -1.37451585e-11
   1.49702992e-04  -3.95419912e-01  -1.61762325e-01  -4.78286086e-01
  -3.10456218e-15   5.16830418e-01  -2.03196370e-37  -6.22459794e-01
  -8.73524381e-03  -3.37781558e-01  -4.96569586e-01   2.62742512e-01
  -1.24954558e-09   4.11968344e-01  -6.54464678e-04   1.61265072e-01
  -1.35339075e-19   2.14956910e-04   4.31922358e-05  -7.92032511e-01
  -4.05751377e-03  -1.41860934e-04  -1.30976044e+00][  7.56178232e-02   4.70347481e-02  -3.42436350e-02   4.94466619e-01
  -1.08590062e-01   1.07719103e+00   7.92792882e-01  -7.71430621e-11
  -6.97138446e-07   1.56984132e-01  -2.80188683e-04   3.40086764e-01
  -2.13574350e-08  -9.36864174e-01   1.02180486e+00   6.27388800e-32
   7.02262657e-02  -4.58463323e-10  -3.18561734e-15   1.03084510e-01
  -3.66463476e-01  -1.79211638e-02   1.46825345e+00   1.04684468e+00
  -1.55423567e-06  -2.78305332e-01  -1.30901684e-01   2.50457542e-01
   4.28422194e-01  -1.86198277e-01  -4.48836281e-01   2.80833180e-03
   6.74871570e-01  -5.34358398e-02  -4.77074116e-02   1.10210131e+00
  -2.32369418e-01   2.88828468e-01  -2.38382811e-33  -9.52979759e-01
  -1.15729257e-03   5.55724425e-11   2.61659445e-04  -2.52299242e-19
  -4.57351713e-01  -6.54336858e-02  -3.31241904e-04  -2.56714340e-04
  -1.80499069e-01   7.98932137e-02   2.30059830e-01   1.11653275e-03
  -1.23471389e-01  -8.95410927e-04   1.21888851e-07][ -5.01369455e-04   3.51560289e-01  -1.37687012e-18   2.35858129e-10
   3.05446051e-01  -2.60441719e-03   9.44782415e-02  -2.41983037e-10
   5.30022112e-05  -2.53496121e-01  -7.43898165e-01   2.24141674e-04
   2.23701978e-03  -5.36155330e-02  -4.81042046e-01  -5.10082917e-01
  -4.23227032e-01   2.56102004e-01  -4.11001200e-01   9.76776904e-15
  -1.12343170e+00   4.48780816e-03  -4.92247170e-01   5.35484351e-07
  -7.19214509e-01   1.46845544e+00   1.65567548e-32   5.18504282e-04
   7.30535981e-02  -5.35083182e-05   4.23808697e-17  -8.01955831e-01
   5.63758936e-03   3.19658679e-13  -6.60669890e-01   3.57227478e-01
   4.30592628e-10   1.33887464e-11  -1.13798342e-03  -3.34212459e-01
  -1.11290107e-03  -2.01596159e-02  -2.56191657e-01   1.24657157e-01
  -5.13760182e-02  -2.08882643e-23   8.65137537e-04  -4.94949827e-04
  -3.39181311e-01  -3.76472233e-14   4.04566368e-02  -4.64057459e-01
  -3.27949132e-04  -4.38812997e-01  -1.03775298e-08][  1.55918338e-02  -1.09165297e-03   2.04901832e-01  -3.45479236e-01
   2.06120356e-09  -9.21511876e-01  -2.89806277e-01  -2.12680018e-15
  -1.27043838e-03   1.33677681e-01   1.79954359e-07   4.64484621e-02
   4.83189274e-01   7.83125847e-05  -1.47022638e-01  -1.37904143e-03
   4.50898246e-08  -4.11981482e-04  -1.60358125e-01   3.58366898e-01
   4.71888961e-04   2.11195578e-01  -6.58965770e-11  -1.85527128e-18
   6.60059726e-03  -3.46369304e-02  -9.12575132e-14  -1.10127146e-02
  -1.33696200e-10   1.19414175e-01   5.50745608e-07  -4.44362318e-05
   2.71952551e-03  -3.16373084e-01   3.00565737e-29  -4.12765616e-19
  -2.82500357e-05  -7.65636727e-05  -1.06207361e+00  -5.35212114e-05
  -4.09197239e-02  -2.61848306e-01  -1.30105786e-03   2.68828429e-40
  -9.33182625e-01  -1.55583175e-03   2.66687867e-02  -3.73086263e-01
  -3.76442873e-10  -4.09241326e-02  -1.24390520e-03  -1.49967396e-03
   9.28841069e-04  -4.47425327e-01  -6.62575002e-01][  4.91560601e-01  -2.80406225e-04   1.19062175e-01   4.95335954e-01
   9.96426547e-04   1.72859613e-04  -5.52705737e-01  -4.13984405e-26
   2.15751350e-01  -1.10796868e-18  -5.40611852e-01  -4.92592047e-05
   4.11661181e-11   1.62658347e-02  -4.06441153e-07   2.31055913e-04
  -6.55380175e-32   4.74543021e-12   1.03262687e-01  -8.16244846e-14
   1.48401986e-02   7.77656091e-03   1.27434822e-45   1.32962759e-10
  -9.92936777e-35   3.40715744e-10  -4.15345591e-18  -4.73908528e-04
  -4.87182951e-04   1.47502072e-01  -8.74871138e-35  -9.64531727e-01
  -4.45289717e-01  -5.70321865e-01  -2.05836254e-03  -5.17009024e-01
  -3.51272760e-12  -3.56266910e-05   1.21370527e-01   1.90013495e-04
  -1.64077759e-04  -5.43657741e-15  -2.23891086e-33  -2.00937624e-04
   5.69002217e-01  -5.09429406e-09  -2.77554870e-24  -1.14518852e+00
  -1.24730800e-02  -1.80318961e-01  -5.18956700e-03  -5.25254627e-01
   3.59297747e-02   1.26410599e-01   9.80404372e-02][  3.09312677e-29   2.51175940e-02   1.06635643e-01  -2.03972774e-04
  -5.58241575e-03  -2.64100289e-02   3.76502571e-04   6.42819708e-01
  -3.04568585e-03  -1.74708503e-18   3.87298115e-01  -3.99362162e-02
   1.69695038e-02   3.03019503e-02   2.35357315e-02  -4.89919210e-01
  -2.25589745e-02  -5.12840314e-10  -6.52602912e-20   1.47101505e-32
  -5.51447413e-19  -1.17121104e-02   2.99105618e-20   9.97334766e-06
  -2.63247927e-04   5.92504116e-01  -4.07702614e-45   1.11968618e-01
   4.42358599e-02   2.59724132e-09   2.86557295e-02  -1.49450807e-13
  -7.62897832e-01   4.61847875e-06   4.13893286e-05  -2.29949876e-11
  -2.85485932e-03   3.59079542e-03   2.11442123e-01   5.10288147e-01
   1.42829906e-02  -9.12679750e-04   3.85648604e-02   5.97301373e-08
   9.92435669e-01   5.13863519e-01   4.74856520e-01  -3.28505743e-01
   7.39053927e-01   1.94249688e-09   7.98490061e-01  -2.84581861e-09
  -1.31753608e-02  -1.65902547e-01  -1.92545636e-01]
 pesos capa salida
[ -6.21209023e-02  -6.25896059e-01   3.92227183e-05   4.53908233e-03
  -1.48386295e-26   2.09337420e-23   1.57232160e-15  -5.68813073e-02
   1.75499501e+00   5.08974830e-01  -1.33248424e-18   1.67081432e-60
   1.28952865e-04   4.17657470e-35   7.40348503e-17   7.19698560e-27
   2.31417842e-03  -4.20457371e-26   2.42363953e-06]
 biasCapaoculta
-0.3057704981541988
 biasCapaoSalida
-0.20113282234978258
 mejor error
135.27475133741956
 Precision 
0.5977410947002606