
 fecha de inicio Sun, 07 Jan 2018 14:47:50 
 fecha de la generacion Sun, 07 Jan 2018 20:21:49 
 generacion: 6254
 pesos capa oculta 1
[  1.02655576   7.43845666  -3.75055283   3.18441406   5.46445876
   9.7823136    2.59915857  -1.51990023   4.95967016   8.07478694
  -5.22143383  -2.2082641    7.75754901  -0.95364681   5.49506623
  -6.36339526   0.99309981   2.40757844  -7.79362628  -0.52401551
  -6.40927824 -11.30385095   4.5506787    3.41249583  -2.92701463
   1.72050456  -5.21178401   3.93933796   2.05592431   3.88327631
  -1.2100564   -0.08170663  -2.8223711   14.65216428   0.07616547
   1.42831753   2.95125316  -0.34456229   0.91851927  -0.09804915
  -3.37337923   1.39536922   0.02358578   6.47263359   4.07347411
   4.21181991  -0.74167159 -14.77046528   3.12436383   0.1751899
   2.03550297   3.66534347  -2.69264663   4.23502954   0.19554127][  4.57543979  -1.20129536  -3.1192658    2.14212679   6.92466816
   0.89477727  -3.39399318   0.4850239   -2.24376385   0.44002832
  11.33788069  -0.71573037   1.74930525   2.01832196  -6.26725911
  -4.15570898   4.75640132  -6.22377812   0.92288014  -4.79551133
   4.09569943   6.43507628   5.46553495   4.2371094    0.8401895
   1.37660316  -6.24503969   7.97152103   5.99084494   5.07912495
   7.98933459  -3.34212416   1.1563979    4.79270466   0.58931934
   2.78616953  -8.8340955    1.26866779   1.99786358  -2.9120256
  -4.97032519   6.58936278   0.87503579   3.78426412   5.95984016
   9.09153984   8.92333276   2.87546118   3.66131195  -1.57531177
   3.3491958    4.39050475   3.56910509  -6.94331039   4.07539976][ 1.03981151 -9.23443968  6.19107898 -5.23493511  4.3936055   3.3690655
 -6.5166817  -6.50765233 -8.03328263  6.21901807  1.31392154  1.58675528
  1.6111849   3.34943941  7.22545959  0.53800213  7.37293269  4.73727831
 -2.89080818  2.71783284 -3.37130073 -1.86378502  1.02588626  2.30438563
  4.24316778 -0.86848726  0.70886999 -5.86201559 -0.81394184  0.25683692
  3.34702793 -0.42427116  0.18804579  2.875299   -1.33795441  2.34646542
 -2.69365185 -2.53652275 -5.95039038  2.68369166  2.39885438  5.06339585
 -1.77173159 -1.80654962 -2.71741675  3.49258329  2.65323983  3.24878016
  5.78875039  3.739218    1.90868286  5.81664502 -4.18238223  4.48049747
  1.84753546][ -9.38283142e-01   2.65804421e-01   8.98166575e+00   1.51653794e+00
   1.41380684e-01  -5.42171907e-01   2.00374135e+00  -1.71578256e-01
  -1.51123384e-01   1.71190476e+00  -3.04141638e+00   1.40666259e+00
   3.29530480e+00  -5.71361341e-01  -8.07626506e-01  -5.42246295e+00
  -7.09913746e+00  -2.92976757e+00   2.21132260e+00  -3.79680872e+00
  -4.22651739e+00   4.66053250e-02  -2.06741340e+00   6.17058217e+00
   2.25362479e+00   1.62542424e+00   1.87446764e+00  -5.65425142e+00
   5.91334802e-02  -1.93362796e+00   7.91226619e-01  -7.10907960e-01
   5.77451586e-01  -4.30052391e+00  -1.84434990e-01   1.28808635e+01
  -4.22360017e-01  -5.70450730e+00   4.32674488e+00   4.63911353e-01
   2.03112857e+00   9.09516173e-03   2.43004561e+00  -3.15631582e+00
  -2.60528951e+00   9.85757669e+00  -5.27376440e+00   5.72603497e+00
   5.29885665e+00  -7.76132916e+00  -8.11274874e+00   1.00582520e+01
  -1.54228465e+00  -7.61698805e+00   1.19731206e+00][  2.78773931   2.31055609   3.41304098  -1.40165284   9.64785782
   1.5380075   -6.22234303   3.93704556   4.88798999   5.6324007
   5.82220625  -1.01824353   6.10487971   3.43084407  -3.1604436
  -2.18400937   1.22148496  -5.48349191  -3.37303869   1.63980933
  -7.96786737  10.38186095   0.46747793   0.39268943  -6.33633088
  -3.18484656  -1.14656504  -3.04075466   0.66927937   0.96444623
   3.38807919  -5.21146924  -3.88103652   5.29487335  -2.13344458
   1.91097319   1.6977228   -0.07712308   4.91736334   1.43597786
   6.03852013  -9.1026147   -2.20545342   5.75629239  -1.54417151
  -3.55049661   2.21840592   3.97166483  -1.96500253   5.15301159
   3.85659769  -5.05112717  -2.56504243   2.64584869   2.2825998 ][  6.58562703   0.87414052   1.75666684   4.4324447    1.98651819
  -1.33793051   2.64932206   3.63924704   0.30368045   8.41310464
  -3.89039267   7.62503556   1.24224364 -10.19220962  -2.64970613
   1.39682225   9.22962314  -3.4535802    8.15552964   1.9898771
  -4.77072316   1.81572936  -8.18068932 -17.58187083   2.17491172
  -3.41750686  -0.06234399   2.55777308   0.49393291  -9.89295817
   2.21688384  -2.39805678   0.63498002  -6.21288816   8.61057077
   0.94628112   5.73194959  -5.68495076   1.72731495  -0.81339813
  -7.91203152   2.07389743   4.26372318   1.51240588   3.82354757
   4.11816348   6.27177699 -13.04920761   4.55231427   8.84907515
  -0.20526366  -5.55358105   0.1163002   -2.8509548   -2.47122122][ -0.11818495   1.38738478   3.44141932   3.11515807   0.86698685
  -8.34109383  -1.38899031  -6.29981257   0.30436808   2.1875563
  -4.83677419   1.72207595  -4.20838095   0.59068055  -3.96820644
  -6.51070584  -2.06498237  -4.0127389   -2.24002695   1.46487256
  -6.84824253 -16.43039888   5.42598682   1.08666118   1.40526205
   1.06027698   4.52330332   9.65339117  -8.84319558   8.30927969
  14.01660138   7.92152141  -3.05108942  -0.7532824   -2.66422107
  -6.31700935  -5.70336154   2.52816077   5.26297729   5.48762548
  -3.25523566   0.2931405    0.14777163  -2.7954603    3.85393916
  -0.93015353  -4.08115567   3.02178132   0.66356863   2.09528535
  -2.23900383  -6.71243308  -3.33016667   3.24501679  -0.91633308][-2.68386351  0.55822946 -2.13590559  2.4312521  -5.53542617 -1.91570297
 -5.61125555 -4.25185801 -5.69035644 -3.53762543 -4.27630007 -5.04026334
  2.55674427  0.66290013  1.03634452  0.64240442 -4.10058355 -1.46356202
 -4.29435685 -8.8336738   3.87361988  7.44713613  1.42510372 -7.49948749
  0.36477945 -7.2849223   0.03131096  0.2656899   2.29120792  3.51299969
  1.27091599  2.32517728  6.9877238  -2.24867197 -3.34700387 -0.99668559
 -1.23497028  2.17125769 -0.29765875 -0.64705331 -2.11886933  1.1898913
 -7.80017778  1.50430192 -2.39077271  0.89055828  0.28885771  5.938935
  0.81136576 -1.64375106 -1.90428093  0.13500765 -0.85965922  6.26012431
  3.45135667][ 2.04386969  7.23918519 -0.66338496  4.52868456 -4.99548057 -3.42541266
 -0.69805347  4.74007358  2.40217057 -2.92704225  2.89756663 -1.82426209
 -4.53901941 -5.61265862 -2.4564983   4.10080216  1.5119166   5.0094695
  4.84526882 -0.79713998  2.20698003  2.35861571  1.950117   -6.8657872
 -6.74601545 -1.9866481   5.90559563 -5.10226521 -1.09486974 -4.94337548
  5.3901146  -6.28592389  5.45561042 -2.40845303  2.0444745  -4.50347572
 -0.31728469 -5.6315223   0.48179391 -6.92113591 -0.33731813  0.0234664
 -2.51011107 -3.94641102 -0.05989098  6.864027    1.44712296  6.11451209
  0.81470346  1.13591695 -2.55709474  0.01713233  0.28907431 -2.82196791
 -1.6147446 ][ -0.8347853    1.69476331   6.21115252  -2.32065682  -3.63540512
   2.6682951   -3.46860165  -1.84589298  -3.84101381   5.93689427
   0.46766588  -1.69445052  -1.60869067  -4.21934816   2.85577993
   0.66148074  -3.21515295   2.30568573   1.00636294  -1.57335164
   1.42220301   1.22839619  -0.61394417   0.07953586  -3.36534392
   1.02012359  -0.72825996   3.21850531  -1.32654667   5.58779971
   3.9469714    4.03239344   4.31725162  -7.20036911   0.30683958
   5.90863285  -2.67520634   0.17749534  -0.83204791  -4.50692634
 -12.06916346   5.15736052  -5.50424184  -7.81311904   0.48071625
  -0.14010942   1.03076575  -0.12551084  -6.24111673   0.09869938
  -1.65470144  -4.87320668  -7.43591622   3.1642044   -2.2931715 ][ -5.06185692e+00  -1.17767280e-02  -4.08846892e+00  -1.20020987e+00
  -9.14418165e-01  -3.33213026e+00  -3.01783187e+00   1.93321673e+00
   2.86349906e+00  -8.15573197e+00   8.54069530e+00   5.63719439e+00
  -8.29068727e+00   2.74525196e+00   4.10557929e+00   4.78720639e-01
   1.55012319e+00   1.96835052e+00  -4.29497869e+00  -4.48308811e+00
   1.10174815e-01  -3.09211891e+00   1.44932325e+00   5.84473406e+00
   6.56744235e-01   1.36746674e+00   4.49404962e+00   1.20779788e+01
  -3.02973601e+00   8.89591057e+00   3.29542479e+00  -3.70462268e+00
  -1.54158770e+00  -7.51540746e+00  -7.95911297e+00   4.79807986e+00
   9.29771699e+00  -5.39009355e+00   6.39648903e+00   1.33184082e+00
  -4.24143247e+00  -2.07816875e+00  -1.80750618e+00   6.04308977e+00
  -1.79200123e-01   1.18519068e+00   6.86374839e+00   1.91566882e+00
  -2.60814178e+00   1.06341208e+01   5.73694949e+00   5.82390566e+00
  -4.71435846e-01  -4.56006863e-01   6.09926580e+00][ -7.05630591   0.37843619   5.04770483   4.08446616   1.0804708
  -1.17989222   0.76739643  -1.69644815  -0.43258032   9.933441
   6.86754224 -15.13889622   2.45920064   7.36595602   0.55642054
  -1.54991066   5.01416673   8.14574178   3.59010978 -15.18458985
  -9.42997992   6.92939294  -2.64343944   0.40062149  -3.80837668
  -2.04261532   4.07734338   1.09100772   5.70994439   1.26983204
   3.86977759   0.73711215   3.6117833    3.33864852  -0.50135532
  -6.84322989   3.78631778   0.92993771  -1.55406859  -3.61771582
  -1.20204198  -5.02924965   4.94430564  -3.26720003   3.25211391
   1.23048602  -4.7497995    2.08388071  -0.78134705  -0.0708233
   8.09008896   1.08395805  10.05337477  -7.17975242   1.78975424][ -1.98577571  -8.54716228  -2.17246497   1.15252656   6.81439913
   3.61239248   2.21696647   0.38541266   2.21091888   1.23655529
  -0.57307844   5.02776285   1.62142227  -1.82342449   8.01015202
  -1.92705018   3.95718751  -0.76304431  -8.21593331  -7.13782939
   0.2934535   -2.47162139   1.16852408   2.63217906  -7.70203215
  -4.22860355  -7.35678897  -1.72951617  -2.58438571  -5.5580301
   1.91180558   5.20039126   1.07622776  -2.23068287   0.45225265
  -9.49474011  -6.70790483   3.23694283   2.16824064   1.98831238
  -7.45727088   6.52608763  -1.15736425   0.52727165  -3.02369088
  -0.91797439   1.4538012  -13.19786149  -1.35288369  -1.91060492
  -1.06359759  -0.36369819  -3.97247572   4.26589946   1.66430815][-6.30977409 -2.05704632 -2.87711191  0.68924374 -6.94740786 -7.06570546
  4.97073431  0.90769711 -0.1095053   0.04772312  1.3344362   7.78841723
  9.84804113 -4.96606896  5.46710905  3.06856269  0.86601955 -6.15455542
 -4.32962478  6.86720914  1.22616797 -1.29034466 -0.37927901 -4.11704743
  0.75913856  0.07863858 -3.40231933  2.39678353 -0.91228221  3.60744242
  2.38327797 -3.67656823  2.97764463 -0.34022417 -3.3477467  -2.06589322
 -7.19363997 -3.84988999  3.96385448  0.53692362 -2.26063069 -2.3158314
  2.82831495 -7.61963995  3.40455611  3.54658792 -1.33659627 -1.03526249
  0.21955888  0.52780787 -1.46655298  1.14769544 -2.32553164 -5.87549226
  7.18686217][ -5.14157742   0.8941134    2.27654519  -3.94870245   0.98691572
   1.26898779 -11.88216603   5.55751526   0.05368618   8.73098928
   3.56366344   5.6253042   -4.67430108  -1.864638     3.40030869
   5.38280741   5.57471945   3.99597291   3.32946968   1.58818837
   3.80561082   0.88278426  -6.82890195  -6.30902671   4.88329562
  -4.31091794   6.82089855  13.72880286   0.7398987    3.77316298
  -6.88754092  -1.35794665   1.5692282    1.60873389  -5.12604533
   3.60867299  -0.10321779  10.40598196   4.12326123  -0.7084408
  -2.01102617   1.88574009  -5.41838316  -1.53460911  -0.95632843
   0.62319562  -3.04848289   3.64981677  -6.1043597   -0.75883255
   1.07230788   6.23382686   1.79039208  -0.88428511   2.17595697][  3.93259533  -0.65381711   2.7445321   -2.04948929  -8.01908008
  -0.31270488  -1.32346102  -3.12333341  -1.24929597   4.69570864
   0.88586134   0.60926939   3.37086565   0.14247035   0.21207883
  -4.05099254  -5.66289419  -2.93959477  -0.68859069   2.87337477
  -1.18518237  -2.37718751   1.42570162  -1.93539629   1.05269789
  -2.88259036   4.75142186  -2.15355568  -1.13276117   6.86602701
   2.26710842  -4.2344023   -6.87862532   0.58152429   9.39918333
   1.16484878  -1.2475086  -10.07382805   3.29122657  -3.56733314
   1.52330454   0.04636728   2.75122194  -3.7009733    5.58512351
   1.36476444   0.9031208   -5.22367598   0.86922959  -0.94259593
  -6.17934928   2.01140329  -2.53233203   1.42741045   3.97142168][  4.48155588  -2.11575099   6.99485389   6.14170291   6.44053863
  -1.06146739   0.02470247  10.30409524   4.37264986   4.32432114
  -3.55287635   0.54266975   6.04763334  -0.78271651  -5.19089403
   0.41357233   0.46636328   1.06258425  -8.01780048   7.35672396
   0.46682648   7.19411995  -4.66672178  -0.3305801    4.94368837
  -4.16378911   2.20018318   1.94781909  -2.04695206  -0.6416565
   3.64775855  -0.41974718   6.14529556  -2.57236196   0.99483912
   3.54904305   3.51749922   1.40163396   8.54872956   3.14185503
   7.82702179  -0.81628169  -4.74912197   3.28338892   3.44586117
  -3.43835327   3.65254108   1.86347447   8.35007778   7.44222005
   3.15406259   9.47957989   0.57161762  -9.98852878  -6.75468317][  6.98700804e+00  -3.87578036e+00  -2.64371463e-01   3.19907219e+00
  -2.95570569e+00  -8.97240766e-01  -6.51891004e-01   5.31117236e+00
  -4.59185747e+00  -6.23260543e+00   1.14825161e+00  -3.47446631e+00
  -5.41615585e+00  -1.83670846e-01  -2.49239799e+00   5.37069945e+00
   6.49878899e-03   4.73816821e+00  -1.25058919e-01  -2.54812887e+00
   3.51787745e+00   1.37636314e+00   5.30264096e-01   5.87448725e+00
   4.88631349e+00   3.32725975e-01  -6.31721994e+00   5.87824530e+00
  -3.50906083e+00   3.72663057e+00   6.51981627e-01  -2.25996522e+00
   2.78004691e+00  -1.43251560e-01  -5.23872446e+00   5.40994304e+00
  -6.02737560e-01   3.80168999e+00   5.93006851e+00  -4.11919154e+00
   2.84268212e+00   1.67370893e+00   4.81873208e+00   3.63831109e+00
   2.71323074e+00  -8.91482559e+00  -4.41101642e+00   9.00449702e+00
   1.23736505e+00  -1.89148360e+00   6.30193732e+00  -3.22085367e+00
  -3.41091390e+00  -6.46280325e-01  -2.63289588e+00][ -5.05642363  -8.50502656  -1.12104303  -6.09353308   0.43188688
  -9.81794619   0.13064628   6.48850802   1.0414541   -8.27919153
   2.28478037   6.37965842   2.97025114  -4.23990579  -2.54216359
  -0.22970702  -2.35215655  -0.0986461    4.53521851   0.95017976
  -2.7907238    3.83155986   0.06691337  11.41097984  -2.77719469
  -0.19819936   0.23536798   7.43906091   0.17102843  -2.55594282
  -0.71250038  -4.12802365   6.82235633  -2.28446297  -1.08510029
   7.70183735  -1.34649334  -0.50482827  -0.8539896    1.41839397
  -2.4061173   -1.99391759  -6.63970975   4.98740028  -4.96288853
   7.3827047    0.98637335  -2.0321202   -1.68261153   7.68278994
   8.91319089   8.68224201   3.83224456  -0.09319178  -1.56409449]
 pesos capa salida
[ 0.23692507  0.39195488  8.5954842  -0.44156677 -0.42959522  0.38173769
 -0.74380265 -1.08077423 -1.58962421  0.19636428  0.01212106  1.48153397
  0.58517552  0.17497698  0.1998078   0.43230646  1.34435085 -0.14450626
  0.70152613]
 biasCapaoculta
-1.4767919745860354
 biasCapaoSalida
0.9864245624256842
 mejor error
120.73550129498669
 Precision 
0.6594265855777585