
 fecha de inicio Mon, 08 Jan 2018 01:56:14 
 fecha de la generacion Mon, 08 Jan 2018 07:46:24 
 generacion: 3014
 pesos capa oculta 1
[  1.81827436e+00   2.90943172e+00  -7.71900567e+00  -5.38097052e-01
  -1.95644679e-01  -7.71164376e-01  -3.88582789e-01   3.23842151e-01
  -3.32317019e+00   5.24053607e-03  -1.78420570e+00  -4.59755697e-01
  -1.39174209e+00  -1.90282417e-01  -1.97605027e+00   4.60831028e-01
  -8.26703228e+00  -2.27389861e+00  -1.53547990e+00   1.68268298e+00
   3.24154371e+00   2.45129814e+00  -4.00728017e+00  -1.69840898e-01
   2.06680203e+00  -1.12860587e+00   1.56309455e+00   1.43071222e+00
   1.71143169e+00  -2.28320280e+00  -1.93297324e+00  -3.79283626e+00
  -6.55116954e-01   2.15471580e+00   4.36856463e+00   5.86643820e-01
  -2.76055678e+00  -3.18600267e+00   2.63075335e+00  -2.37627015e-01
  -1.26249907e-01  -6.94194264e-01   7.22666195e-02  -1.68571669e+00
   1.58161154e+00   5.71233160e+00   2.73392321e+00  -1.61852983e+00
  -2.36792787e+00  -3.05181599e+00  -3.46434294e+00  -1.45805743e+00
   9.68919756e-01   1.31518926e-01  -3.32979289e+00][ 0.27676668 -0.04775081 -4.91915426 -3.30766522  0.17735639  2.80942721
  2.16749127 -5.11593726 -2.34596292 -3.04751377  1.25741015 -4.0022467
 -3.11097075 -1.23396674  1.0166689   2.39715209 -4.82473782  0.08551166
  2.8276148   1.27975538  5.10732845 -1.04248068  2.27047693  1.2769207
 -0.88316123  0.38705568  0.6506406  -4.6120599  -0.76980401  3.94100671
  1.74919866 -2.7894591   1.32877648 -0.22797866 -3.00902221 -3.31172386
  2.64726    -4.81351338  2.49740876 -0.55483005  1.98413507 -3.43235825
  3.42694182  2.24011543  0.7645483   2.57385472  2.51358431 -0.0224589
  1.54310039 -3.99674248 -1.22116429 -8.26337205 -4.20555799 -5.18246429
  1.46382491][-3.86135832 -0.23731067  1.31700611  2.43402802  3.60278511 -0.43929435
  0.15137822 -1.72949077  1.99554473  4.51429912  4.07489886 -2.58191906
 -4.73397528  0.42704588  4.17979682  1.85004931 -2.65999386  4.81671931
 -1.79006513  1.55279439  2.54709452  0.62572766 -4.07953336  3.33909889
  0.59111664  4.66304542  3.12612082 -2.0327778  -0.48732108 -0.67481552
  0.30721382 -2.98641269  5.46150654 -0.78626763  3.94305287 -0.31285121
  1.05353162  1.15663765 -0.02242966  1.72091597  2.28017932 -4.91558872
  1.71901571  1.26432408  0.13992996 -0.94057425  2.44234095  0.49741287
 -2.74067768 -0.80663363  5.06153673  5.69081467  0.57182336  2.94261808
  3.35719224][ 5.20985659 -2.55385874 -3.48142485 -3.33849971  0.59246144  3.0017754
 -0.61058403 -1.00869383  2.19446678 -3.04169232 -2.36209102 -0.19869086
  2.35310437 -0.06141921  2.81296692 -0.9850935   2.23484541 -2.96166196
 -2.90863133 -1.32587676 -4.24388774 -4.20389699 -0.42552252  0.73607406
 -1.29061103 -5.13258758 -7.12080174  0.65968706 -3.22897361 -0.97568914
  2.78332986  1.74031737  1.70853419 -1.57700266 -0.71499247  8.53620107
  3.2826619  -2.22928133  2.32864074 -3.68568737 -2.98969584 -2.62844354
  6.25985217 -2.46445104 -0.13538897  1.86594174 -0.34145353  2.14855026
 -1.65928724 -1.23203214 -4.50165386 -1.34260657  2.60319794  3.42953124
  1.265079  ][  2.17151328e+00   2.86735185e+00  -2.66445028e+00   1.76995595e+00
   2.88702779e+00   4.23366008e+00  -3.41679482e+00   2.64940699e+00
   2.52097516e-01  -2.36112122e+00   1.60072079e+00   2.94168903e+00
  -1.47993716e+00   1.58052642e+00  -3.03207191e+00  -1.38651055e+00
  -2.45711568e+00  -2.48149202e+00   1.66466201e+00   7.70147105e+00
  -1.80308168e+00  -1.18058959e-01   1.31606163e+00   2.13486839e+00
   1.22466289e+00  -4.25347802e-02  -6.44589585e-01  -2.66650871e+00
   7.43750526e-01  -3.76308956e+00   1.02645116e-01   5.92273722e-01
   8.81123553e-01  -5.29736696e+00  -2.16490242e+00  -4.33696942e+00
  -1.03910432e-01  -7.71799965e-01   8.05064548e-01   5.10077621e-04
   5.59698540e-01  -1.71830617e+00  -2.84538279e+00   1.29065341e+00
  -1.38039870e+00  -9.70213172e-01  -3.80852357e+00  -2.03018132e+00
   2.02547586e+00   9.15362854e-01   6.07539005e+00   1.12714464e+00
   2.27258994e+00  -4.29920249e+00   8.60002540e-01][-0.61811198  1.02682868  1.5306977  -3.91959408 -0.25996951  0.75402328
 -4.62584851 -0.87370593 -4.39237423  3.5734415   0.77050416  0.7013634
  3.96229576 -0.46506896  5.26322804  0.1530677   4.00640989 -1.47693975
  0.49719081 -2.8713829   1.82859524  3.68562931  0.01924782 -0.26375664
 -3.0473524  -3.40999059  0.43416073 -0.74686968  3.88687868 -1.42816436
 -1.10011073  2.09175257  1.60202806  2.88205156 -1.1959167  -1.28597362
 -1.32442487  4.87840607 -2.81329171 -5.0388144  -0.82367902  1.02042695
  1.3787895  -6.39753198  0.13456267 -1.67931642 -0.35976158 -3.04329999
 -1.53099011 -2.49489884  2.68643852 -7.4962436  -0.30192282 -1.20057961
  2.03189634][ 0.4684409  -1.98844104  0.32803013  1.36613282 -0.39952942  6.9565786
  2.15295483  0.79439185 -0.46262267  1.00580182 -0.89251041 -1.08283771
  0.51621283  0.04133969  2.66137555 -1.80692665  1.54771607  0.11949898
  1.55206464  8.43280314 -0.66625256  0.47610717 -0.2485797  -3.29914462
  0.13347091  1.40866861  5.99843515 -2.82990893 -2.27809119  3.07862931
 -0.60567539 -3.45534661 -0.93704517  0.7523272   0.73988388 -1.23430928
 -2.4320902  -3.13419728 -5.68778503 -2.3293519  -1.95013129  3.52828403
  1.71240836  0.26726961  3.78636611 -3.50016074  0.77018982 -1.2492921
  0.52909397 -0.7398897   0.5035327  -3.47923939  3.25868645 -4.10483956
 -2.4284135 ][  1.57505462  -0.9152828    2.1959654    2.85161659   0.30036542
   3.93362617  -0.11475639  -3.10904578  -4.87811973   4.11416792
   0.52236587  10.16685475   0.53161376   1.90394049   0.80486693
   0.68552368   2.86245219   2.42104592  -2.21139068  -1.0772718
  -2.18117689   4.77146139   0.79737625   0.10732049  -4.07656322
  -2.60071604  -6.29800876   1.29678823  -0.88137702  -3.21103287
  -1.96570056  -0.17097031  -1.59081453   3.67387326   4.8686185
   4.87627542  -0.50811421   1.75940707  -1.65335543  -1.1251333
  -1.67797601  -0.50342436  -1.31042533   1.80582499   3.18893696
  -2.28512871  -0.68133845  -3.26651548  -0.84170772  -1.16490872
   1.01592738   1.22856664   5.55626514   2.11567329   0.24253735][-4.46765775  5.85746956  1.89002205 -1.83387998 -1.08055253  2.06039926
 -1.74896743  1.5303467  -2.67399032 -0.72070824 -1.895641   -1.06733026
  0.04235104 -0.68215445  1.26383299 -1.07121935 -2.74199173  2.3426658
 -0.18737195 -2.10603838  0.81263253 -0.03322744 -2.52906134 -2.13963127
  5.763312    4.26493983  2.09532957  1.52035204 -2.41887399  2.21213064
 -3.73665818  2.31662365 -2.72751764  1.28270597 -0.78647714  0.04698527
  4.34448776 -1.50170837  1.30147615 -0.31235697  2.95987596  0.03312139
 -0.42042488  1.12476602 -4.32260271 -0.92314588  2.06364779 -0.38550629
 -1.80778717 -1.29304297 -1.79238493 -0.39495799 -1.62418055  3.04176684
  3.07681126][-5.15983239  2.48729069  4.46596851  0.65243827 -1.06579258 -0.07193074
 -0.18478828 -4.55653339  2.85482982  7.67382045  0.49808757 -2.14783435
 -1.75130597 -0.31607899 -0.3072713  -2.68861695 -0.93878059  2.05945242
  3.70948011  0.3488658  -0.68297252 -1.4030166   0.90835816  1.55375422
 -1.91592842 -0.24904579 -3.96847941  3.33468218 -4.78356124  0.02006125
  0.3796222   1.56521559 -3.63404998  1.0382705   3.97985139  0.51432435
 -3.39088775  0.07033392  3.4120933  -2.62936185 -0.35105732 -0.12954449
 -4.52532776  5.48803302 -3.56582271  1.13991656  4.7976325  -3.93986734
 -4.93527197 -0.31098599  5.91194953 -3.22809256 -3.33150334 -2.34228337
  0.124464  ][ 2.02039754  4.85071562  4.77988505 -2.22709551  2.19116286 -1.78382592
  0.96589236  0.91944143 -2.62491468 -1.29144287 -6.50032657 -6.50369302
 -1.36776202  1.05872658 -2.34561054 -2.27570153 -1.24695108 -4.84954593
  1.93380289  3.51048514  1.73096351 -2.12034262 -1.47792487 -0.314582
 -6.49333501  0.67433868 -2.66583062  0.19688158  3.21962628  0.5703757
 -4.88629318 -4.49584899  2.98609828  0.06259255 -2.03038704  3.82765644
  1.46376543 -0.65244699 -0.07090832 -0.18179094 -0.49271474  3.45013308
  3.11406496  4.07119988  1.677943   -0.87950764  3.59762831 -2.65449593
 -2.90686407 -4.64932218 -4.58628491  0.74671525  0.79271744 -0.72925227
  0.63435577][-3.73362115  1.11796484 -4.64956384  5.10472628  2.84798754 -1.92047968
 -1.98695194 -0.96013374 -0.84380066  1.22994861  1.77372107  1.91053016
 -1.97013611  1.66461163  0.77173353 -1.92247766 -1.39394929  3.77714548
  2.0139171   0.0344514  -3.11734795 -4.11043864 -6.54724072 -1.78214283
  0.47651287 -0.18020128  1.83861596 -3.61857549 -1.7681821  -0.6200073
 -6.52880816  0.61589611  0.3653791   0.87702332 -1.59908272 -2.55236753
  1.87272845 -5.45414252  3.49190762  0.4102336   3.22811235 -5.22387213
 -1.77561283  2.11723448 -2.55362306  1.53504034 -2.21604928  1.00932233
 -3.16597775  6.76758085  0.90508858 -0.37002916  0.84201138 -1.79094118
 -8.53026572][ 2.82162637 -1.52777611  7.58604595  2.40385352  2.1583587   0.84008093
  3.20208748  3.12663944 -4.11522092 -2.39273809  3.14216934  2.7015586
 -6.49397148  4.26261256  2.55960911  4.05518564 -1.68838484  3.93653249
  1.87369321 -0.97505574 -0.57772888 -4.80802969  0.61784574  6.94102426
 -0.64314998 -0.60162307 -0.02907751 -3.1793088   2.53605486  0.30167322
 -1.04781203 -0.07646958 -0.89173137 -2.90738037  0.41306977 -1.62965154
 -2.01207987 -1.28040458 -2.05393548 -5.45896786 -1.11383482  2.24870529
 -1.91835252  4.32169319 -1.57028078  2.93582642 -3.75146493 -3.78644272
 -2.03343035 -0.66806426 -0.34891935  2.95867654 -5.59310923  2.20458027
 -2.22928213][ 0.96575041  0.91623149  0.42531201 -4.22919643 -1.95000632  3.44171308
  5.35897062 -0.70384004 -3.42691546  3.91883026 -1.53021966  3.87147141
 -0.35115241  0.20430669  1.42394149 -1.89157186  0.70519351  0.54942984
  0.25119706 -3.60978992 -0.9539478  -0.50013754  4.73754061  5.98329142
  3.03887822  4.10138449  4.87827834 -3.29318598  0.12664642  1.17619971
 -0.21734814  5.88445119 -0.7352451   0.38742344  6.95468075  0.11573155
  0.58494653  7.45469852 -0.98654877  1.73506989 -0.91944551  3.22661777
 -3.7391651  -3.80532393 -1.15482579 -3.06131159 -0.78190436 -1.21792355
 -8.33133379  2.32158422  0.42720691 -0.32786782 -4.44019079 -2.8472588
 -0.8773078 ][-0.3075154  -2.81809142  5.11819214  1.87041836  3.71186133 -1.85162869
  3.76670519  0.24530169  0.7927377   4.80183038  0.01977265 -7.17761169
  6.07607652 -1.82036819 -2.16142266 -0.38518356  6.24543848  2.63857284
  1.42402521 -3.40567838 -0.07419957  0.81147298  1.64296504 -2.41750125
  0.16783859 -0.04790746  1.46142719  1.39457383 -1.27487126 -0.92700291
  0.40318091 -0.47929097  0.36836563 -3.2071548  -1.76637804 -0.70463665
  1.31141714  2.81562179 -1.61146808  2.09537389 -0.50805292 -0.86268009
  3.39955165  0.61980056  6.45852053 -8.21751046 -2.92236105  3.69364521
  5.9115335   5.13030767  1.12124619 -0.65630981 -6.90325536  2.48409413
  3.32048565][ -1.19543134e+00   4.98742760e-01   2.30694186e+00   7.24874286e+00
   8.58548158e+00  -9.64421124e-01  -2.16517573e+00   3.91162847e-02
   1.61749117e+00   1.50181202e+00  -4.22393292e+00  -2.73468380e+00
  -2.30035934e+00   2.01662983e+00  -7.71023933e-02   2.15855250e+00
   4.86210659e+00   7.55513643e-01  -6.37684897e+00   2.06109513e+00
  -3.67432861e+00  -4.66425278e+00  -4.27231037e+00  -1.40142891e+00
   1.79623565e+00   4.39825126e-01  -2.10153076e+00  -2.63773982e+00
   1.68883768e-01   4.64604005e-02   8.33044745e-01  -1.30524585e-01
   2.74190167e+00   2.50690969e+00  -2.49766637e+00  -1.85341919e+00
  -2.08601172e+00   8.56758463e-03  -3.45240555e+00  -2.01847366e+00
  -3.88699080e+00   2.07217865e+00   4.23894952e-01   1.73887744e+00
  -3.88938810e+00   1.06007730e+00  -2.41148555e+00   3.36108186e-01
  -1.66114396e+00  -9.24225886e-01   8.79275034e-01   4.75545781e+00
  -1.35676543e+00  -6.68692247e-01   2.79329249e+00][ 1.06783844 -0.53609036  1.30278643 -0.08724133 -1.33937692  3.49498295
 -1.88233575  1.91713668  5.28068465  0.50452294  2.08708241 -0.32638882
 -1.0295942  -1.98837784  1.97010991 -1.32977335 -3.81610502  0.27588284
  0.64850394 -3.56573738  1.88291362 -0.95173089 -3.15974044  1.57309985
  3.50087202  0.06309459  2.65039243 -0.59467717 -0.18380698  1.86921437
  0.20855246  3.08162505 -1.33700578  0.59260589 -2.59542791  1.20292967
 -3.2426245   2.516593    1.4545163  -2.39502846  4.34324766  1.55603181
 -2.42798536  2.30339578  5.060988   -2.12336071  0.36661454  0.20418013
  0.47292582 -7.21751637  0.88326075 -0.68137471 -3.24338751  3.84770986
  2.52953851][ 0.72227084  2.03239181  0.24477617  0.92132607 -1.5196175  -1.28676618
 -3.05755855  0.10602017 -1.93849963  3.06740135 -3.90312165  4.59771567
 -1.68733014 -1.23189619  0.14984147  0.2912083  -0.86297705  1.90446844
 -0.7913517  -2.16068265 -5.3385432  -1.01835076  6.41363249  0.1223521
  4.04817786 -1.61213528 -0.80784062  2.98150382 -2.62672015  2.5470578
  1.11166641  3.88632664  3.05269908  7.36202927  0.87548752 -0.87430398
 -0.89620557 -3.00383773  1.20166538 -4.53635899 -0.15407435  1.13450282
 -5.59856879  2.2263198   1.95994397  5.30136086 -1.74247633  4.52074682
 -1.56297507 -2.07934796  2.60715983  3.44961886  2.80825183 -2.59480734
  3.67817415][-0.89937145  1.75199188 -4.60397497  8.44080749  0.20750488 -1.56155102
 -2.25899166 -1.53181472 -2.72588167  0.55854287 -0.86550933  0.83304069
 -0.48718705 -1.23142215  1.61673379 -3.01046796  1.67821052 -1.23833866
 -0.72035669  1.36191511 -0.36158813 -0.95180283  0.21399383 -5.91433685
  0.63990775 -0.79301333  1.27719707 -5.3504711  -5.90102935  3.78854239
  2.03233729  4.51751573 -1.87735456  0.69975921  1.0211067   3.09747183
  0.74105045  0.9387623  -2.73553344  0.09345302 -5.33748624  3.2145001
  0.42750367  0.12799034  1.30430015 -1.37021745 -2.15823942  1.33233947
  0.0189909  -6.49046115  0.17816162 -2.28664161 -0.70173908  1.27360445
 -0.59728374]
 pesos capa salida
[-4.24237864 -0.60420193  1.26335168  0.12125195 -0.17416773  0.01483478
  1.54524393  0.37712522 -0.6406267  -0.11354871  0.69211468  0.97598606
  0.84747752  0.23549992  4.50371315  0.44461395  0.03182645  0.21498796
 -0.28871886]
 biasCapaoculta
1.1487802052129172
 biasCapaoSalida
2.071943438733015
 mejor error
98.75526630674169
 Precision 
0.741094700260643