
 fecha de inicio Sat, 06 Jan 2018 21:31:25 
 fecha de la generacion Sat, 06 Jan 2018 22:53:58 
 generacion: 1507
 pesos capa oculta 1
[ 4.6196625   1.33409876  9.23580239  3.00606007  0.58837085 -2.25632021
  0.41675509 -0.9769324  -2.30914597  1.91209435 -1.44292478  2.6364795
 -2.97786499  2.9486583  -0.25974749 -3.38353891 -1.12360704  4.09965085
  5.45877919  0.07021975  2.19225454  7.92676675 -0.57423214 -2.34161046
 -3.09293223 -1.29168065  9.11330522 -6.81127447  1.88451684  1.41535505
  3.11071039 -4.59418565  1.43073113  1.53272402 -5.08177474 -0.81925488
  1.9005938  -0.35977088 -0.23340602  8.40249397 -4.68180865 -0.11324816
  1.92347579  4.84166819  5.35867411 -2.68073719 -2.15505367 -1.61221526
 -3.69709752  3.18219369  6.10848782 -1.91417797 -1.23254811  2.95780965
 -4.90812281][ 0.20321207  0.78817466 -3.10128293 -4.99982835 -3.56168602  2.27322705
 -1.91444953  0.36050463  2.18222103 -7.89969435  0.76612197 -1.72714439
 -3.28436837  4.48424277 -0.04446406 -0.90054259  2.3408702   0.29452239
 -0.04410964  1.29489276 -1.57880615  0.02278461  2.35716146 -6.6887247
 -2.80533158  1.35831396 -1.798631   -0.8039919  -4.29136421 -0.62458799
 -7.66280051  1.59871211 -1.24690073 -0.75180448  4.36131125  0.67598322
  1.60774725  1.29442251  4.54789508  2.58033881 -2.42974909 -3.97866185
 -0.06259977 -5.79622502 -4.06838997 -2.01132816  0.8162321  -5.50880741
 -3.64062061 -1.47421589 -6.95849544 -4.43761134  2.68310317 -5.72296206
  0.5212408 ][  1.73355173  -2.64924645   0.7666529    2.71948187  -5.95701038
  -3.66796576  -0.45031642   1.44021781  -8.74159445  10.50063415
   4.44484553   2.60518339   0.30251811  -1.31257838  -2.23611161
  -1.52741682  -1.73225346   2.76164394  -2.30901044   2.93050077
   1.35664496  -4.4307787   -2.47244151   0.79525451   8.24772028
   6.89942022   0.26552362  -2.4577469   -8.82814362  -1.41610014
  -4.42353303   0.17066701   1.04339512  -1.36220312   5.37577085
   5.05854446   7.67690593   0.83609748   1.119073     9.57000713
   2.3929373    0.47870338  -1.90087111   7.75266184   0.76557722
  -5.21231985   1.53481553  -1.25471629   4.1591356    2.28047335
   3.49734977   0.50352129  -1.45173726  -3.40045694  -2.11709769][ 1.78372021 -4.84893186  7.10423939  4.52352746 -1.33070103  5.1889977
  0.06365389  3.61656307 -6.12580108  4.36163257  4.38823985  1.27064494
 -2.63649195  1.58228877 -1.10120683 -2.01968747  4.04622464 -4.54178466
 -5.65267297 -2.66040915  0.38032672  2.05673199 -2.10767908  5.8785421
 -1.18060247  3.48189765 -5.24935126  0.27463357  8.49736233  1.56668064
  0.06972136 -6.14063723  4.94911361 -2.12803525 -3.01464805  2.22445427
  1.98930926 -6.42550284 -4.42489794 -3.24232888  0.80993808  3.25694047
  1.5117285   0.77256846  5.03822002 -2.41871993 -4.20770134 -0.5743157
 -5.90866738  2.35385034 -2.83199624 -4.08861333  4.70747365 -0.84181693
  0.20704296][ 3.30318333 -3.20632796  3.42797225 -2.52791398 -0.81610578  3.67367071
 -1.4999528   0.98258439  2.82256562 -2.58142939  2.14148648 -6.14722272
 -4.14081191  4.94540424  5.32632209  0.63103625 -1.47234127  5.44147392
 -1.79393608 -4.44482314  2.13115737 -5.89951006  3.0897271  -0.15128005
  0.92414692 -0.67128077  2.04850041  4.72064305  5.6273529   1.07455472
 -8.86825463 -0.29592864 -4.2196623  -1.23221184  0.94968898 -5.04979153
  1.05051147  3.02435581  4.86269996 -2.04909126  1.98387993 -0.324974
 -3.7122883   2.29988514  6.5598218  -2.43422454  4.01259935  1.62237642
 -2.31794931 -2.22956994  0.78604243 -3.18552426 -3.29751901  3.45303402
  3.97158997][  1.48378534  -2.87473017  -2.01942248  -4.14234093  -3.21830827
   2.61494269   1.01055848   3.13759044   3.09625278  -4.45216801
  -0.71994676   5.18069305  -2.93058046  -1.49099451   4.1660266
  -1.29152824   0.93980624   4.28244196   5.08937559  -1.41382919
   1.46222799   8.97933798   8.97315668   3.03543477  -2.26678099
  -3.64716329  -2.00411909   4.10697491  -0.88648965   1.17520997
  -1.54236058  -3.32987491  -0.85448547  -1.47320921   1.2909596
  -1.3781205   -3.08922912  -7.6934907    5.00107145  -2.44668639
   6.4830744    0.58160316   2.46637297   2.30229352   1.13071286
  -6.5135129    2.34521532  -2.04683222   1.90924878   7.90468997
   0.09896338   3.33026042  -0.51076053  11.26088378  -2.43601156][-4.37143699 -2.83320468  4.65978527  0.45812391  0.32664688 -0.1762271
  3.57621814 -6.2104564   0.57575994  1.04083041  3.68039286 -3.19829522
 -5.95438665 -3.91513966  3.28887407  2.88613532 -2.2033568   4.45554077
 -5.02266667  2.91115619 -0.30377197 -3.06660671 -5.00124777  2.13040787
  5.96308107  5.0278297   4.99538797  1.67682455  4.64772303 -3.10670383
  1.48129273 -1.87593566 -0.35564651  7.37522127 -6.43724274  4.59840402
  3.85516206  5.04541943 -0.39686408 -5.41998641  1.78859973  1.82717711
  2.5625411  -2.57677418 -5.4271647  -2.98992473 -4.94459068 -3.0941809
  5.00378052  5.94517428  4.91415278  1.75122186  0.80521766  5.92529892
 -3.20544083][-1.28292019 -9.85771857 -1.19844216  4.92201065  5.20947336 -4.22051466
  5.17963697 -1.47337738  6.2339384   1.09628627  2.93831454  4.25754811
  2.21208802 -1.16319715  3.07855168 -7.82156228  8.99314886  0.52453356
 -2.04717532  1.64673749 -0.27819774 -3.62739561  5.86713826 -2.45293077
  3.62255312  2.28959607  2.02997507  4.50104648 -4.42419688  2.78715553
 -4.05574691 -5.76422076  5.5397029   0.64665081  4.02591418  1.65971992
  0.32329353 -1.20626004 -2.46637561  2.36992734 -2.20110709  2.17298682
 -5.86952337 -4.18588516  1.78438563  1.56790314  7.87207457  9.06608031
  2.82728298  1.42653042  2.02035914 -0.33589782 -2.91094535 -1.37950462
  3.8870166 ][ 0.13728847  0.92204214  4.19219728  1.3417132   8.02713204 -3.89302018
 -2.94929522  5.35109555  4.30337045  6.56846372  1.69105395 -0.76225823
  0.05357716  2.88182746  3.64343444  1.50505231  5.71788932 -4.7548125
 -3.40543172  7.54369475  6.12187723 -6.0613934  -1.73480591  2.19610964
  2.00012796 -3.71928831 -3.53279653  1.78064196  3.34961814  1.64784883
  1.28742779  6.02003842  1.38244485 -5.58183209 -1.58102775 -0.96907201
 -0.90203797  3.20723047 -4.76367689  1.02143305 -0.24091614  0.51770362
 -0.76665338 -6.51057978 -0.40418265 -2.99452156  0.53152756 -7.66131427
  0.09785466 -0.01222539 -3.06851986  2.25410591  0.9317806  -6.50395212
 -0.09491414][-4.23750189  1.24517696  2.56494196  6.77065366 -1.11714912  0.97902547
  2.28918345  2.3136449  -4.93007233  3.48657908  6.57822178  6.22409598
 -0.8439631   3.03420771 -1.5079203   0.32776282  4.73369214 -2.66122316
  1.52248692 -0.58043331  4.55973804 -0.88507277  1.11131564  5.80373037
  0.21624022  3.80016317  6.65022234 -0.90029356 -4.64350116  5.40351006
 -2.19359422 -2.33594453 -1.60087102 -1.09718866 -0.96963942 -4.40774057
 -7.73325036  4.08317263  1.40656349  2.28085459  3.62054857  3.75815203
 -1.18967323  0.63195743 -2.95663766  0.16238111  1.41148681  1.23354818
 -2.06841298  3.05495211 -1.20535878 -3.88955467 -0.06225762 -0.59194893
  1.80690724][-0.84572756 -3.83177028  7.59269405 -0.70284179  4.30086947  6.79689796
  3.47162489 -5.545069    4.56379783  0.71744566  1.79592687 -3.36159758
 -1.46607216 -3.30320049  3.3963081  -4.7586928  -2.36077017  6.97025515
 -1.86451625 -1.57526583  0.6183605  -1.29482493 -3.94185766  1.00628796
  2.17547473  4.00285258 -0.58417412 -0.98381812 -2.07806675 -3.66309509
  6.21530725  3.13058788  3.06446836  2.23703781  0.71983949 -1.30960773
  3.53168285 -2.68094352 -2.85641307 -0.23488449 -1.22517198  0.43694863
  3.18210207 -1.36172289  3.08499527  5.28912175 -4.90525047 -2.47072497
  2.33518844 -1.60755339  5.76989533  1.89223311 -1.68292208 -2.40326331
  0.90340222][  2.58255385   1.72131498  -0.56155704  -9.50059491   1.96703861
   1.4503007    6.8126082   -0.9074941    1.08052607   5.64438692
   4.67627771  -2.49550088  -2.50627494   1.16152616  -0.82297001
   5.5069108    3.41094401   5.00204939  -7.30235358   3.19255599
   0.9157213    1.71293346   0.19646722 -10.5037774    2.00897308
  -1.42335045   1.46107261  -4.62342059   2.10884038   0.27627198
   1.25962273  -3.7697285    1.63233178   1.46384485   6.89186381
   0.73735079   0.26141108  -0.65542507   1.30769027   4.77437085
   0.74473692   0.51392557   4.75666939   0.57096041  -4.38182621
   3.83562999   5.26704994   3.34706307  -3.73375232   2.54459565
  -4.51675238   3.50780753  -1.79447829  -0.1969776    1.50667914][ 1.79398606 -1.42626507 -4.52636863  1.37086424  4.02752607 -0.19223026
  1.57510647  4.10502223 -1.25838376  1.14686852 -1.80502469  0.35903779
 -0.93039632  3.44351684 -6.43754784 -2.51948829 -3.51709678 -0.28112544
 -4.11860206 -4.36837368 -0.14067378  5.5176615   1.94913915  3.0033142
  0.97726764 -6.2730176   8.11214724  2.18466133 -0.3500939   1.12374141
  4.64550048 -2.18707319  1.50420647  1.29728791  0.93606995 -0.06526715
 -2.3382385   1.13510854  1.53110451  4.05402764 -5.26813461 -3.31562837
  4.54605621  2.31373356  1.49386903  2.05197416  4.67106946 -5.72101432
  3.1490871   4.40079848  5.19975699 -1.80263202 -2.97008276  5.46403562
  2.07855402][-7.08866033  3.46037284  1.26164822 -0.30661921 -4.22282674  1.73511272
  2.42937283 -0.60852284 -5.46051018  4.70704624  1.66989867  0.11900442
  1.84139408  0.3013772   0.58501976 -5.78827498 -2.26058514  0.09213736
  9.22053156  7.10901654  6.35852244 -1.10261784  1.53705287 -0.67245665
 -7.44607882 -2.53647604  0.69509872  1.27979874 -4.12785788 -2.85925764
 -0.33888649 -5.55053903 -0.28639465 -0.31381262  3.95563688  1.72719454
  0.27989333  2.9132175   3.84336928 -9.08363856 -6.16642412 -3.78688889
 -4.3013319   0.40268656  2.2697613   4.98305429 -4.30976065  5.7661483
 -0.33242639 -3.1623084   1.09145371  2.79149965  7.08063543  1.59139133
 -2.7456061 ][  1.12971415  -1.77507932 -10.48242392  -4.13659683  -5.5818852
  -5.18255462  -1.20339724  -3.13045164  -3.58339895  -2.56723094
  -2.12626613   0.39006502   7.71407831   0.43679796  -1.57649216
   1.38553931  -3.08575093   1.82530823  -5.66648288  -3.68609524
   4.66879689   0.01764354   2.09847988  -4.77787876  -0.08114056
   1.19938178  -1.6946201    0.95591984   3.84311739   7.33976847
  -2.68125387   8.99017387   3.20600359   1.82725939   0.78654261
   1.49644258   0.65889609   2.9417829    0.85762879   0.86689343
  -0.1828024    0.22744459   1.85128765   1.64802275  -2.57678415
  -2.93150069  -1.87872024   0.84570276 -13.66009044   2.52005273
  -4.40934475  -1.67771226  -3.19034388  -1.79882082   3.30012733][-5.07301165 -0.12523153  1.63574881  7.63366268 -0.56863021 -4.0627406
  4.06322286 -6.73048404  0.10684132 -3.54269789  3.18932843 -2.60345229
  3.60933413 -3.43234969  0.18458437  1.50008359 -2.60907991  5.04334539
 -2.98770698  1.90638864 -3.42504248  1.24447319 -3.79651065  0.58197444
  0.51215731 -2.80910839 -3.0522696  -4.20304048 -1.04099501 -2.62036125
  8.49185527  7.99897203  0.84010841  3.59262323  2.96629758  3.43298884
 -4.26442189  1.26614216 -0.73371517  4.1092999   0.05232728 -4.31627338
  2.26768298 -5.81055819  3.79433958 -3.07218356 -4.75258243 -4.19241989
 -1.43720716  1.12866706  1.58941001 -1.11209479  0.41484274 -0.04850101
 -4.13546858][  8.10757445e+00   2.59140500e+00   2.94716040e+00  -3.51531941e+00
  -4.59435704e+00   4.27560278e+00  -3.20100160e-02  -1.24471584e+00
   1.07125658e+00  -3.33456509e+00   6.31051492e+00  -4.71251326e-01
  -3.77904987e-01  -4.01799624e-03  -5.57859567e+00  -1.14120352e-01
   5.50807719e+00   2.51971783e+00  -6.86734042e-02  -3.34651696e+00
  -5.89887186e+00  -1.41931712e+00  -3.31389643e+00   1.68101348e+00
  -3.16613255e-01   2.13749987e+00   1.25373970e+00   2.52887329e+00
  -2.27663943e-01   2.21145170e+00   3.49008753e+00  -4.82415783e+00
   4.03569157e+00   2.42575393e-01   5.61551674e-01   3.18128831e-01
   2.08200144e+00   3.79648979e+00  -1.61361103e-01   4.32312693e-01
   4.79671220e+00   4.04890168e+00   5.35145883e-01   4.59839521e+00
   1.12010607e+00  -2.06200835e+00   2.88781753e+00   5.03938033e+00
  -5.22632379e+00  -4.88300291e-02   1.33214016e+00   3.34001331e-01
   5.78888323e-01  -1.22472203e+00  -6.39755749e+00][ -4.85294613e+00   2.04186323e+00  -7.89786988e+00  -4.23147041e+00
  -2.73743704e+00  -2.98794180e+00  -1.39347100e-02  -3.35975713e-01
  -4.73970057e+00  -5.34152141e+00   6.35693645e+00   1.89519164e+00
  -1.82988452e+00  -2.43318682e+00   2.08044167e+00   2.27230576e+00
   3.44580689e+00  -1.93187199e+00  -2.81267777e+00  -5.80303004e+00
   1.16196192e-01   1.10074604e+00  -7.98716468e+00  -1.95429955e-01
  -9.03152161e-01  -9.55370655e+00  -1.16946167e+00  -2.55056081e+00
   2.57446814e+00  -3.31299906e+00  -2.43628424e+00   3.32712517e+00
  -1.42072360e+00  -2.66731062e+00  -5.72477223e+00   3.62589565e+00
  -2.22571471e+00   3.58033021e+00   7.76433864e-01  -5.31290328e-02
   3.15665792e+00   2.93617730e-01   6.06332068e+00  -3.27039695e+00
  -5.31383470e+00   2.29214715e+00   3.20304975e+00   1.11239739e+01
   1.56118472e+00   2.48051598e+00  -6.94745239e-03   6.42822771e+00
   3.37170441e-01   1.22226727e+01   4.94333693e+00][ -2.39976014   0.32251729  -1.53599669   0.91942137   2.9234876
  -5.50241759   4.91053231   1.95373008  -0.87448726  -4.61616627
   9.64206281   0.17552385   1.97021536   1.48889082  -3.13185431
  -3.05445916  -5.83562364   7.65217487   3.17036297  -5.65358267
  -1.93614222   2.24475458  -2.5225662    4.10752066  -3.49361541
   1.51586377  -7.90304462  -4.27896718  -4.46041181   2.14901203
   3.53248721  -4.94292824   1.32266489  -9.93294763  -1.64664121
  -5.79532792   2.396007    -5.80354071   1.41234049   2.52764098
  -6.30846526   0.69775086  -1.93514826   0.19624719  -2.32161151
   4.3091009    6.53042198   3.20829133  10.33726022   1.89872357
   3.95316033   0.99308119   3.69235037   0.84137146   2.89973511]
 pesos capa salida
[-0.08890681 -2.11864721  0.5902563   1.74133281 -0.54621756 -0.02597507
  1.89286108  0.35818004  1.65517882  0.65142754  1.61134485  0.49679207
  0.34416922  0.58437164 -1.18488964  0.17986888 -0.12149383 -0.56028304
 -0.16515986]
 biasCapaoculta
-5.630612843280199
 biasCapaoSalida
1.625251605360455
 mejor error
122.32847467855963
 Precision 
0.6863596872284969