
 fecha de inicio Tue, 09 Jan 2018 13:56:45 
 fecha de la generacion Tue, 09 Jan 2018 19:44:22 
 generacion: 2961
 pesos capa oculta 1
[ -4.54574489  -5.69681395   1.41178921  -1.14758922  -4.78925703
   0.86073662   2.97865303   5.25364437   1.43206808  -5.81825434
  -4.08583889  -2.47324809   0.40913356   1.53450794   2.99985885
   6.38473048  -3.46585431   1.73331239   1.86599865   3.58510413
  -1.96874972   8.20960478  -0.34624996   2.91878458   0.53278527
   3.60360333   4.80603517   4.86713411  -1.41476879  -1.38822354
   3.2010504    3.55847073  -4.49616823   3.71133202  -2.68954261
  -0.80637453   5.01051769   3.2260619   -3.89994819   3.93327504
  -0.87354107   7.67260233  -3.17973639   6.28670293  -3.44102783
   4.74454674   1.75686354   4.17787335   1.40868912  10.56723336
  -0.02829091   3.24953332  -0.10015982   1.52468333  -1.92364277][-13.57823125  11.37111395   9.09671571   0.73923603  13.35597609
   1.36685465   5.59214175   6.72264546   2.41882323   2.45857054
   3.4992828   -1.92400184   1.59073135  -2.70561672   1.42967387
  -3.050876     3.22824695   2.83392036   5.17232834   1.99305843
   8.74995312   1.8508279   -9.15053459  -5.40482337   3.58195076
   0.92638317  -2.76051845  -0.44960937   2.32496721   2.54264869
  -1.16957863   0.94343535   2.99214681  -0.46058466  -1.64341612
   5.74263728   3.32787835  -4.86474651  -3.46754993   7.03539422
   4.28171519  -0.87207635  -0.27179472   0.91107599  -0.66883969
  -4.5976261    1.36100042  -3.79495237  -0.80160554   8.39855907
  -0.80802892   5.07495841  -1.76237641  -2.80147058   2.67855211][  1.55610626   0.79222915  -2.44232409  -4.41983176  -4.53563441
  -1.42069199   0.47094988  -0.06649557 -10.56931275  -3.83263872
  -7.20146797  -1.47825863  -1.89301637  -2.02408498  -2.12452916
   1.41212527   0.06608456   2.5112292   -0.26001592  -4.11114965
   2.1378544   -0.14084846   1.65292696   5.56246534  -2.12805207
  -7.70415591  -3.06709823   7.9425481   -1.63001434  -2.95167345
   1.60904168   6.9150384   -2.73820208   2.06271015  -0.23356747
  -8.033093     2.53177473   7.16146389   6.11710719   0.52853957
   3.57705805   1.11601103  -5.68166841   3.40686021   4.75082467
  -0.34652311  -1.85649859   3.45278315  -2.97145473  -2.3973814
   1.78665033   3.81638887   5.0398478   -6.06627735   3.36119335][ -2.97720446   1.65359304  -2.32977079  -8.43275828  -2.01864703
   1.72377672  -1.78614371  -2.40057209   0.37970149   7.85078004
  -3.66204486  -2.45265574   4.06413755  -1.72569577  -2.70001594
  -5.21985874  -2.70587918  -0.43512557  -0.85322661  -4.72515312
   6.75934625  -4.07595586   1.9833907    1.59579627   8.40389558
  -4.35032042  -2.57090998  -0.28196857   0.33841066   6.62647073
  10.58533087   5.98429032   5.5587275    1.70843147   1.47851418
  -1.66239766   3.12596908  -0.02207524  -3.40778884   1.2797933
  -2.46338606   0.22458685  -2.23200318   3.78721671  12.21858985
  -3.79552036   1.70847608  -1.93639311   4.83224885  -0.87960263
  11.7649494    7.64918092  -6.28127391  -1.79234459   2.18156715][  2.17378708  -7.8133852    0.33152308  -2.00130088  -0.16415484
  -1.03126599   6.11797156  -3.88001975  -2.96289507  -0.41348267
   1.5039038    1.07867378   6.11640455   4.23300392   3.67577157
  -4.61723597   1.19038936  -5.60911502  -2.45269429  -1.51208331
  -7.44389436   6.50751422  -5.02065033  -0.94592155  -1.54844398
   1.72743882  -3.36397903  -2.82547671  -0.32519225  -3.07874434
   6.44547751  -6.55219804   1.57495794   4.42890764   6.46954546
   2.94665962   0.81052147   4.48321523  -1.04038256  -3.98370802
   6.45097196  -6.03036948   3.63642025 -10.32696877   3.62165838
  -2.45982601  -1.06974617  -2.89285678  -2.23129209   0.69026709
   7.29830644   5.56385944  -0.79946862   0.21485897   3.14322031][ -9.22587361   5.11838104   4.59687947   1.48474373  -6.15916183
  -2.33862873   4.17326415   0.06014397   3.6644153    6.96530028
   7.97103064 -13.22994875   4.37014263  -5.251334     4.28560634
  -5.03850406  -0.92425194   4.03524653  -0.27673975  -2.55586663
   4.38845877   7.07745165   3.2693295   -4.61832144   1.33419569
   7.7176313   -5.00936219  -8.15260605  -1.58174867   4.72151841
   1.39994198   2.54685815   3.2411024    0.54350808   2.88055756
   1.38847545   1.40265996   2.90823887  -3.14100966   3.27450629
   2.0482594   -1.26597695  -0.51683458   5.885154     4.93595488
   5.95919174   5.02811105  -1.32929211  -9.5279863    3.13457027
  -5.89673533   1.94193949  -1.80985737  -5.96504382  -0.31875739][ -3.8194074    3.54469654  -2.83367118   1.40072571  -4.45871127
  -0.34699453  -5.07096799   1.5241211    3.20427604   1.7374504
  -2.50082301 -11.10762773  -0.34147528  -6.47294272  -2.08783698
  -1.39608916   3.66196556   6.02795995  -1.5082941   -5.71818277
   1.56629208  -0.27351605   1.41280762  -0.48192216   2.49292363
  -2.62956788   0.44319156   0.9258885   -1.85854631  -1.63911332
  -0.52788673  -0.80022394  -2.90810508   3.77173774   2.56591823
   2.5156301   -5.26828169   3.27661089   2.99298184   0.33415358
  -2.71459915  -4.12940909  -4.31516646   1.68847731   1.54448574
  -2.18157066   0.68826238  -2.10468741  -3.82461416  -2.99395709
  -4.5265222    4.09444004 -12.1762878   -7.8356006   -2.53815479][  3.19871418e+00  -4.72400174e+00   8.80149805e+00   2.69084100e+00
   1.02473931e+00   6.44662461e-01   3.56469022e+00  -7.43966256e-01
  -3.07299903e+00  -8.34430665e+00   4.62746535e+00  -3.82637436e+00
  -3.62237857e+00  -6.89920719e-01   5.16641370e+00  -7.01406905e-01
   1.27643789e+01  -7.98948660e-03   1.79135239e+00  -1.47922331e+00
   3.88280275e+00   1.44732643e+00  -3.53343323e+00   7.16707317e-01
  -9.03151450e-01  -8.08709628e-01  -6.56349004e-01   3.00134537e+00
  -7.12048875e+00   3.73929495e+00   4.06713284e+00   1.61738531e+00
  -9.99162216e-01   1.22245999e+00   5.38392561e-01   2.98521517e+00
   2.17962707e-01   2.21082214e-01   4.98658398e+00   3.16471175e+00
   3.89949647e+00   1.74762495e+00   4.48969961e+00   4.36542191e-01
   2.28888725e-01  -2.01931009e+00   9.97443080e-01  -5.85397203e+00
  -1.88940621e+00  -7.46218465e-01   6.68954553e-01   3.92095885e+00
  -2.66815209e+00  -5.84002471e+00  -1.50224306e-02][ -3.57299967   0.74885177  -0.3866847    0.74245898  -8.38211462
  -3.29049095  -3.38601203   7.12871558   1.68046176   9.19436061
   0.91463282  -1.07400226   6.24561219   5.66097454  -3.39560236
  -1.06905083  -1.82403739  -0.741995     1.80505056  -2.53578971
   8.56321915   4.5524489    0.2121107    0.53753961  -7.14210376
   2.86744084   1.75732907   0.68249484   0.76886101  -0.9704745
   5.48788164  -4.88899313  -2.38927563   0.32922019  -5.43483997
   1.95315023   0.59134446   4.8618769    6.05004586   3.60661269
   4.35615402   2.48639034 -11.39215836  -6.20025408  -1.63611322
 -10.78168463   0.43904881  -0.94104963  -2.13707575  -5.08405637
   9.14456085   3.93123666  -1.05315903   7.02983531  -0.77593644][  1.31474391  -0.02586652  -9.90962415  -5.49214233  -5.16627985
  -0.95976537   0.76868834  -4.77482036   2.59426999  -7.47258217
  -0.65555022   0.71862833   2.24523516  -0.97810561  -4.13418365
   3.53681084   3.73328004  -2.88276827   2.94044908  -1.25376212
   4.08379188   3.44732162   2.63312611  -2.7962482   -7.59187433
  -3.15938629  -3.331854    -4.09343162  -3.82948423  -0.92116152
   2.42381951   0.58343853  -4.77259837  -2.06627044  -3.03703958
   0.38320668   4.07924734  -0.88343576  -1.45333616   0.44597809
   0.74829215   1.10486621  -0.66489285   0.69619388  -9.28368426
  -5.33285359  -1.31046303   1.04365166  -0.46186286  -7.23646467
   1.72246074   0.17258902 -10.74957788  -0.87869736  -1.94793636][ -0.43329047   4.39340293   2.2028536    0.39319995   3.55043928
   2.38828986  -0.21424272   0.78656102   3.25254912   4.12751051
   0.88498568   3.44326973  -0.69031297   5.95247272  -1.68833558
  -5.65241788   3.7430099   -0.82199348  -2.29910165  -1.74504361
  -1.27095774  -3.09091117   2.7251865    0.3782143    0.6722277
  -2.61517345  -0.07296495   1.54035987  -2.94877891  -2.80410692
   2.36220596  -9.24584216   3.29030481  -7.40056935  -1.28119883
   3.41708324  10.51690416  -1.20975023   2.14806308  -6.6398228
   3.43436064   4.08753731   1.05332499  -4.54295167   1.04787426
  -5.61475222  -3.73251881 -11.31937293  -7.62529336  -2.59457331
   7.25327858  -0.16510774   5.06214975  -0.63837507  -4.94363615][ -3.1447504    8.72408677 -11.98183271   1.06127565  -1.65422561
   3.40522257   2.35046768   3.51782926  10.64311381  -1.15466217
  -0.07163656   1.41687945  -6.55851645  -5.6212626   -8.33528413
  -8.67246099  -0.1871655    2.93660592  -2.71973657  -0.75917239
  -2.45846879   2.21544713  -0.45847014  -5.41815144  -1.35345083
  -1.79479205  -1.12272261   1.04363243   0.9125196    0.16041652
  -0.80646652   3.42801001  -0.14778476   2.41162786  -4.92742163
   0.08448416  -2.05316242  -0.64782663  -4.94407934  -1.77169402
   0.73471356  -0.06154461   8.12197337  -6.57939464   0.13068728
  -4.39402173  -5.2430917    8.89401742   0.79217119   2.85235327
  -2.05932513   1.1539726   -6.76232135   5.32279103   2.41358111][  0.79624966  12.89646251   1.18390635   5.80976091  -4.46123798
   1.36256479   3.57114177   3.26204063  -5.3508634   -0.23446324
  -2.78788932   0.17236326  -1.54607439   7.47391485  -5.16424835
  -5.4283859   -2.50818694  -1.38543483   0.52333337   4.12864002
   2.19652163   2.25525591  -2.84762975  -2.71222699  -6.78926979
  -6.18449302  -2.72511637  -5.34504333  -1.39198173  -0.61448446
  -7.1960941   -3.45072493  -0.96212093  -2.94472452   6.87438452
  -8.73580237  -0.07889007   3.53052476  -1.82536327   0.6388015
   8.36007429  -5.95181153  -0.50343787   1.58905767  -1.90676373
   9.2696345    2.83998685  -2.76911667  -4.61916581  -5.90592438
  -2.33945135  -3.23265009   4.10081232  -0.26676294   3.71539891][-4.08829637  4.27775867 -2.78470022 -0.84973251 -5.39400821  2.65682168
  0.89794263  3.84395483 -4.00623699  9.51999116 -0.90176656 -2.0250101
  1.33947335  4.72133732  3.51677672 -5.0182194   7.64872404  4.61023581
  9.9826544  -0.68226607  0.54595795  1.27385401 -3.97893234  1.0956594
  4.27326464 -9.37182469 -3.41347587 -6.04193646 -2.10229225 -1.78842735
  4.5105962   6.50795351 -3.27214899  5.61356932  1.20879866  0.91276531
 -3.59193213 -3.48860756  1.35002685  2.43798471  0.87540392 -3.47557057
 -0.88378653 -2.785124   -3.38464032 -5.07749951 -3.19169727 -1.47138285
  7.41453601  3.33477849  1.4540829   2.94996405 -9.10904643 -3.04970605
 -5.19131772][  6.22571886   6.30626499  -0.89327397  -2.09116636   0.54617312
   0.68536708  -1.22544735   4.55838415  -5.73680889   5.88697688
  -8.86791319   0.35506338   1.27186874  -0.47272008  -3.84481113
   1.37331227   1.27263647  -6.71329477   1.16327238  -0.69444065
  -5.95072717   0.21231465   0.54814934   2.67344916  -1.48118045
  -2.6552336    6.0707612    2.62951089  -0.37051885  -6.9650681
  -0.9779669    7.26484111  -2.60318319   4.15630661  -0.95023302
  -2.95493477   1.68257652  10.56025284  -0.91449224   4.86883375
  -5.17604951   0.04053363   0.67506329   0.07336853  -4.2078018
  -1.58783236   3.44727354  -3.20409788  -0.3281617   -0.73249845
   1.86625777   8.54415001  -2.07101341  -0.72712935   2.11788253][ -5.97256032e+00  -8.45378322e+00   5.48966180e+00  -2.90149960e+00
   8.63724050e+00  -1.97857270e+00   5.59683376e+00  -4.15585716e+00
  -2.44090120e-02   9.02119856e-03   1.50438541e+00   5.06155970e+00
  -1.05979142e+00   9.84530899e-01   7.45559540e+00  -7.36642496e+00
   8.94141950e+00  -3.73725319e+00  -1.76279376e+00   6.96686055e+00
  -6.44845158e+00  -1.88842829e+00  -6.55564106e+00   2.82111198e+00
  -1.55869370e+00   1.22414715e+00   1.91998854e+00   2.35541072e+00
   1.00367000e+01  -1.34252772e+00  -4.64543566e+00  -1.10695464e+00
   2.35239133e+00   2.60739969e+00   6.70126846e+00   2.12682395e+00
   2.62493982e+00  -8.05697038e+00   5.90685117e+00  -9.94771043e+00
  -1.45490978e+00  -1.75952614e+00   2.64614815e+00  -1.69234989e+00
  -1.57857994e+00  -3.50356493e+00   1.71744878e-01   4.48304315e-01
   6.11708255e+00   2.86460073e+00   8.16225357e-01  -1.10195240e+00
  -8.69252530e+00   3.53886235e+00   7.19894750e+00][  2.14267632  -4.80397597  -6.86265037   0.46669515  12.89757958
  -2.75800879  -9.10940741   2.9323461   -5.98184001   3.71779611
   1.8450422   -7.22213724  -6.3854101   -5.08898951   1.05482143
   4.52591455   3.84624117   5.51152168   3.94725774  -1.81375256
  -0.38977133  -1.41022202  -3.49950235  -7.0590137   -0.59592184
   0.30331717  -1.63520832   0.43494908   5.07649022  -1.16408045
   1.2622461   -0.24250835   2.75517618  -1.21632866   6.59304459
   6.79816951  -3.63756838 -10.93201627 -10.59752538   2.91111398
  -9.17696525   1.7183861    2.53427099   3.88761196   6.14972064
   0.12359141  -0.21358459  -3.41095086   1.29095413   6.37646642
   8.01905351  -1.35942629  -5.32853685  -2.70901637  -4.06609696][  3.56801198  -4.67469681   1.01914772   0.36837496  -0.03727103
   1.57585601  11.5822776   -1.62881685   0.19418793   6.70419502
   0.42220869   2.4706024    3.97313782   6.81315676   3.36152577
   5.19708837  13.82911796  -5.03578308  -0.25007062  -2.54132917
  -2.50579456   4.88641525  -2.50472296   9.60552386  -0.26230553
   9.46510168  -3.40050098   4.76141119  -0.2401327    3.12024969
   2.306273     1.74111474  -3.92765616   0.84338737  -7.17607385
  -0.69312235  -2.64898263   1.92130568   5.78032297   1.4850629
  -1.82174589  -0.05493051  -2.1723339    8.43198319   2.01537308
   2.95088005   2.6130262    2.26684889  -4.86357056   2.71871833
   5.57932307   6.15494609  -7.57693651   0.5147233   -1.39037318][  0.43768535   3.49617315  -5.04675834  -6.01628707  -0.66298733
  -9.69802382  -1.38205585  -1.21073864   1.53968143  -1.42385285
   3.33246159   2.52072902   1.82803795   3.41010031  -0.22396934
   2.23694021  -4.31830518  -4.33551067  -0.47352101  -1.62308889
   4.52090572  -3.58747205  19.18883951   1.08013925   3.67107329
  -0.50516231  -0.41533512  -5.05013708   1.79582492   6.62053612
   2.46511341   4.85159596  -1.74931205  -4.64245159   0.98136565
   3.79012432  -4.1915488    4.60138444   2.17520041  -6.43757766
   4.10467159  -5.71756193   1.56874747  -0.97556949  -3.19252441
  -0.34967069   2.97704508   3.0129472   -2.00167865  -2.80865331
   7.00768878  -2.5801804   -6.97258134  -0.18946986  -4.68611551]
 pesos capa salida
[-0.53801541 -0.58587148 -0.34890092  1.86057621  0.19070201  1.09065989
 -0.73956174  0.14114799 -0.06677511 -0.59209566  0.0753173  -0.83183739
 -0.34589833 -0.42766739  0.48389054  0.29598252  0.08958272  0.51482715
 -0.50971737]
 biasCapaoculta
-12.151319486896982
 biasCapaoSalida
1.222830353639706
 mejor error
111.94036966351715
 Precision 
0.7106863596872285