
 fecha de inicio Thu, 11 Jan 2018 04:16:39 
 fecha de la generacion Thu, 11 Jan 2018 09:59:31 
 generacion: 5314
 pesos capa oculta 1
[  5.97247889e+208  -2.47215570e+210   1.02445597e+210   6.32418470e+208
   4.91281296e+209  -2.60791898e+210  -1.29804797e+209  -1.69706395e+210
  -2.89168880e+210  -2.98453783e+210  -4.86393523e+210  -4.45347518e+209
   7.32875525e+209   4.01970244e+209   6.65096694e+210  -1.35416021e+210
   5.33724484e+209   8.16716829e+208   9.52875982e+209   7.18061688e+209
   5.47306822e+209  -4.30446974e+210  -1.35651650e+210   4.52383380e+209
  -3.62809167e+210  -2.64094049e+209  -3.12486589e+209   4.83223091e+208
   2.16062338e+210  -7.65460524e+209   1.85948465e+210  -1.18413296e+209
   2.59211799e+210   3.83532724e+210  -1.23225353e+209   9.55654440e+208
   4.91919829e+210   3.92221792e+209   6.77565374e+210  -1.16520788e+209
   3.51107826e+210  -8.86116515e+209  -3.09941767e+209  -4.29922631e+209
   1.71095657e+209  -9.67967848e+208   9.55489992e+209   4.85567610e+209
  -9.04933733e+210  -2.12257828e+210   4.70336658e+210  -5.78150413e+209
  -2.60908530e+208   1.04617703e+210  -2.39071052e+209][  1.33287213e+210  -5.90443357e+210   2.11303716e+210   5.48263104e+209
  -7.02868064e+208  -5.97064420e+208  -6.93355387e+210   2.43738381e+210
  -9.63406859e+209  -6.56693587e+209   6.80502651e+209   1.25363220e+210
  -1.81879016e+209   4.50477509e+209   3.41318325e+208   2.42236461e+209
   1.94145359e+210   4.04644839e+210  -1.53118930e+210  -2.69104280e+210
   4.27651789e+209   5.08521844e+210   3.31290450e+210   1.81191041e+210
   6.77184462e+209  -9.07637388e+209  -6.41739798e+210  -7.83932947e+209
   2.21893260e+209   1.14884559e+210  -4.16075830e+209  -7.97044495e+209
   4.21169625e+210  -9.86987228e+209   3.10753081e+210   2.01735124e+209
   1.97329383e+209  -2.21235490e+210  -3.60923545e+210   2.82539672e+210
   4.08749224e+210  -3.99961372e+209  -7.91925208e+209   1.29208510e+211
  -2.62948726e+209  -1.05027739e+210  -1.01419566e+209  -1.09743819e+211
   7.26027202e+209  -4.03376390e+208  -4.50511348e+209  -6.15780754e+209
   6.28397254e+209  -1.81073597e+210  -9.58708719e+209][  1.19170789e+210  -1.92794795e+210  -3.73223096e+209   4.02455323e+209
   4.98097840e+209   4.75296916e+210   1.53229130e+209   1.64348229e+210
  -3.08800550e+210  -3.44015423e+209  -8.43591479e+209  -1.75693749e+210
  -5.87153246e+210  -7.40775158e+209   3.25001453e+209   1.04485999e+209
  -3.80390776e+209  -5.49119939e+209  -7.53517824e+209  -1.28040185e+210
   3.97472633e+209  -4.87037033e+207  -3.87112011e+209  -2.32650033e+210
   1.78264314e+210  -1.43874107e+209   2.67685700e+210   3.70966763e+209
   4.89813341e+210   4.50894832e+209   1.79687907e+208   2.49875508e+210
  -1.04559386e+209  -7.46924615e+210   2.23632853e+210  -8.71725887e+209
  -5.17425753e+209   5.50444364e+210  -2.67710513e+207  -5.83606720e+209
   3.72754055e+210  -2.35664161e+210   1.63089098e+209  -3.99231705e+208
   5.33197841e+210  -3.73631485e+209  -3.16376452e+209  -4.11504010e+209
   3.59668412e+210  -1.83054520e+210   2.42266604e+209   9.70151967e+209
  -2.29926560e+210  -8.64412157e+209   3.60509865e+210][  9.41107417e+208  -4.07104576e+210  -9.64492158e+208   1.59551709e+210
   3.25581181e+209  -9.55036997e+208   1.74510279e+209  -8.24970593e+209
  -1.35819435e+210   2.31615550e+209  -3.85164379e+210  -2.21764116e+209
   1.83416129e+210  -3.60557107e+209   2.22228797e+210  -2.77882874e+209
  -5.79358616e+209   2.32287978e+209   4.39635709e+210  -5.14125214e+209
   1.85631097e+208  -1.94310024e+210  -7.68731823e+208   5.49442257e+210
  -2.67053045e+209   2.65847068e+210   8.22784497e+208   2.17804830e+210
   3.62423250e+209   4.32026874e+209  -7.49637681e+209  -1.00237960e+209
  -3.24756985e+210   5.73897570e+209   8.69296401e+209  -5.87347743e+209
  -7.02390768e+208   1.17354504e+209   1.74197060e+210   5.20419371e+209
   1.07779847e+210   2.53107680e+210  -2.81540245e+210   1.67384600e+210
   2.43365882e+209   1.23557288e+210  -1.05704899e+209  -1.56042283e+210
   5.06387558e+209  -1.95683077e+210   5.85154980e+209  -7.04748130e+209
  -1.48823756e+210   1.46663169e+210  -1.55032685e+210][ -7.55955896e+209   1.08401887e+209  -1.47397699e+209  -3.74823949e+209
   7.38226560e+208  -9.90009828e+209  -9.58778942e+209   3.49533838e+209
  -1.97446056e+210   2.54969330e+209   5.15527793e+209  -2.36266046e+209
  -4.82079799e+209   4.98033151e+209  -5.58787251e+209  -1.13933382e+209
   1.26819267e+211   5.08962493e+210  -2.64929383e+208  -3.71672487e+210
  -6.43939900e+209   1.18607062e+209  -5.96225367e+209   2.67642528e+210
  -3.56117134e+210  -6.66723239e+209   1.53234003e+209  -1.86194199e+207
  -1.80219746e+210   4.89207140e+208  -3.91858685e+209  -1.00215960e+211
  -8.49047324e+208  -1.11578403e+210   3.15748919e+210   9.37610998e+208
  -1.85145313e+210   5.48831220e+209  -1.08845482e+210  -2.21079118e+209
  -1.15624306e+211  -2.46722994e+209  -1.59159594e+209   3.25702467e+209
   1.57158058e+210   1.21614882e+210  -9.69052837e+208   2.13590797e+209
  -3.54182637e+210  -3.66578275e+208  -6.61389949e+210   1.89434032e+210
  -3.01837461e+209   1.81091413e+210  -3.39645664e+210][ -2.75665626e+209   8.71231488e+209   2.48519690e+210  -9.35348379e+209
   7.42634322e+208   6.40477516e+208  -1.62936679e+209   1.78950397e+209
  -1.93639958e+210   1.59673083e+210   2.83774114e+209  -2.93147832e+209
  -8.33730879e+208   1.78135012e+210  -1.96861822e+209   6.15981843e+209
  -1.12614931e+209   9.50734601e+209   6.53842202e+209  -7.28439582e+209
  -9.74356367e+209  -1.75478610e+210   8.15761201e+208   9.04500808e+209
  -4.52887079e+209   1.20212383e+210   5.31993529e+209  -3.03867101e+210
   1.42918497e+209  -2.53801783e+209  -3.30738861e+210   3.56902132e+209
  -6.05433354e+210   2.94833832e+209   1.40338967e+210  -4.96054317e+210
  -7.38117114e+209  -4.49467602e+209  -3.11916042e+210  -3.04960242e+210
  -4.29804270e+208   1.35136842e+210   7.95641270e+209  -1.80177610e+210
   5.26548225e+210   6.71092799e+209   7.58494758e+210   4.32765353e+209
  -9.41311928e+209   1.33255020e+211   1.31189120e+210   9.45629608e+208
   1.87036980e+210   1.78407785e+210  -2.28920714e+210][ -1.11250456e+209  -5.49663222e+209   2.17771891e+210  -6.11292415e+209
   1.66766709e+210  -2.77164597e+208  -1.98427200e+210  -1.84708662e+210
  -8.21771179e+209   4.95694272e+207   1.41231826e+210   3.27104868e+209
  -2.13361369e+210  -1.80274771e+210   4.18473726e+209  -3.61346487e+209
   2.37040460e+210  -8.08447418e+209   2.56650369e+210   3.22517636e+210
   1.16330895e+211  -4.66185927e+209  -2.71908060e+210  -3.80742047e+210
   9.97930926e+208  -1.27365044e+209  -3.59497384e+210  -9.79110244e+207
   1.68898212e+210   4.86662174e+209   4.14702856e+209  -1.21411324e+210
  -1.14046225e+209   4.02086041e+209   1.95517969e+209   1.30875181e+210
   2.37307599e+210   4.41626973e+209   3.31779830e+209   1.27491915e+210
  -2.89924120e+210   1.96644757e+210  -4.43485632e+208  -2.69123838e+210
  -1.17966600e+210   1.85628533e+209  -5.22666522e+210   2.80675074e+209
  -5.76720909e+210   2.74626912e+210   2.55989684e+210   4.51113650e+208
  -3.03708745e+209  -2.78527479e+209  -3.50220638e+210][  9.09285320e+209   5.08835325e+208  -5.03180158e+209  -1.33295702e+210
  -3.89080480e+210   2.02876669e+210   7.04162462e+209   3.31075002e+210
  -1.75919463e+210   3.75829371e+209  -1.90498069e+210   3.81152155e+209
  -1.23722760e+210  -3.10087969e+210  -1.47588896e+210   1.18679370e+210
  -1.43247384e+208   4.72603478e+210   3.67848120e+209  -5.72479367e+210
  -6.58842087e+208   2.91911916e+210  -1.33272501e+210   3.28046541e+208
  -6.40276782e+209  -2.31694880e+210  -5.22731016e+209   5.81530080e+209
  -1.47436851e+210   4.39988647e+210   4.74316188e+209   1.49554461e+210
  -4.11657898e+209  -3.62280316e+209  -6.87610697e+210   2.45902135e+209
  -1.51472208e+210  -6.36389376e+209  -1.10883051e+210   1.10568466e+210
  -1.46025742e+210  -2.38589117e+209   2.48332609e+210  -9.59778166e+209
   1.86389205e+210  -1.09881509e+208  -2.31209484e+210   1.92294548e+209
  -2.77421295e+209  -2.38985841e+210   7.51322276e+209  -1.00474124e+210
  -3.44401111e+210  -4.38586376e+209  -1.81843722e+208][  5.21505419e+210  -2.06770900e+210  -7.85695605e+209   5.01308884e+208
   2.06844245e+210   3.76424474e+210   6.71723456e+208   2.76643939e+208
   4.29822332e+210   1.24189635e+211   6.47044991e+208  -5.63933714e+210
   2.99673916e+209   1.90119292e+210   5.61282727e+209  -1.68078669e+209
   2.60444052e+210  -7.45612704e+209  -2.39989845e+208  -7.93177057e+209
  -1.00256072e+209  -1.10885723e+210  -3.11547566e+210  -1.23293640e+209
   1.43271172e+210   3.57882942e+210  -9.21863249e+209   3.52234538e+209
  -1.18212231e+209   4.05820435e+209   3.50994794e+209  -2.25846764e+210
   2.07991462e+210  -2.34917928e+208   1.00689589e+209   5.60911692e+209
   2.83797291e+209  -1.77273693e+209   5.76451461e+210   1.95186841e+209
   6.48145283e+210   4.79305908e+209  -6.28542884e+209  -7.22029159e+209
   8.11609734e+209  -2.84181866e+210   1.18354863e+210  -5.33237089e+210
   3.61142466e+209   3.11566246e+209  -9.09102828e+209   6.03399059e+209
   5.30783524e+209  -2.27039051e+209  -1.96098596e+209][ -3.55267996e+209  -2.06860535e+210   1.71369072e+210   2.60038609e+210
  -4.02788117e+210   2.54205202e+210  -1.72005816e+210   7.00088506e+208
  -5.93561998e+210  -3.37859737e+209   4.51800906e+209  -6.58389270e+209
  -6.02663584e+208  -8.17340480e+208  -4.92142748e+209   3.19423143e+210
  -8.36107630e+209   1.91458102e+210   1.79752012e+210   7.93094426e+209
  -3.88755445e+209   9.00049314e+209   6.64896848e+209  -2.16274508e+209
   5.40060511e+207  -8.76339713e+210  -5.92912877e+210  -9.76895586e+209
   5.56951621e+207   2.08321785e+209  -1.10864114e+209  -6.97562205e+210
   2.53182859e+210  -2.06135927e+210  -1.55205948e+210   7.17023777e+209
   4.16644706e+210   1.39744433e+210   2.28926404e+210  -1.28753004e+210
  -4.74919838e+209   1.62260015e+210  -1.09573890e+210  -1.22422464e+210
  -9.32850426e+209   1.28289545e+210  -1.80417625e+209  -1.56706687e+209
   2.71366983e+208   2.86515052e+210   1.99353271e+211   8.42111867e+209
   1.64835199e+210   2.34933471e+210  -1.02857765e+210][ -3.94509882e+207  -9.34744430e+208  -1.70466302e+209  -3.79846542e+210
  -8.64324049e+209   7.19550363e+209  -4.11142644e+209   1.34281909e+210
   4.64013740e+210   8.80615249e+208  -5.45741357e+206   3.30266762e+209
   3.65375396e+208  -1.16868527e+209  -1.84574413e+210  -3.88869034e+209
  -3.86131956e+208   1.89832631e+210   1.01643021e+211   1.05366318e+210
  -3.25791651e+210   2.74973827e+210   2.30950878e+210   1.01109003e+210
  -1.43787274e+211   1.06485056e+210  -1.81302354e+209   1.07781162e+210
  -9.51201519e+209  -3.31953142e+210   5.59955470e+209   2.44953528e+210
   4.56252405e+209  -2.34304271e+210   9.05847361e+209   1.17534111e+209
  -4.53996797e+210  -1.27450145e+208  -4.67812937e+209   1.37977892e+210
   2.33043029e+209  -8.65549342e+208  -7.81684471e+209   2.22864773e+209
   9.58210640e+209  -9.16570524e+209   4.62919658e+210   1.21747402e+210
  -2.02371839e+209  -1.74024235e+210   1.23260746e+210  -1.74464752e+210
  -2.86447194e+209  -9.71636924e+208   1.47653476e+210][  6.22074878e+209   5.91081593e+209   1.01444840e+210   1.95978117e+209
   5.70264330e+209   4.02806386e+209  -3.85989013e+209  -9.46195947e+209
  -3.41800972e+208  -1.87537505e+210  -1.12782339e+210  -7.61751600e+210
  -5.37217363e+209   3.58773589e+210   1.67654379e+210  -1.03718586e+210
   1.11776150e+210   2.26346249e+210   1.04280011e+210  -9.68170873e+208
  -3.77917267e+209  -9.94080983e+208  -9.00399702e+209  -5.84425753e+210
   1.20351572e+210   1.05123713e+210  -5.97818402e+209  -6.74504472e+209
   1.20076012e+210   1.42763170e+207   8.52975219e+209   5.66139420e+209
   2.04611858e+209  -5.84232448e+209   9.01694970e+209   7.13554930e+209
  -8.84431393e+209  -8.43164091e+208  -4.63466794e+210  -2.47062803e+210
   8.81517539e+209  -1.63715917e+210   6.69686005e+210  -2.25246966e+209
   3.72680606e+209   8.02264436e+209  -5.95441996e+209   1.50849593e+210
   3.38726291e+209   5.44503440e+210   1.26015309e+210   1.59444318e+210
   1.92263844e+210  -6.65049060e+210   9.90847266e+209][ -2.39768626e+210  -5.52840939e+210   1.22911768e+210  -4.58201482e+209
  -1.96395293e+210   2.53984336e+210  -8.11285671e+209  -5.25105570e+210
  -4.72617646e+209  -2.31614271e+210  -1.50434980e+210  -8.52619475e+209
   2.57193542e+210  -2.98426986e+209   2.86743680e+210  -1.51996581e+209
   3.34795715e+210   8.94511340e+209  -2.86918657e+209   6.63273969e+209
   2.96278778e+209   6.51302519e+209   3.39289916e+209  -1.29656082e+210
  -3.81976434e+209   1.88951481e+210   2.11698740e+210  -4.29973227e+208
   1.55442144e+210  -6.98288040e+209  -4.28850046e+210   3.71220477e+208
  -5.68544783e+209  -1.27214542e+209  -4.31684115e+209   4.61455955e+209
   1.89604280e+210   8.61972772e+209   1.46173301e+210  -6.49289633e+209
  -6.33801559e+209   5.07992229e+210   1.35023906e+210  -9.00841404e+209
   2.44253284e+210   5.86906696e+209   1.63571009e+211   7.08140677e+210
  -4.41787933e+209  -3.25648225e+210  -3.12577898e+210   1.10197555e+209
   6.55401816e+208  -2.95480208e+210  -5.36824175e+210][ -1.96936378e+210   2.13260229e+210  -4.46458020e+210  -2.14322169e+211
  -5.76076514e+208  -3.78282824e+209   1.09675415e+210   1.31376375e+210
   1.15110758e+211  -3.02937005e+210   3.87284682e+210   6.42312254e+207
  -2.18151019e+211  -1.08984859e+210  -2.13325335e+207  -1.63086334e+210
  -6.20601865e+209   1.70044734e+210   2.37296578e+208   1.41057615e+210
  -3.99571498e+210   3.91976602e+210   1.45253619e+210  -7.23435839e+208
   2.33452751e+209   8.94685120e+209  -3.65546411e+209   5.12316621e+208
  -6.70112833e+208   1.03817612e+210  -7.34871624e+209  -5.07656193e+209
  -1.13921580e+210   1.81198790e+209  -2.54438092e+210   7.68813047e+209
   6.82570205e+210  -5.92102285e+210  -8.69505869e+209  -1.00539083e+209
  -7.48774861e+209   2.53623290e+209   1.54618503e+210  -1.24917764e+210
  -9.67130540e+209   2.34652484e+209   1.37452216e+210   3.20506054e+209
   2.80088612e+210   1.44944375e+210  -8.09898385e+208   5.68527132e+210
  -3.60960901e+209  -4.99035721e+210   4.18650546e+210][  1.26180210e+210  -7.33440048e+209  -2.12186862e+207   2.22338254e+209
  -8.71686718e+209  -9.98432229e+208   3.71780800e+210  -6.87728720e+209
   1.16326126e+210   1.39020456e+209   9.69896732e+209  -2.16539875e+210
  -2.66426020e+210  -3.75485473e+210  -2.38613650e+209   1.12485254e+210
   3.06506919e+210   1.18228015e+210   2.62296770e+210   3.17595454e+209
   7.13460192e+209   1.80362665e+209  -3.62554539e+210  -1.74698473e+209
   6.52751648e+209   3.31130065e+209  -2.09255849e+210   2.05722183e+210
   2.59548657e+210   2.37563730e+208  -4.41098267e+210  -1.10699969e+209
   1.36287913e+210  -2.85134577e+210   1.06699160e+210   2.85624273e+208
   7.85507568e+207   3.87385680e+209  -5.06583586e+210   8.17806797e+209
   1.57162399e+210  -2.39936569e+208   4.90291203e+210   7.79109761e+209
   4.65708656e+209   2.51857145e+209  -6.35324089e+209   7.24103631e+209
   2.21284951e+209  -6.94679144e+209  -2.14673203e+208   9.21072624e+209
  -5.97674600e+209  -2.94833697e+209  -4.98529097e+209][  4.15920271e+209  -5.54993298e+209  -8.02605329e+209  -9.21519682e+209
   7.43759925e+209   2.01098611e+209   3.33048851e+210   2.81596254e+210
   1.46088629e+210   4.11952598e+209  -2.54025912e+210  -9.62578326e+209
   9.78867640e+209  -2.94139419e+209   2.16414840e+209   7.07071583e+208
   2.86656871e+210   1.56869694e+210  -1.62613630e+209   7.02989998e+209
  -4.11239320e+210   1.05812342e+209  -1.04595332e+210  -2.10973436e+209
  -2.76433058e+209   5.81913754e+210  -4.79101082e+209   8.99779335e+209
   1.52727850e+210  -5.28056427e+209   1.86157311e+210  -1.39682117e+209
  -1.93128142e+210   1.31099567e+210   1.29319591e+209   2.35961630e+210
  -2.44144903e+210   3.92230596e+210  -2.28475886e+210  -7.10901593e+209
   1.28018470e+210  -1.29029544e+210  -7.90886643e+209   1.23587525e+211
  -4.18546595e+208   4.55296758e+210   2.40498660e+209   4.66425412e+210
   8.64714174e+210  -1.21716061e+210  -1.71067936e+206   4.66781124e+209
  -1.20204921e+209   5.60830997e+209   1.81608873e+209][ -4.39289052e+209   8.63873366e+209  -6.10198981e+209  -1.39629887e+210
  -7.69363982e+210  -1.22254030e+210  -1.82491531e+210   4.35144965e+209
   7.96133760e+210  -2.74751710e+210   5.12916713e+209   1.10681013e+210
   2.86391007e+209  -2.60890265e+210   8.46601239e+209   2.84056899e+210
  -3.40715149e+209  -9.11172664e+208   6.33440561e+210  -1.81488235e+210
   1.03263353e+210  -2.24833965e+209   8.15503908e+210   8.44425763e+209
  -7.74081642e+209   4.27551043e+209  -6.74047061e+209   5.31174443e+209
  -2.15298469e+210   1.50499155e+210  -1.72367150e+210  -3.66380689e+210
  -1.80283501e+211   7.78825993e+208  -2.77810397e+210   3.98503207e+209
  -2.91695618e+209   1.09022615e+209  -2.52233894e+209  -3.42233351e+209
   1.76533824e+210  -1.84235875e+209  -1.13039556e+210   2.65534349e+208
  -4.59727983e+210   4.23675352e+210  -2.10803004e+209   1.51788005e+210
   4.68413128e+209   1.06805644e+211  -4.49645948e+208  -7.16369116e+210
  -3.43105862e+210  -4.95397863e+209  -1.20128702e+209][  4.21745972e+208  -2.34961316e+209  -2.57079412e+210  -3.53646756e+209
  -3.02036254e+209   1.08868436e+210  -1.55249477e+210   3.57441252e+208
  -9.94861096e+209  -4.61220914e+209  -7.22213966e+210   2.26347547e+209
   1.14932682e+210   2.45387652e+210  -1.35530377e+210  -4.39503576e+210
  -2.21694244e+210  -1.10740118e+210   3.29389533e+209   1.01739352e+209
   3.11365868e+209  -4.03310179e+209   2.11382729e+210  -1.72463388e+210
   1.64810423e+210   5.66412070e+209  -1.34336828e+210  -4.12128402e+208
   1.10602403e+210  -1.38107434e+209  -1.96009560e+210  -2.07643952e+210
  -5.69872318e+210  -6.05841712e+209  -1.00329173e+210  -7.78642431e+209
  -9.48654258e+209   4.41795149e+208   3.39190781e+210  -2.74394659e+210
   9.32975919e+209   1.88293426e+210  -5.96410632e+209   4.93660699e+209
  -1.39894112e+209  -2.33435349e+209   2.31078487e+210   2.08137351e+209
   3.20678996e+210   5.31043480e+209  -1.19129527e+210  -3.75887037e+210
  -1.12197364e+210  -9.49686448e+209  -2.29504975e+210][ -5.43869804e+209   1.91258892e+209   5.05017222e+209   2.12384838e+210
   1.62314781e+210   1.09096409e+209   6.62206440e+209  -8.23825942e+208
  -1.21332958e+210  -8.13349310e+208   1.81897546e+210   1.92450341e+210
  -8.79752348e+209   2.06522641e+210   5.30513029e+208   4.30262228e+209
   2.34609469e+209  -5.08529389e+208   1.24390636e+210   7.62559622e+210
   1.41669059e+210  -1.60346860e+210  -2.27510538e+209  -8.67218477e+208
   5.61069955e+209  -5.65090250e+209   3.14303754e+210   1.33837460e+210
  -2.32924820e+210   4.27768827e+209  -1.48502960e+210  -4.71567441e+208
  -1.54939958e+210  -1.96709524e+210  -7.52785272e+208  -8.95803332e+209
   5.01692215e+209   3.63632407e+210  -4.08940512e+209  -1.05498663e+210
   7.64312717e+209  -1.52837007e+210  -5.91531666e+210   4.73316922e+210
  -1.20105922e+210   4.85934444e+209  -5.17840318e+209  -1.01698869e+210
   4.86517792e+209   7.83443083e+209   1.24413491e+210  -1.14793580e+210
  -9.83435493e+209  -1.64017097e+210   5.81591180e+210]
 pesos capa salida
[  5.20205436e+210   3.52307483e+210   8.36734888e+209   1.49889113e+211
   2.11033920e+210   1.53658888e+208   1.50963327e+210  -5.21155386e+210
   3.14335159e+211   5.57109935e+210  -8.03872766e+208   3.17299195e+210
  -2.71414848e+209  -9.61255152e+210   2.54536681e+210   2.14949230e+210
  -5.49078262e+210  -1.74705649e+211   5.47637759e+209]
 biasCapaoculta
-2.708136887801906e+210
 biasCapaoSalida
9.96578157215317e+210
 mejor error
184.49999977600038
 Precision 
0.6794092093831451