
 fecha de inicio Fri, 05 Jan 2018 05:39:31 
 fecha de la generacion Fri, 05 Jan 2018 11:05:59 
 generacion: 5428
 pesos capa oculta 1
[ -4.57247663e+208   2.17117949e+208   1.42708576e+209  -1.11146386e+208
   3.81597462e+208  -4.68181042e+208   1.91907596e+208   1.75936564e+209
  -4.37037979e+207   8.88048758e+208   3.82145601e+208   3.21650164e+208
  -9.91614317e+207  -7.33927007e+208   7.32903086e+208   1.80039800e+207
  -1.51321673e+208   3.36716984e+208  -4.88727102e+208   1.00759934e+209
  -1.94866919e+208  -4.53062987e+208  -1.28947168e+209  -2.71035678e+208
  -1.52638297e+208  -8.24000267e+208   3.95066398e+208  -8.22410614e+208
  -8.39959116e+208   4.09829517e+208  -8.55238664e+208   4.13367565e+208
  -2.11923970e+208   3.66281994e+208   2.14961451e+208   4.96681062e+208
   1.02268770e+209  -7.79517879e+208  -4.51419766e+208   1.64175755e+209
   6.67643416e+208  -1.17842729e+208  -1.09373634e+209   1.05646155e+209
  -6.07490229e+208  -5.50109038e+208   6.06977046e+208  -5.57376700e+208
   3.13133012e+208   1.19230153e+209   5.37772736e+208  -7.35676986e+208
   2.88716710e+208   6.42290112e+208   3.25026163e+208][  3.31986922e+208   6.05790123e+208  -1.11716109e+209  -7.45904275e+208
   2.38503830e+207   1.13867695e+209  -1.12093870e+208  -6.93650163e+208
  -3.69563455e+208  -1.19440056e+208  -5.65135544e+206  -2.26181469e+208
   1.56149411e+209  -7.37675037e+208   1.06507494e+208  -5.55637547e+208
  -2.38594685e+208   1.27227456e+209  -1.01584128e+209   5.46709825e+208
   1.04046690e+209  -4.73376620e+208   2.99010048e+208   1.13506850e+209
   8.61799382e+208  -7.18615193e+208   1.33294129e+208  -1.24750482e+208
  -2.74869881e+208   6.11613048e+208  -2.42654981e+208   1.88176935e+209
  -6.52176079e+208   1.24296872e+208  -9.71190341e+208   2.18801249e+208
   3.09743768e+208  -1.76418422e+208  -8.50995698e+207  -8.31858479e+207
  -4.76223250e+208  -5.96355974e+208  -6.18849636e+208   3.44919131e+208
   5.22559287e+208   7.28746752e+208  -2.64737678e+208   3.69493774e+208
   2.93610721e+208   3.39698555e+208  -1.31643958e+209  -4.52570807e+208
  -9.53632010e+208   1.37047477e+208  -4.95810609e+207][ -3.55796784e+208  -1.05649393e+208   1.08122924e+209   4.46611355e+208
  -1.19678780e+209   2.37355220e+208  -7.36890735e+208   2.57994617e+207
   1.02487164e+209   9.00216389e+208   1.99116006e+207  -1.85521692e+209
   6.48947949e+208  -3.63121482e+208  -6.23621317e+207   1.63260445e+208
   2.48203431e+209  -7.39904460e+207   1.51434723e+209   1.17527367e+208
   1.60848550e+208  -1.35751719e+209  -2.43554379e+208  -9.49930815e+208
  -6.21291077e+208   1.89703479e+209  -5.80416665e+208   1.50896535e+208
  -2.79826238e+208   7.43198589e+208   1.11247644e+209  -5.52907702e+208
   1.54179764e+209   3.24195220e+208  -5.43686463e+208   1.16406377e+209
   2.52232597e+206   1.21941769e+208   2.86335958e+208   3.39013451e+208
   9.98769139e+207   4.96728867e+208   6.17776073e+208  -4.07867670e+208
  -4.63734080e+208  -5.41140582e+208   5.62168564e+208  -5.94569432e+207
   1.61157763e+208   5.08326619e+208   8.09876049e+208   8.08611813e+208
   1.20076008e+208   2.42782570e+208  -4.10076399e+208][  1.52146422e+208   7.01445660e+208  -7.51580070e+208  -1.20082345e+208
   1.32831609e+208  -2.56094722e+209   1.26332192e+209  -3.81495604e+208
  -8.00681345e+208  -4.97429342e+208   1.99153765e+208   2.34762230e+208
   5.94913987e+207   5.01261728e+208   6.29150584e+208  -1.11104573e+209
   1.83141814e+209   3.06116997e+208  -1.24181210e+209   2.31453718e+208
  -4.19437830e+208  -4.97632542e+208   5.82061993e+208   8.83641532e+208
  -6.43768278e+208   3.88935397e+208   3.50161380e+209   3.74978954e+207
   7.64729125e+208   5.16678561e+208   7.94226525e+208   8.27307478e+208
   3.72137787e+207  -1.61412626e+209   1.42156327e+208   2.30647968e+207
  -3.10004082e+208  -5.05040100e+208  -5.50519323e+207   4.34499411e+208
   2.51401776e+208  -6.74573627e+208   5.98160334e+208  -1.60531271e+208
  -2.92947736e+207   4.13957435e+208  -1.19868282e+208   5.08133212e+208
  -8.57306241e+208   4.57980484e+208   8.33778683e+207   2.63708428e+209
  -5.95776662e+208  -5.58924586e+208  -1.33129349e+208][ -2.89251726e+208   2.22165275e+208   8.88284936e+207   9.13331688e+208
  -2.92635385e+208  -5.65502260e+208   4.85981338e+208  -2.40863863e+208
   5.34628824e+208   1.68112865e+208  -1.91269274e+208  -5.62601383e+208
  -1.14465552e+209  -1.31031205e+209  -1.43991233e+207   8.46138750e+208
  -1.76597913e+208  -5.32448444e+208  -2.55960548e+208  -5.36578946e+208
   8.28422745e+208   3.31185282e+208  -3.08694016e+208  -4.54296208e+208
  -5.43303598e+208  -7.13752983e+207   3.46087094e+208   1.09026539e+208
   6.00235540e+208  -1.03457323e+209  -1.11534673e+208   4.06005902e+208
  -3.88277564e+208   1.21560664e+208  -1.43156280e+208  -6.69220447e+208
  -4.02966382e+208  -2.96075342e+208   3.88101365e+208  -9.33922428e+207
   3.47265919e+208   4.32820089e+208  -3.57610492e+208  -1.49616095e+208
  -4.77594146e+208   2.04628975e+208   2.98826615e+208   9.24904320e+208
  -6.16617897e+208   1.70465132e+208  -3.08716061e+208  -1.12514874e+209
   3.39534994e+208   4.21202354e+207   1.06970531e+209][ -6.07732624e+208  -1.40893615e+209   6.57728013e+208   1.05918535e+209
  -1.73910411e+208   1.98833659e+208   5.42273643e+208  -6.90408784e+208
   5.12448788e+208  -5.82215242e+208  -3.93839280e+208   1.54508481e+207
  -4.12825603e+208   1.57721400e+208   6.37890629e+208  -1.30701944e+208
   5.21133383e+208   1.69344700e+209   2.57258766e+208   2.07247380e+208
  -3.28045411e+208   2.08375761e+209   2.96407353e+208   6.53626598e+208
   1.17493264e+208   1.28025876e+208   9.81928206e+207   8.11813025e+207
  -5.23570890e+208  -4.12636338e+208   1.49738204e+209   6.60117264e+207
  -1.01740031e+209   2.70885553e+207   5.08038976e+208  -7.71389187e+208
   1.58720194e+208  -3.98644922e+208   7.01740086e+208   4.46389789e+208
   6.19763666e+208   1.34835137e+208   4.95200553e+207  -3.10626655e+208
   4.56665308e+208  -7.54032069e+208  -1.87539862e+208  -6.40689296e+208
  -4.56570767e+208   1.05518806e+209  -9.31789265e+208  -3.51431296e+208
  -3.67363562e+208  -2.21338070e+209   9.86799970e+208][ -2.70484413e+208   9.72228379e+208   7.03658258e+207  -3.43300967e+208
   3.30558071e+208  -3.44031808e+208   5.20534352e+208   4.01635984e+208
  -5.93464891e+207   3.82831085e+209  -5.11924316e+208  -5.10195041e+208
   5.71222501e+208   1.97963231e+209   9.13009384e+208   1.69870173e+207
   2.08690486e+208  -4.99744092e+208  -6.75010080e+207   6.69980567e+208
   2.44536270e+208  -6.54407134e+208   1.57856226e+208  -5.06442051e+208
   6.74283033e+208  -5.21680573e+208   2.70322129e+208  -3.30622742e+208
  -1.15966972e+207  -7.27010010e+208   2.61169370e+208   6.51329130e+208
   9.11406221e+208   2.40605222e+208  -3.93481659e+207  -2.04885672e+207
  -3.67506190e+208   9.61191819e+208   5.16554901e+209   9.62988916e+207
   1.82248964e+208  -6.21532786e+208   3.66495947e+208   3.74700643e+208
  -2.51048915e+208   5.31781201e+208   4.65360219e+208  -1.16945602e+208
  -1.14273991e+209   5.18806222e+208  -6.07916019e+208   1.59172894e+209
   2.52504275e+208  -5.69721153e+208  -1.12830040e+209][  8.43792166e+208   8.40574406e+207  -3.46178777e+208   1.49579500e+209
  -2.47251321e+208   1.19825657e+208   8.72428070e+208  -1.59999396e+208
   5.50508684e+208   1.68394714e+208  -8.71358469e+208   5.23315221e+208
   1.19919435e+208  -6.62349616e+208  -1.46478099e+208  -7.04402971e+208
  -1.54533518e+209   3.08328312e+208   2.47336664e+208   9.09395693e+208
   2.67306797e+208  -1.93693484e+208  -4.07897594e+208   1.41961865e+209
   6.54646925e+208   2.28372095e+209  -1.28142318e+209   4.57841543e+208
   8.97836857e+207   6.37745703e+207   2.35858880e+208   5.16631308e+208
   1.26861951e+208   5.16593282e+207   1.70134471e+208  -1.43441523e+208
   3.16720187e+208   5.96922074e+208   1.32169370e+208  -2.39154124e+208
  -9.25210879e+207   4.95468135e+208  -5.83294780e+208  -5.88668433e+207
   5.60645630e+208  -7.02591679e+208  -2.34646439e+208  -1.05987945e+209
  -1.46338610e+209  -7.18324396e+208   1.10910363e+209   2.01384233e+206
   5.47555412e+208  -6.79250327e+208   1.73543181e+208][  4.16941016e+208   1.23966706e+208   1.33409172e+208  -2.84931108e+208
  -1.76386802e+208   7.74713964e+208   1.25881388e+209   7.43129978e+207
   1.70051213e+208  -1.70654783e+208   1.31781261e+209   7.12300028e+208
   2.69484177e+208   2.41286421e+208  -2.49685282e+208   3.50156857e+207
   5.28017545e+208  -2.21427793e+208   2.79912396e+208  -7.45941535e+208
   1.03645526e+208   9.30500783e+206  -6.51221579e+208   8.70342596e+208
  -3.73896572e+208   4.35104220e+208   2.05473298e+208  -2.96798090e+208
   1.55634732e+209   3.35277892e+207   5.77859397e+208  -3.23861391e+208
   4.40024710e+207   7.81233126e+208  -8.27770201e+208  -3.22848562e+208
   2.10730075e+207   3.21137918e+208  -2.83829942e+207   5.08912281e+208
  -1.57783085e+207   4.72819994e+208   4.23626840e+208   1.27376652e+209
   4.10079653e+208  -6.53522989e+208   5.58813764e+208   5.48030321e+208
   1.20756187e+208  -3.13967201e+208   2.50598024e+208  -6.92824756e+208
   1.13544239e+209  -1.19388767e+209   7.44903641e+207][ -2.01458832e+208  -2.20884130e+208  -6.30980545e+207  -9.89551476e+208
   3.27790565e+209   1.92071287e+208   5.48093525e+208  -2.88525796e+208
  -1.12585435e+208  -2.19639987e+208   2.88188441e+208  -1.92878371e+209
  -8.00945450e+208  -4.13720154e+208   1.32226673e+209   2.84471092e+208
  -4.71967317e+208  -1.13303173e+209  -4.11776592e+207   1.62828145e+209
  -1.04396560e+209  -5.13766351e+208   3.19690265e+208  -2.63308277e+208
   5.15375919e+208   3.33210750e+208   5.86126060e+208  -3.92636539e+208
   7.10959234e+208   5.09325674e+207   7.03008942e+208   3.07739680e+208
   1.55792545e+209   5.43378084e+208   1.09881387e+208  -4.24375562e+208
  -2.38448083e+208  -5.34839081e+208  -9.83470451e+208   5.86703339e+208
  -9.89230534e+208   1.06976363e+209  -8.93263086e+208  -1.40163863e+209
   2.06408368e+208  -8.74142797e+208  -5.26637927e+208   3.77944704e+208
   2.57319815e+208   1.95541173e+208  -7.05084664e+205   4.13189267e+208
   1.81508677e+208   3.78888489e+207   1.67141809e+208][  1.45425401e+209  -8.22762617e+208   1.45512768e+209  -9.63108919e+208
   4.19246005e+208  -7.75295353e+208   8.56300345e+208  -8.85282971e+208
   9.77442930e+208  -1.74638070e+209  -7.14909708e+208   1.97678243e+208
   1.20740208e+208   7.53329752e+208   6.79394405e+208   2.12712658e+208
  -1.90203391e+207  -7.15533976e+208  -1.71741895e+209   1.61949238e+209
   7.42868623e+208   2.33282226e+208  -1.03183199e+208   1.89354942e+208
   9.94490949e+207   3.43173072e+208  -2.03929487e+208  -2.08822695e+209
   7.33974165e+207  -6.31887789e+208   7.68125943e+208  -6.53269836e+208
   9.33191893e+208   6.85436042e+208   2.88947164e+209  -1.48300914e+208
  -2.20144535e+208   3.48760089e+207   2.10846142e+208   1.11557707e+209
   6.42787216e+208  -1.26716040e+208   6.48816181e+208  -1.13225988e+209
   5.19329970e+208   5.56639441e+208   7.26057011e+208   8.40071465e+208
   1.50344323e+207  -9.37944018e+208   4.86715749e+208  -7.85231711e+208
  -7.76958732e+208   5.21870557e+208   4.19621728e+207][  4.74679158e+208   1.38015007e+208  -1.85105430e+208  -2.22560096e+208
  -5.72138584e+208   3.59335018e+208   8.73668867e+208  -1.22981673e+208
  -1.26196811e+209  -3.21548531e+209   9.95656100e+207  -3.57297356e+208
   6.94745543e+208  -1.48812656e+206   1.02598956e+208   1.86694120e+207
  -3.17089862e+208  -7.79325831e+208  -3.84468213e+208  -1.20408014e+209
  -9.65888528e+208  -7.44397788e+208  -4.34728368e+208  -1.05514602e+209
  -7.85720211e+207  -5.03748212e+208  -5.10642107e+208  -4.49036699e+208
  -9.22339904e+207  -4.14330379e+208  -4.78911221e+208   6.37419246e+208
  -1.93031399e+208   4.73732457e+208   5.88618294e+208  -1.76535347e+208
  -1.39001276e+209   1.16565336e+209   3.38194818e+208  -2.77541241e+208
   2.58437904e+208   1.11418417e+209  -2.40541243e+207  -1.94099035e+209
   6.97754683e+208   4.91252072e+208   4.37569827e+208   2.74918721e+208
  -2.39521396e+208   1.43491279e+209   4.74123049e+208  -2.06749196e+208
   1.22024442e+209  -4.89981114e+208  -3.61581419e+208][  2.32193341e+208  -1.09997637e+209   1.89024444e+208   1.05346131e+208
  -1.51735224e+209  -2.16850058e+209   1.43614987e+209   1.59903140e+208
   2.36933511e+208   5.69554087e+207  -1.05945446e+209  -9.77614610e+208
  -8.80473496e+208   1.27125941e+209  -1.93482924e+208  -8.02318784e+208
  -5.06014423e+208   1.80363753e+209  -6.10319425e+208   3.21078255e+208
   5.49883873e+208   9.79601581e+208  -3.28447252e+208  -2.49623230e+208
   1.12731256e+208   7.73609727e+208  -3.66124491e+208  -5.70688942e+208
   1.45294126e+209  -1.09883992e+209   3.22373891e+208   1.05112231e+209
  -2.55704236e+208   5.34012032e+208   1.06445748e+209  -5.13969066e+208
  -2.15869627e+208   4.25256564e+208   5.33406937e+208  -1.01363113e+209
  -1.37820904e+208   6.23272026e+208  -9.50964151e+208  -2.95373840e+208
  -9.11052063e+207   5.53457242e+208  -4.75241807e+206   2.27324427e+209
   1.23720508e+209  -2.68679946e+208  -2.53963379e+208  -6.71216506e+207
   1.02727575e+209   1.77304546e+209  -4.23900968e+208][  1.06105883e+208  -4.80623960e+208   5.31899380e+208   1.67350005e+208
   4.78625146e+207  -2.47729910e+208  -2.70844441e+208   2.15834600e+208
  -1.03197773e+209   9.46255562e+208   6.18650351e+208  -9.09578235e+208
  -7.60176386e+208  -3.97882059e+208  -5.42288814e+207  -9.86913977e+208
   7.41165578e+208   3.81090608e+208  -4.61674375e+208  -1.14707142e+208
  -3.01854164e+208  -1.18133824e+209   4.79759259e+208   1.07836754e+209
  -5.60656138e+208   2.05288234e+209  -6.22344678e+208   8.64001367e+208
  -3.41257385e+208  -3.24322446e+208   6.05081213e+208  -9.95911243e+208
   7.31632627e+208   7.52193700e+208   1.58747858e+208  -1.00294814e+208
   3.29526080e+208  -2.71401462e+208  -2.23973181e+208   5.71532265e+208
  -6.30977909e+208  -2.70693064e+208   1.26258430e+208   4.12339593e+208
  -7.11117134e+207  -2.19005429e+208  -2.71228763e+207  -9.27456152e+208
   3.57135704e+208   3.35132571e+208  -8.22410378e+208  -2.65006547e+208
  -1.67009254e+208  -2.51586682e+208  -2.57315901e+208][ -7.21351985e+207  -7.50123853e+208  -9.55734916e+207  -4.55139290e+208
   1.37005834e+208  -1.93121475e+208   1.57690599e+208  -4.26873050e+208
   8.77347570e+208  -1.84374284e+208   1.28870241e+208  -7.35411495e+208
   5.72660654e+208  -9.36180641e+208  -3.53749262e+208  -3.60031927e+207
   2.18502544e+209  -2.11602898e+208  -1.02414039e+209  -3.27521191e+208
  -2.12526131e+208   5.08043680e+208  -9.90759762e+207   2.48064940e+208
   1.39589084e+209   3.54702591e+208   9.30146369e+208  -1.90856252e+208
   2.50534140e+208  -5.62729015e+207  -7.51436673e+208   2.16599997e+208
   2.09899389e+208  -4.69651403e+208  -6.06781154e+207  -7.37820643e+208
  -2.52561661e+208  -5.50486955e+208   1.47983743e+209   3.03815688e+208
   6.45308020e+208   2.85053525e+208  -3.37142835e+208   2.60732363e+208
   6.44178790e+208  -2.24762309e+207  -4.75867724e+208  -3.05644437e+208
  -2.37082160e+208   5.54657058e+208   4.39650847e+208  -1.53053442e+208
  -7.15745980e+207   5.82892087e+208   1.28766125e+209][  2.56675450e+209  -5.10988468e+208   2.42225202e+209  -4.00397931e+208
   9.81533520e+208   7.00004031e+207   8.03776621e+208   3.23944822e+208
  -4.32501796e+208   2.83615418e+208   5.75561284e+208   2.13076880e+209
  -4.00755686e+208   5.88937464e+208  -2.14904395e+209   2.09350588e+208
  -7.22175590e+208   1.44635037e+208  -1.29220618e+208  -9.52615814e+208
   6.92707336e+208   2.26728996e+208   7.60196612e+208  -4.53522038e+208
   4.50003708e+208   1.26032191e+209  -5.30492423e+208   7.28822292e+208
  -2.49335447e+208   9.11656601e+207   5.37744151e+208   4.84015664e+208
   1.33658600e+209   1.36157759e+208  -7.43037237e+208  -3.27522569e+208
   3.06690461e+208  -5.52502772e+208  -2.42413453e+209   3.38758310e+208
  -1.43593217e+209   1.27561575e+209  -3.02985724e+208  -2.68509815e+208
   8.35824019e+208   3.12661310e+208   1.33391075e+209   1.68649746e+209
  -5.80515298e+208   5.34847753e+208  -4.50296128e+208  -2.00229890e+208
  -1.15816244e+209   3.25100853e+208   2.78828385e+208][ -9.10121384e+208  -1.55537465e+208  -1.00601089e+208  -3.23065480e+207
  -3.06674546e+208   4.99443054e+207  -9.67362491e+207  -8.83108989e+208
   2.95603328e+208   5.07757886e+208   5.42290915e+208  -4.58294147e+208
  -1.37272186e+208  -1.45340671e+209   8.32851843e+208   7.82636912e+208
  -5.85772229e+207  -9.88141407e+208   1.27415553e+209  -1.05635925e+208
  -2.63226723e+208   4.50412655e+208  -6.01714012e+208   6.33102172e+208
   1.41230959e+208  -3.16923079e+207   1.49193896e+209   7.64074221e+208
  -8.16543829e+208  -1.03774685e+208   1.07565725e+208   3.22232814e+208
   2.58590034e+208  -3.00855752e+208  -5.04647645e+208   1.82549583e+208
  -2.31026885e+208   2.14378213e+207   5.72177978e+208   4.22598548e+208
   1.95208409e+208   8.07459697e+207  -3.40927426e+208   5.20428138e+208
   8.27241074e+208  -8.68870747e+208   1.93435326e+208  -4.37120527e+208
   5.27135739e+208   6.32390311e+208   8.60418227e+208   1.09713642e+207
   1.03274532e+209  -1.49077682e+208  -3.06257136e+208][ -2.20114805e+209   2.22336462e+208   2.19921800e+208   3.92965107e+208
  -1.15128692e+208   3.35815891e+207  -2.39180571e+208  -9.91209240e+208
   1.90886159e+209  -1.55641157e+209  -4.76450915e+208   1.95830809e+209
   2.20274691e+208  -1.28411354e+208   4.64000816e+208  -1.98228974e+207
  -9.63271943e+208   1.52241693e+208   3.25583533e+208   3.73008444e+208
  -6.87512958e+208  -2.57822509e+208   7.97749601e+208  -1.46040927e+209
   7.14576643e+208  -9.38075704e+208   1.20251776e+207   1.02702799e+209
   5.77761282e+208  -1.06366145e+209  -8.52405073e+208  -1.70833604e+208
  -3.61840684e+209  -4.75050096e+208   1.82104452e+207   1.28651201e+209
  -7.76728675e+208   9.38260647e+208  -2.34102634e+208  -6.81051119e+208
  -1.57392109e+208  -2.91896553e+208  -1.30727901e+208  -1.03676572e+209
  -4.01085888e+208   1.03607830e+209  -2.40034962e+208  -5.36215088e+208
   2.83397840e+208   3.62745825e+207   1.72006956e+208  -2.62425463e+208
  -6.97580063e+208  -4.10990620e+207   1.54705206e+209][  1.05669579e+209   2.90348484e+208  -4.82697549e+208  -3.58631733e+208
  -9.02548066e+207   2.94636653e+207  -1.75187732e+209   4.36635775e+207
   3.18603775e+208   3.28666235e+208  -1.68573666e+208  -7.84901112e+206
  -6.52685396e+208   4.78475306e+208  -1.48971997e+208   4.29269188e+207
  -2.10789489e+208   8.14396815e+208   1.73947685e+208  -7.17423502e+208
   3.74927992e+208  -4.19234058e+208   7.85500172e+207   5.24146466e+208
   4.14391828e+208   9.82288886e+207  -1.20700559e+209   1.01234032e+208
   3.90191693e+208   5.58405010e+208   6.28632718e+208   1.59597243e+208
  -1.46881771e+209  -1.63455421e+208  -8.40985413e+207   3.56992902e+208
   3.13117391e+208   2.89811749e+208  -2.65612043e+209  -7.60377870e+208
  -8.19850284e+207  -3.63591689e+208  -2.67623589e+208  -8.17998034e+207
  -2.89516272e+208  -1.69848014e+208   4.79141958e+208   9.98511137e+208
  -3.32112245e+209   1.87054138e+208   1.10721488e+209   1.48957641e+209
   7.44605723e+207  -2.74005064e+208   2.64806122e+208]
 pesos capa salida
[  1.27486629e+209  -2.17188432e+209   5.03384044e+209   7.58646984e+209
  -6.35632774e+209  -1.18202029e+207   1.10338006e+209   4.18395201e+207
   8.07981847e+209   3.91210234e+209   2.41332690e+209  -4.88608967e+209
  -2.99487235e+209   2.53206444e+209   2.28602543e+209   7.27552693e+209
   1.12095724e+209  -6.49251581e+209   6.39111918e+208]
 biasCapaoculta
1.0787671006078661e+208
 biasCapaoSalida
-5.199932648946007e+208
 mejor error
158.999999838
 Precision 
0.7237185056472633