
 fecha de inicio Tue, 09 Jan 2018 21:51:47 
 fecha de la generacion Wed, 10 Jan 2018 03:51:47 
 generacion: 3423
 pesos capa oculta 1
[-2.95327154 -0.82468122  6.52241416  1.32558936 -7.12214826  3.74229033
  6.73889123 -0.08746491  5.33812418  5.98905932  1.99153352 -0.26833537
 -7.84357016 -8.56954772  4.97751909  2.66822703 -1.89101928 -1.4156712
 -4.4806962   2.34718181 -2.81166364 -1.0064747  -0.34177084 -3.0092216
  5.76002061  7.90890101  3.37259396 -2.54195377 -0.54425374 -4.12954717
  1.95196266  1.93805312  0.05551009  4.5252968  -4.13570029 -4.31458518
  1.72497183  3.88558422  2.47232885  0.29958466 -3.64173044  1.65264485
  4.33828565  0.17557507  3.36380324  1.4742644  -0.92919109  2.36702216
  2.64566646  1.0221813   3.89557378  3.85901124 -2.31706971 -1.08731245
  1.23620249][ -3.8175093   -1.10532091   3.10438256   0.74935824   3.29140835
   4.65262185  10.77166699  -2.5392894    2.40713313  -4.81026044
  -1.43122158   6.81466374 -11.16385797   2.1276529    6.36989807
   3.78079196   6.69124123   0.35580792   1.75922537   0.69753534
   2.06714167   7.58069696  -1.32757074   5.93060732  -1.92972904
  -2.78591368   4.43099196   5.29867361  -1.39511159  -2.79490664
  -5.79955798  -2.31256242   3.29073694  -1.9573544    4.94363932
   8.22232789  -0.56098845  -1.52437706   4.13463711  -0.37814494
   0.30468367   5.7728532   -1.80312414  -4.13106914   3.0643546
   4.19348816   2.23249683   2.47560485  -7.25161669  -0.74443861
  -1.41683308   3.67087058  -0.79936851  -3.9002207    5.00464135][ 6.51717629 -6.96264972  1.78471231 -4.52255944  1.75172008  3.46366964
  0.12237767 -3.51208727 -4.48731187  2.35672504  2.89616262  3.16614187
 -3.34980954  3.64059403  1.02277904  1.70368244  5.47492517 -7.51632108
  1.79266319  0.82170609 -4.75053217  4.39255106 -0.7759538   1.96266385
  2.4561469   2.80762313 -4.10937352 -0.45448403 -0.03103368  4.82856586
  3.24857055  1.9781614  -0.75885922  1.62062584  0.46579866 -1.96159056
  3.23244093 -9.13495244  4.8173374  -2.2956043  -3.14310111 -0.29284798
  1.37158805  0.77784406  3.64008158  1.64888139  3.10482056 -1.76443428
 -2.3786043   2.77726322 -3.70179038  2.90918786  2.54084189 -4.3318728
 -1.72412832][  0.28557965  -1.54735028   4.62882865   1.6940145    0.76251155
  -8.00364082  -3.93778348  -3.49655187  -6.23554432  -3.26130542
  -4.383293     3.98815916   5.2589931    0.62981947  -4.51655251
   5.15793867   0.44089122   2.07671148  -0.13977142  -2.7057062
  -3.71118904  -6.75587095 -10.8162245   -4.08767794  -3.8879648
   0.81754271   0.35477965  -2.86848891  -0.38305908  -3.06985765
   5.23269654   5.67854844   1.95526156   1.08321306   5.31312997
   1.21800725   5.94174183   3.83325717  -5.56997298  -0.44224229
   4.64860586   3.05612815  -0.53077013  -6.47316081   5.24400485
   2.10178596  -2.55206905   0.95600918  -1.24911547  -5.73202531
   1.11229147   1.71685283  -1.36329722  -1.0284362    3.4417651 ][-2.23875665  1.56271937  2.21515396  0.38147785  8.62748037 -1.38209273
  0.71242881 -2.7228467  -0.71215684  4.17360074  2.98905661  1.73023867
 -1.69520978 -2.86346955  2.62147007 -0.32384825  1.08498176 -2.1773716
 -7.23100747  7.57843077  3.33906916 -0.67982396 -5.67832064  3.55466342
 -2.42516929 -3.63347034  4.42095441 -4.38780959  3.87093556  0.53423414
 -1.3597815   2.85016718 -1.74979434  1.94333261 -1.40286373  3.66311188
  3.4142698  -2.28562629  2.54185761 -0.59419123  1.41256102  4.72381861
  4.12020731 -1.79060723  3.42516654 -2.73829282  2.33073818  1.80473318
  2.28969741  2.4529042   2.24869854  7.52987997 -4.27793232  0.89599618
 -2.6935215 ][ -2.54755251  -3.32126139   6.75582179   1.20073371   6.33094197
  -3.45980839  -2.3566924    7.39840556  -7.85255363  -1.78615524
   2.96407496  -5.46511478  -1.18090886  -3.20275074   1.33155353
   1.9488569    5.88141938  -2.32336844  -1.12839356   0.9842924
  -2.04845645   4.3935678    7.31521126   3.35145868   1.46734564
  -2.01028164   1.43749101  -2.27978582   1.729477    -2.70895108
   4.66448765   0.66821122  -1.96231629   0.33146944   1.01947031
  -1.05043985  -1.11456697  -5.47442488   4.65278507  -2.06304071
   2.0633518    0.11316749   2.76432975   0.18307937   1.56065854
 -11.73650773   1.37297667   1.75374952  -8.32985616   3.77719073
   7.85962525   4.93168312  -3.11404118  -0.03341372  -8.45433373][ 1.87472454 -3.56942517 -2.11174906  5.8506917   3.25323712 -1.46404819
  3.33306935 -3.60581205  4.40938709  6.08306015  1.87418664  2.77745338
 -3.40352974 -3.83303331  2.28795643  1.95890085 -0.13455713 -3.38763854
 -5.98005954 -5.4537961  -0.65453296  6.92433327 -4.55679229  4.14183785
 -2.07907373 -0.4176565   6.48354883 -1.73609931 -1.87903198 -2.91876965
  1.01873149  4.53331635  0.68754216 -0.42388906 -0.3597376  -0.2146325
  4.85122711 -2.00254633 -1.7039766  -4.44001183  4.35827353  1.48669561
 -3.4515593  -5.62510086  0.25804833  4.97036322 -3.52376801 -1.61860924
 -2.10989969 -0.70141443 -4.30038867 -0.17881636 -4.71114839  4.62945671
 -2.18491019][  3.71147305   1.67576024  -7.64043001   1.97247607  -5.75217642
  -7.15623526   0.09491911   0.688624     6.16090948  -0.03903365
  -1.2773416   -4.42385628  -4.42068033  -2.73456746  -4.86845143
   7.06776151   3.68358428  -2.22044083   6.09625668  -3.67749221
  -5.29342339   1.31793625   6.11512114  -3.48714083  13.54203824
  -2.85516582   1.13210504  -5.47000001  -2.23694452   1.70354728
   4.92432859   7.07866382   5.21639995  -7.7589808    1.9894453
  -1.43395632  -0.19410817   2.24103201   5.53599797   4.53220322
   0.08934351  -3.53672607   5.78188993  -2.32960586  -0.22082397
   2.22776514   0.68620936   0.36310017   0.09644042  -1.12964709
   4.53506287  -4.12824766   0.56455388  -0.79996735   4.45523535][  2.4715366   -1.84678807   1.03349834   5.5803597   -4.978959
   3.15429149  -5.46154855   4.12208107  10.66080995   6.94630237
   5.40194212   3.21237922  -4.75122549   2.51293192  -1.66169351
  -2.95237715   9.37651964   3.08329234  -0.2213072    3.40379813
  -4.94163957  -0.94035129  -1.00225673  -1.84855505   0.26326683
  11.11913879   3.87199199   5.65770586   5.64591714  -0.86485582
  -1.12617325  -4.48656305   1.18785753   0.11168693   0.6016097
   0.17091846   6.25966438  -3.45878163  -2.06142273   0.28119824
  -1.3338634    1.74545717  -0.27815488  -5.93951907   3.28387795
   2.98891416   3.46619316   0.71549316  -0.47916257  -0.35681563
   3.65364736   7.43860452  -4.2128817    1.6091643   -2.63535917][  3.46712393e+00   6.86723301e+00   3.95043324e+00   4.70434801e-02
  -7.15583046e+00   1.41913250e+00   7.74218902e-01   1.67555203e+00
   3.82815081e+00   7.08798662e+00  -2.86189374e+00  -7.17141148e+00
  -6.25868701e-01  -2.87584636e+00   2.01062028e+00   1.34810645e+00
   1.67037677e+00  -3.94907415e-01  -2.14457287e+00  -7.78170872e-01
   3.64009206e-01  -7.66692027e-01   4.27314990e+00   4.34068486e+00
   1.74130114e+00  -5.08807313e+00   7.16058819e-01  -3.41718670e+00
   3.24528181e-03  -2.50027598e+00   1.48134213e+00   2.01833686e+00
  -6.11556234e+00  -4.52282888e+00   6.83646043e+00   5.55849102e-01
   4.31143239e+00   6.09851777e+00  -4.22869408e+00   3.54914975e+00
  -9.12558811e-01  -3.73751574e+00  -5.35780580e+00  -1.76450580e+00
  -7.45846083e+00  -4.79360506e+00  -1.45883062e-01  -7.96990712e-01
  -6.50007735e-01   3.34894319e+00   1.41084114e+00  -3.95686258e+00
   1.05340029e+00  -2.04403623e+00  -5.18885244e+00][ 1.8611449  -1.57066058 -2.20722117  5.2469083   1.87232016  2.72137905
 -0.50436911 -1.27263322 -5.98143799  0.03952157 -0.89355036 -1.74754483
 -0.70515454 -0.65772867 -1.0514109   5.40302555 -1.82639636 -6.12426737
  6.67277004  3.0197321  -1.60921544 -1.37891991 -1.86789487  3.11041967
 -0.46029654 -2.1836      5.01589555  3.4617218  -2.49426029 -0.28308598
 -0.19885865 -0.79970292  4.97007958 -4.04443514 -1.94073686 -2.3897334
  5.84593114 -7.5597036  -4.23488037 -0.9059759   3.93834842  2.98109749
 -4.62027896 -1.50557647  7.37076289 -0.43897004 -0.31555715 -2.72774156
 -3.40311065  2.45338654 -0.05413824 -4.86047939  6.36541769 -0.49750563
 -0.10941216][ -1.94464146  -6.24674418   1.81249033   0.66326981   0.50061557
   2.17579138  -3.43639249   4.10656076  -1.65427217  -0.4769949
   0.42738073  -0.40065742  -4.6804255   -2.63945842   0.90585909
   2.95656179  -0.83742115  -1.86983329   3.59094017   0.49592577
   2.20544787   1.57925396   1.52641985   7.55908583  -2.78803822
  -1.52208393   0.40823078  -9.16241035  -4.38429468  10.67341243
  -0.03537065  -0.02186488   0.69415635  -9.92303222  -4.890253
   4.14328929   0.84551537   1.78605308  -1.59955368  -4.94603023
   4.07199158  -5.11932516  -2.06644924   2.17283873   2.95714147
  -4.96903482  -2.23672305  -2.36099264   1.73259581   4.15113439
  -8.2397919    6.66356402   4.11370111   1.74689515   3.60586304][ -4.52688127  -5.31075233   2.79815172   5.44970155   3.26519031
   0.95850483  -5.77185194   5.78542315  -9.56426003   9.04565123
  11.85568253  -2.76416713   5.84037152   8.85475628  -2.53488838
   7.65325919  -6.65918713   1.68775638  -4.11637654   3.65241134
  -0.75347708  -5.05531452  -0.03087427  -0.39100747  -4.93917172
   6.31931987  -7.25379179  -6.11430182   0.58133956  -2.36746701
   2.16695054  -7.54042217  -0.28149919  -4.07008117  -0.83957053
  -0.75245737  -3.85376911  -4.592978    -4.55276645   0.23606873
   0.06958721   6.05927184  -1.64132261   7.5692472   -2.89850674
   5.58957137  -4.2459619    4.18413647  -1.13625644  -0.10112668
   8.51650159  -1.80151457   0.38325915  -5.04961552   0.01903081][  5.1250055    0.82939287 -11.31663904  -0.51870887  -5.73688257
  -6.96983031   2.33401647  -1.56862101   7.26685813 -11.0060382
  -1.44385464  -1.68411812  -0.05768838  -0.30568525  -2.20038002
  -2.32604212  -2.83960229  -3.23706541   1.59275656   3.50201672
  -1.66350762  -4.8668888   -5.878269    -2.38799957  -3.33947949
   7.91684063   4.26853882  -0.19416078  -0.4065696    1.20517089
  -5.89842555   1.62238108  -1.12663301  -2.41709703  -2.96534729
   2.04640259  -0.18169355  -2.91447173   4.47306042  -2.28505115
   5.60912628  -0.44230211  -2.15454432  -5.23455204  -2.63334465
   3.02329272   3.745591    -4.46111281  -5.65166887  -0.94379409
 -10.77231034   0.83378593   0.72334179  -1.00695688   1.64982102][ -0.54429719  -0.48580623   3.99785588   2.54359098  -4.31806015
   2.69228241   2.32189777  -0.02085105  -2.91691963   4.91471928
   1.73534886   1.01295718   3.24292113  -3.43670773  -0.09330709
   1.65751337   5.24374943   2.59734512  -2.14454493  -2.5392445
  -0.13444469   1.46088149  -6.19663667   4.46158796   3.4485757
   2.69888383  -3.72965783  -6.74480538  -2.88657025   6.56756929
   5.62597336  -2.94602479   0.49310232  -1.7301175   -1.64687159
  -1.92859225  -1.01860091  -3.92726602  -1.09702055   2.97720039
   8.42064232   4.49799645   0.87144458   6.96451056   3.45921502
  -6.27019565  -2.75175097  -1.58937093   4.11327553  -1.53512003
   8.30121718  10.05341733  -1.87917521   0.08445291   7.42703196][ -3.74888434  -5.68556656   6.46741826  -0.68014612  -2.00180584
  -4.84195401   4.41093117  -4.26815943   1.41614183   4.43387008
   1.85065079  -4.71984554   2.2085531    1.01135854   5.62838778
   5.96193254  -0.05188937   0.8203144    8.65843602  -1.71214113
  -0.08135094  -0.71391451  -3.04030731   1.24294369  -3.07774004
   2.33873601   6.32932777  -3.6737298   -1.72176732   0.29884164
  -8.86074057  -3.94700749   0.27135289   4.94777428   2.25049403
   5.63277998  -4.0075695    2.14182605   1.74730312  -3.38238194
   0.16487954   1.55441929  -4.36234773  -5.01911256   4.1700823
  -0.95813111   3.25252584   0.80380803  -4.11402745   3.91162418
  -1.42207736  11.00696558  -4.33132367  -2.45534092  -5.51661717][  1.20953783  -3.04877854  -5.23701195  -0.02961402  -9.66031288
  -0.51959088  -3.79316093   4.70545907  -3.02611278  -8.07647517
  -4.46129154   2.36191549   2.49448629  -5.32993756  -0.42767216
  -0.61388962   0.60785107   2.80273595  -1.46342308   0.61775019
  -0.31772768  -6.76305604  -2.74307457  -4.08052315  -2.16543307
   8.0207779    9.12872883  -0.22198941  -5.09480826   1.12375471
  10.12608243  -0.54904797  -4.29967045   2.34463919   3.7663362
   0.70257206   0.67574222  -5.45623659   5.99186704   1.57556993
   2.44571934  -3.77101125  -0.85873227  -7.22408981  -5.23922341
  -3.77039822   1.85188658  -3.07320535  -7.7484282    4.6007677
   5.07105022  -6.64947728   0.38963925  -0.70543152   1.92103808][ 0.40955278 -9.07434579  3.29751747 -1.3844479  -1.29166776 -4.08778744
 -3.48539566  0.2273386   1.58741286 -1.4870162  -3.67033162 -1.13945423
  1.30273508  5.22902818  3.27683586 -0.91466598 -5.26747396  2.25251436
  4.38608961  2.64913797 -0.15843569  1.58545301 -1.85087096  4.54020459
  3.57591062  4.07900608  1.86762345  0.23017426 -1.88698246 -2.38818323
 -0.77214054 -0.92535964 -5.67587709 -6.30307532  1.58486129 -2.19094475
  2.92177177  5.60807559 -5.21932713  1.249144    1.70455406 -4.73059267
 -0.55984624 -4.63801129 -0.95102089 -1.98992455 -7.55009127 -0.46861926
 -2.50566962  1.3494048  -1.93174477  1.18119798  1.42146821  3.81219609
  2.85284191][-4.2344663  -1.52167089  4.29136214  1.07656049 -2.48396899  1.44000578
 -0.67564066  1.52037719  1.42315874  1.68440382 -5.29116983 -4.49206719
 -5.21193328 -2.78271426 -0.84792138  0.44394197  1.85448142 -4.22698914
 -1.97552909 -5.95633915  0.62981011  3.59875475  7.59272312  2.21979081
 -1.47811923  1.85817459  3.42167418 -1.84028103 -1.74882202 -0.52859908
  3.35044301  3.61939793 -1.92969408  0.26556394 -2.61868435 -1.88172959
  2.69158235  1.23288259  4.80687616  5.07288086 -6.21715145  3.46554768
  0.53260303  3.3295071  -3.57133282  4.28472731  1.76951023 -1.26166408
  2.36635015 -0.01466733 -0.0299452   0.27742767  1.96004341 -3.21042621
 -0.11665787]
 pesos capa salida
[  1.62495429e+00  -3.90160597e-01  -2.07481323e-03  -6.09962810e-01
   3.02335506e-01   3.23832850e-01   3.61165953e-01  -6.76012303e-01
   1.01847886e+00  -7.82349002e-01   1.71976041e-01  -5.31641864e-01
   1.24216178e+00  -1.81078424e+00   5.50667095e+00   1.24493309e+00
  -1.01189174e-01   8.15186567e-01  -6.46555828e-01]
 biasCapaoculta
-12.329672717054276
 biasCapaoSalida
1.4780451721548407
 mejor error
111.50108527197148
 Precision 
0.7037358818418766