
 fecha de inicio Fri, 05 Jan 2018 13:52:43 
 fecha de la generacion Fri, 05 Jan 2018 19:22:45 
 generacion: 6359
 pesos capa oculta 1
[-3.41886557 -1.26238723  0.94452314  3.46759136 -3.39374992 -1.06518261
 -1.95559763 -2.54138929  1.42468513 -2.57950464  2.01168448  3.80127503
 -0.52812216 -1.07987814 -8.93464405  1.91172948 -2.07600803 -1.60025113
  2.82987684 -2.13506623 -2.83720899  0.75329213  0.18864269  0.09186862
  0.09141895 -2.96260153  1.56242052  2.12470039 -2.06942269  0.18559249
 -0.62502192  0.14237273 -4.55787239 -0.59179376  1.51969712 -0.17517286
  8.2276987   4.85976238 -1.43921593  3.08965993  1.84018831  2.05727405
  3.47906573 -0.57074814 -0.53540101  2.70391113 -0.51228608 -2.43253199
  4.61032193 -4.38374193  4.45235357  3.73813698 -2.04682593  0.83181132
 -2.87102472][ 1.4139926   1.8725853   3.32707972  4.07123337  3.46296259 -3.76252213
 -0.65649993 -3.39915576  0.33993047  1.26365758 -1.04171717  0.68757014
 -1.741964    1.43764032  2.80326951  0.7097393  -1.82990372  1.51219489
  2.5343018  -1.78243206  1.45046218  2.10981876  4.71442089 -3.03791069
 -4.17285917  2.99227834  1.54960434 -1.47669219 -1.30316188 -4.58092454
 -7.79957083 -0.36086792  0.41250565 -1.15978624  2.63028785  0.82252305
  4.22820059 -1.41263908  6.21882811 -2.69489055  2.57653007  1.57003208
  0.63081759  5.85048547  1.664752    0.92538073  1.83224437  5.94210194
  0.13796527  2.44939721 -4.41030705  3.5738596  -0.3030527   0.71019702
  1.36500516][-1.23953934 -1.13445204 -5.22993138  5.55650813 -1.44842642  4.11505429
  0.30264055 -0.2192425   3.40131467  0.90980519 -3.80148559 -1.70150135
 -2.27050579 -2.16730345  2.14841135 -0.23413527 -1.34128053  2.88067818
 -2.78469082 -7.61792385 -0.24626057 -0.44722555 -1.14777659 -4.66499464
  5.5875516  -0.79466172 -4.00493951  2.14588077  1.69792836  4.06642451
 -2.28103579 -3.34503571 -2.25429793 -0.64144398  0.92563787 -0.43937696
  5.38796552  1.51545049 -0.33465014  6.23934104  3.10878608 -2.31536571
 -2.64373173  0.50558596 -4.06687814 -2.63839443  1.66612137 -1.45300344
 -0.81417266  0.76320608  0.44888709 -2.16424994 -0.03083939  2.63807459
  3.21145231][-3.54302007  1.22856882 -1.77168157 -0.18583764 -1.06836643 -1.12388204
 -1.54799998 -4.83450376 -0.31464996 -3.47126011  4.10510146 -0.47951898
  3.18789613  9.57175532  1.14600042 -1.14865306 -1.39252563  1.59082488
  1.34363193  2.29179543 -4.61847056 -3.33038523 -2.70972465 -1.03834435
  1.16877641  0.50929592 -0.20425269  2.76166077  1.61516392  3.96389585
  7.94042405  1.46191917 -1.46194088 -0.45580307  0.5248862   0.37895696
 -3.01407778 -1.67005735  1.84432486  1.80676326  2.17615956 -2.42073208
  3.90751539  2.05685824  1.42950687 -0.59633989  0.88507545  2.64953214
 -2.87308939 -3.28038048 -1.00105898  3.35842833  3.01822454 -1.74289017
 -0.12902036][ 1.87942041 -0.46404072 -2.69113492  3.92510733 -1.05592911  1.12406065
  2.6351921   0.80389688  1.75507052 -4.61084888  2.27036024 -2.14981884
 -2.64240532 -0.08270716 -2.69120099  0.31309673  1.63881451  2.38624068
 -4.9640909   6.03563875  2.1402326  -0.78018162 -4.4699227  -1.14705535
 -4.62526565  4.05701765 -0.41083308 -2.53488836 -5.13491333 -1.93244555
  0.38356984  0.81276792  0.05774162 -2.90732437  1.80467163  0.6739566
 -0.29640696 -0.17481171  1.89313272 -1.97300316  3.22968658  0.10571041
  1.81698575 -0.29162056  0.50033047 -1.33162807  4.63718198  1.52686903
  4.50457202  0.31490198 -2.95948184 -2.12976296  0.65681383  1.25042942
 -0.51075359][  2.78830522  -5.09821201  -0.26933676  -0.74648463  -5.48152614
   6.47606264  -3.50763903   1.48353203  -2.11154457  -3.58394229
  -1.16275994  -0.91541439  -0.27749989  -2.78362765  -2.59822222
   1.55098875  -2.58627031  -2.24970287   1.28202355  -0.10165323
   8.00418283   1.28350013  -2.99783945  -5.05977709   0.34979638
   1.51386509  -0.04956726   0.95187269   0.98646411   1.98376156
  -2.00550996   1.01019498   0.11342987  -1.63125146  -0.29874506
   2.43373502  -1.84356439   0.38451404   1.41523491   1.3566109
  -1.01991931   1.59142905   2.37781861   0.05381316  -2.14913062
  -0.55628982  -1.72133768   6.50074357  -4.16385427  -3.50873318
  -2.82406057  -2.16919277   8.79811371  -1.19458522 -10.1334624 ][-3.81963332  2.18536567  2.00187749  1.49503911  0.52154723 -1.39628232
  4.49188281  2.13432361  2.54629996  4.35892469  0.03752692 -4.26182226
  1.61346786  4.27483673  3.86964379  6.73291331  1.96391073  4.28443697
 -3.63795684 -2.72743137  1.45651634 -4.09346288  2.13184667 -2.92774229
 -2.78508862 -1.14474622 -0.42430374  2.78922544 -1.4601569  -6.14626811
 -0.20038734 -0.73279954  3.65187874 -0.2071173   4.3536128   3.72219229
  1.62662289 -1.22454933 -1.26346562  0.34264699  1.09460434  1.31499707
  4.7084238   2.98889136 -1.24959711  3.10894068 -1.29268444  5.40176068
  4.32958657  1.18501211 -1.4731488   0.22459672  1.22943219 -3.28630391
  3.99640739][-0.58493033 -0.67378034 -3.91420081  0.85560742 -4.28215652 -4.49566389
 -1.58104816 -1.15686484 -0.42033335  0.26104362  0.82499538 -4.59426531
 -1.65879292  3.56911466  0.77679461  1.66007109  7.19311174 -4.08872064
  4.70141493  6.91356052 -1.38455608  2.71366989 -0.06970042  9.59412059
  1.30711765 -1.25665828  0.05083315 -2.84658056  1.97540995 -5.42995448
  3.21499481 -0.97203334  3.82561381 -1.57648223  1.79459368  1.20538063
  4.37453     1.39833856  3.26429102  1.22177559  2.23291912 -2.60021319
  0.13731806 -2.37859229 -1.77003374  1.77293531 -0.4024116  -0.68672864
  2.94930179 -0.10125647  1.79730346 -4.53113967  2.90401401  0.89162299
  0.85395432][-3.65665568  1.32037468  6.63579683 -1.42950316 -3.09269286  1.30189456
 -5.46716198  1.44710468 -5.22607728 -0.21818873 -3.47877738  3.72448164
 -1.63895502  0.48353637 -0.14596498  6.45104403  1.05215619  2.79328389
  3.15218275  0.18383759  1.99012579 -2.70228172  0.59461837 -0.7825308
  3.0316941  -0.76533305 -1.3974877  -3.01197628 -0.85831772  0.52566732
 -3.9164214   1.35410328 -1.45929796 -1.53686487 -3.96265146  1.04663572
  2.40498751  1.34280361  1.08852187  2.28461479 -2.66740615 -2.7743879
 -2.21983154 -0.02113821 -1.92514036 -4.8949285   2.42885214 -3.12279579
 -2.592645    0.26138957 -2.02764826  0.11711029  1.99527206  6.2560064
  5.10475845][ 1.9421034  -4.42618609  2.8512087   0.68283054  5.97173003  6.05461089
  0.63306073 -0.2885026  -0.29092438  1.01850946  0.24895877  0.64041426
 -1.05561699 -0.88164027 -2.40097185  2.59293804  0.72468186 -5.11014709
 -4.15380377  2.83451427  0.03616444 -2.88158061 -3.1574126  -0.06750145
  3.03324814  2.18772732  3.97748654  0.11167622 -0.56013921 -2.87425415
 -6.94715875 -7.18687539 -1.54197363 -1.38766916  2.2478695  -0.87138635
  3.45463107 -3.97987493 -2.05378726  1.20732032 -1.84484371  1.79683682
  1.06693137  2.27154084  3.47004957 -3.6558022   4.4157864  -4.03042405
 -4.16391166  2.69471744 -2.46291011  9.26106637 -0.47162813 -0.46878005
 -2.28512016][-0.90460008 -1.45656672 -2.44531305  0.47503598 -1.54863733  1.88383453
 -1.3781021   0.16466445 -5.08858077  3.19857672 -3.33656213  0.74551926
  4.35025819 -3.02840076 -2.40787997 -2.47225303 -2.70395733 -2.88221082
 -0.84187617  1.81540364 -3.32973305  0.65600858  0.32577922 -1.28115935
  1.81120193 -3.7611689   4.70027103 -2.42856868  1.30839742  4.90173379
  0.36623551  3.1498456  -1.01466794 -0.48806538 -5.17534874  3.82848935
  3.57172089  1.42039058 -0.33615548 -3.95098879  1.22165223  0.80850696
 -1.11572199 -2.23230736  2.52726761 -1.53307028  2.63544637  4.30714629
  4.14208794  0.69476043 -1.61039699 -1.8454254   0.59424369  0.67663546
  0.33424252][ 0.69042902 -3.89022943  4.4965654  -2.44560106 -1.87216243 -0.11261055
  1.39408184 -0.7765065  -6.20910175  0.55744974 -1.41111797 -0.21401271
  1.23500679  2.19382045  2.09224484 -0.08838265  0.77600538  0.81937869
  5.2172992   5.20382016 -2.02415754 -0.66339976  3.62928393  3.86417658
 -1.77555021  2.04785054  2.24278511 -3.14015907 -2.14921726 -0.88313052
 -0.54374503  1.74084268 -3.11315674 -1.29738599  0.88665945 -1.24450991
 -3.12193829 -0.71520226  2.76572697  0.05589465  5.44636708 -0.25646517
 -1.73350725  2.27428309  7.05959222 -2.46993012  1.07920608  0.74382549
  0.11393481 -4.04004509 -2.93216904 -0.85752313 -2.67770623 -0.20637924
  1.16262356][-7.8166501   0.50082939  1.80587323  3.48156094 -0.0963564  -0.83590727
 -2.36902849  2.44841197 -1.5686053   0.30397867  1.95871017  3.44927474
 -1.66397063 -1.61775254  3.14582156 -1.83663224  1.00849024 -0.38851365
 -0.45699333 -2.58263661  0.43526071 -0.95194303 -1.1938442   2.41610189
  0.55814455 -0.89487662 -6.12078469  5.06181206 -3.07857245  0.11169479
 -0.08277089 -2.4398448   1.5435273  -1.04736775 -1.83428963 -1.05159728
 -2.9741506   2.12588355  0.70958882  1.26800844 -0.26324547 -7.55665988
  0.18325325  4.2730536   1.23946178  0.45396551  1.13506198  2.53683403
 -1.28278609 -1.96519025  2.02172875 -2.71649883 -0.76096041  1.77088211
 -1.17308603][ 0.80457342  7.93156046  6.50186929  2.56424247 -1.87229961  0.50145939
  1.77374699  1.00341346  0.94365972  1.96097059  3.11066371 -0.67885785
  1.68973272 -3.76174101 -0.72449895  1.02505239  4.07345253 -1.57739543
  0.35437986 -6.05643248  0.50729719  0.89281475 -2.09034127  2.54699232
  0.80697636  3.0882046   1.12823054  4.34601347  1.50008767  0.45510802
  2.48255997 -3.41336608  0.34221353  0.245606   -0.03212299 -2.77801401
  0.10340939 -0.78734593 -1.15112119 -0.78389376 -0.0444923   1.49832806
  0.64295404 -2.45902543 -0.96292856 -1.00614865  4.47295438 -6.36160536
 -0.52799795  3.1556832   4.71868092  4.45300107 -0.04614563  2.67417702
 -2.72485896][ 2.49321845 -0.77322076  3.55497816 -0.57215118  2.17996386 -5.99287146
 -0.79851579 -5.46445256 -1.07714014  0.9821696  -6.07990319  2.41920397
  0.08211579 -6.31507126  0.97872003 -1.25879954  1.26888543  3.45528604
 -6.3717189   4.05682257  0.15584909  1.50043923 -3.34936542  0.93641466
  0.01151407 -3.52514339  3.43153262 -6.67544841 -1.89546638  6.60888986
 -2.34916673 -2.6072519   3.95103404  3.06095339  3.6484262   0.01279865
 -5.17734287  3.08822121 -6.26963781  3.32031274 -3.77207765  0.74384851
  2.48067033 -0.989773    1.32023026 -5.2159471  -0.07933006  3.03263721
 -5.66514547 -0.20380073  2.29629244  3.64221283 -6.04493178 -2.75112102
 -2.12036058][ 0.21719242  4.91289375 -2.55624487 -4.30469885 -4.18438162  0.92911641
 -1.97999075 -2.77133894  0.70466558 -4.36700387 -4.34714869  0.04631058
 -1.85915466 -1.92854545 -0.05621949 -0.7645734   0.58496308  0.16140361
  0.93122066 -0.03506718  0.37136269 -0.70730709  0.80709496  1.45394246
 -0.61392261 -0.5326758   5.14282863 -4.53639479 -0.78890194 -0.94691305
  6.34601747  1.86796957 -0.88139231  1.7007097  -0.50519524 -2.47330737
  3.95080958  1.53120649 -0.53148981  4.49951186  0.93181986 -2.47809272
  0.32985816 -2.38070615 -2.87394208 -5.77990177 -0.86603221 -2.53949344
 -0.81299943  1.74794359  3.26291238 -2.35185888  1.03207332  1.15912145
  8.95721738][-2.77591577  1.8869011   0.40123798  3.23498179 -2.27089969 -2.14155716
  0.80117897  3.16649271 -4.84560535  0.5213255   1.77072151  2.86384146
 -3.50787521 -3.00220028  3.0809164   1.34232694 -1.89328336 -2.97777155
 -0.10312411  0.69942332  0.95457119  4.47358966  0.35342117  1.2350406
  1.70212386  3.50787476 -0.78509389  4.17461707 -1.72716016 -1.22584339
 -0.09011548 -4.45416079 -3.52872277 -5.28207905  3.1844153   3.28750785
  1.17289921  1.45494695  4.41541232 -1.98722485  0.3647469  -7.27208269
  1.96272857  1.6598951  -1.11859075 -1.38668044 -5.2733026  -7.64399531
  1.81847653  4.67451011 -0.5472722   2.80575449  4.26045839 -0.52036171
 -2.44004587][ -3.02260010e+00   4.58676445e+00   1.32081775e+00   6.02179561e-01
   1.01409745e+00   4.52565389e-01   1.91108296e+00  -7.60374023e-03
   7.18274931e+00   1.59590024e-01  -4.94559023e-02   2.53887201e-01
  -1.20012981e+00  -1.06732974e+00   3.13123154e+00  -5.39440147e+00
   4.67361091e+00   7.19762947e-02  -1.82671903e+00   4.79511302e+00
   2.41699880e+00  -3.84389762e+00   2.57819402e+00   2.07156750e+00
   1.11271057e-01   9.20417413e-01   1.49516575e+00  -1.86466186e+00
  -6.64617968e-01   1.73409288e-01  -2.17702467e+00   2.15242094e+00
  -2.78059289e-01  -2.06465863e-02  -5.38387113e+00  -4.39453576e-01
  -4.39065019e-02   2.61996800e+00  -7.32607366e-01  -5.96614011e-01
   1.42155321e-01   2.52608776e-01  -1.20951460e+00  -5.33763650e+00
   4.90371420e-02  -4.55248488e+00   1.25742816e-01   2.25850529e+00
  -6.94937999e+00   9.26671280e+00   7.85585126e-01  -4.02736170e+00
  -3.08177130e+00  -2.47681239e+00   7.87586749e-01][ 1.326963   -3.23505429  3.44079052 -1.53867216 -0.17656056 -0.22716358
 -2.08314038 -0.27600432 -1.9875865   3.25952441  0.80719163 -2.35318339
  2.82277814  2.64500485  1.9954604   0.06405184  1.6464338   6.4789905
  3.27142051  1.42420653 -0.69205909  3.2583296  -0.83401532  3.57506264
  4.1027856  -2.11286283 -3.66163536  1.51622203 -0.6065436   3.02602047
  4.76763744 -1.43311213 -0.54981109  1.0972885  -2.0128538   1.21833591
  2.95686084 -0.68694621  0.66501357  0.93274789 -0.51797385  4.50749059
  3.75090681  2.76501742  2.61197048 -9.1465654   2.42116631  1.18522409
  2.45358405 -2.05008348  2.9727266  -1.47873106 -4.69720216 -0.33130121
  5.08119499]
 pesos capa salida
[-0.74833289  0.56711177  0.96504172  0.09649437  0.21022262 -1.21493883
 -0.75765442  0.90802971  1.0266468   1.80185162 -0.44412039  0.80342047
 -0.76290229  2.42216484  0.46083466 -1.82628554 -0.20279964  1.39948137
  3.31003231]
 biasCapaoculta
-5.275776823640801
 biasCapaoSalida
-0.8696513347286685
 mejor error
94.541891495238
 Precision 
0.7671589921807124