
 fecha de inicio Fri, 05 Jan 2018 05:36:11 
 fecha de la generacion Fri, 05 Jan 2018 05:36:19 
 generacion: 1
 pesos capa oculta 1
[  3.87473873e-01   3.37496604e-01   8.54679686e-01  -5.40912368e-01
   2.81007573e-01   7.01600244e-03   5.13741582e-01  -5.48429791e-01
  -9.49497218e-01   1.02473243e+00   4.07250283e-02   2.82607096e-01
  -7.13536573e-01   4.44023113e-01   3.69279504e-01   4.90468286e-01
   4.60901561e+00   7.97910993e-01   4.47453844e-01   7.24046364e-01
   3.38235148e-01  -8.27256079e-01  -1.33819262e+00  -5.48694480e-01
  -1.31123677e-01  -9.65182180e-01   5.72397779e-01  -2.28506170e-02
   3.91622571e-01   7.69914585e-01   6.81519279e-01   8.29457696e-01
  -9.45546350e-01  -3.10590510e-01  -9.58699139e-01   4.14439523e-02
  -2.63753913e-03  -1.17774393e+00   9.42345498e-01   4.80667470e-01
   1.39216543e+00   2.02658206e-01   8.42523548e-01   9.61557290e-01
   6.94586506e-01  -5.88202391e-02  -1.65056517e+00  -5.89630526e-02
  -2.39674051e-01   5.11427997e-01  -7.83214359e-01   3.57947949e-01
  -1.05068826e-01   5.40081545e-01   3.65165247e-01][-0.82159497  0.85315786  0.69314845 -0.52044986 -0.62447076 -0.26449513
 -0.19433876  0.36066291  0.97332271  0.3118753  -0.36517112  0.37590496
 -0.79807621 -0.50181796  0.25144544  0.6393602   0.5291352  -0.03539189
 -0.36550341 -0.25861512 -0.38322507 -0.22309957  0.21194381  0.35873139
  0.86425627 -0.63264949  0.95609021 -0.8003878   0.58681126  0.42074834
 -0.6671854   0.70969447  0.54172377  0.72728457  0.29875557  0.42516422
 -0.12447639  0.64206431 -0.87369459  0.29272554 -0.00796197  0.02466561
  0.88977703 -0.72434114  0.83376908 -0.90300341 -0.12597085 -0.50994622
  0.32842117  0.84554972  0.54385149  0.56577226 -0.33436341 -0.40705687
  0.28785863][ 0.12697477 -0.15659273  0.92333396  0.12630893 -0.31982398  0.87266791
  0.53755437 -0.06538411  0.76535489  0.82589949  0.37902148 -0.92014129
  0.87034821  0.11638228 -0.81396227 -0.17155183  0.38840556  0.1940012
  0.09522433  0.42105743  0.70841248  0.31438537  0.74156841  0.20901046
  0.07999749  0.17625902 -0.40238275  0.83353762  0.53091373  0.04125182
 -0.1740673  -0.49524744  0.30096251  0.36206518  0.2779798  -0.28621961
  0.40288609 -1.3689767   0.7198311  -0.94531796 -1.48881453  0.13883347
  0.36488743  1.3750192  -0.5376689  -0.33268295 -0.33645639 -2.12726575
 -0.71150911 -0.23030929  0.13814988 -0.745702    0.6866701  -0.61008852
  1.68431513][ 0.05338322  0.98780019 -0.95734372 -0.5955411   0.01693697  0.25698028
 -0.21449023  1.08810758  0.31788034  0.64750465  0.13337503 -0.12449953
  0.54778762  0.32242188 -0.77392872 -1.86221435  0.51004293 -0.81759951
 -0.91654951 -0.03217076  0.80197285 -0.30728557 -0.14871863  0.25604065
 -0.48593635  0.17193748 -0.34868709  1.80679649  0.59399746 -1.08638768
  0.35368457 -1.18574338  0.59300797  0.044051    0.74066111  0.92524023
 -0.76208021 -0.28626031  0.40430576 -0.98198434 -0.07770259 -0.47556326
  0.67790677 -0.72050399  0.04301349 -0.76212104 -1.70148813  0.27153156
  0.64532889  0.56247824  0.12421658  0.29847766  0.7862031   0.95301249
  0.71935069][-0.23440356 -0.98824743  0.36522791 -0.47473154 -0.55683049 -1.4134894
  0.76582806  0.26479527  0.18932461 -0.7520648  -0.6139621  -1.67601199
 -0.80718209  0.25986882 -0.92779106  0.65718084  0.89868445  0.78845976
 -0.6650141  -0.53778302  0.97931068  0.95086522  0.0284114  -0.8294699
 -0.57042162  0.92664211 -0.96904943  0.33283899 -0.39139839  0.45148555
 -0.15878954 -0.52701861  0.38462186  0.15883601 -0.88765372  0.53165745
 -0.11850092  0.95327665 -0.0291832   0.99771885  0.50546756  0.15445802
  0.54561444 -0.75869526 -0.82736478  0.84846004  0.42401031  0.47263665
  0.76525707 -0.61298257 -0.09999889  0.84307442 -0.75918649 -0.18140941
 -0.31953904][-0.0545197   0.1395174   0.22978072 -0.24029674  0.22354219  0.92504213
 -0.08773084  0.61602188  1.2740016   0.66608522 -0.9547246  -0.64080576
  0.51356116 -0.62510494  0.20311348  0.37464513  0.44459036 -1.65494455
  0.189108   -0.76051875 -0.38858055  0.12059965  0.59415432 -1.119818
 -0.90580177 -0.89025695 -0.92716264  0.44748082 -0.09234425  0.18222245
  0.89023296  0.32344964 -0.03431263  0.33222444 -0.55610007  0.09860445
  0.06698416 -0.85929609 -0.16092389 -0.8250658  -0.95041328  0.28898619
 -0.22511824  1.70962286  0.49721257 -0.78584748  0.31993145 -0.49048417
 -0.25197682  0.03336803  0.82225375 -0.43409223 -1.15562094 -0.34441505
 -0.76446272][-0.35639389 -0.1772342  -0.75133571  0.39269459 -0.82900292 -0.56929752
 -2.13401183  0.32818477  1.27062486 -0.81819902  0.94160849 -0.9779364
 -0.45516978 -0.08279861  0.65289571  0.93335241 -0.20433384  0.3623017
  0.81582017 -0.24483422 -0.70726978  0.6455918   0.98108429  1.40766683
  0.08992904  0.5622278  -0.12996642  0.89092261  0.65714186 -0.48324796
 -0.46396027  0.64699758  0.43881938 -0.56784801  0.51883992  0.97151018
 -0.8462858   0.5560413   0.19406314  0.59195989 -0.33365911  1.97940623
 -0.85305371 -0.95862393 -0.56130298  0.91263707  0.27861369 -0.4184949
 -1.87858629  0.45509983 -0.3091273   0.06206588  0.44191596 -0.38232343
  0.22943249][ 1.14300463 -0.14228615  1.28056459  0.2471243   0.05240256 -0.29339489
  0.80805305  0.04539846 -0.67453983 -0.31807913  0.23360683  1.26448692
  0.87779205  0.89192186 -0.10759937 -1.69551822 -0.69767614  0.81556466
  0.86313364  0.34866542  0.8702842  -1.35556815 -0.73328317 -0.99212695
 -0.93769516  0.73331067  0.8751523   0.48302893  0.88498464 -1.19592551
 -0.97134481 -0.42373143 -0.9499415   0.2467382  -0.65714531 -0.02611732
  0.22659737 -0.54501142 -0.97685035  0.54182369  0.08168476 -0.10755012
 -0.05394091  0.13110962  0.65410284 -0.23014749  0.79811758  1.01116642
  1.25962284  0.39266137  0.3165641   0.38126115 -0.65165188  1.13494005
  0.62176408][ 0.38508982  0.5392899   0.28667228 -0.69966382 -0.49472835  0.85565796
  0.80088219  0.30192635  0.74860249 -0.55444648 -0.00332834  0.66620281
 -0.09621681  0.86648146 -0.72686239  0.41231533 -0.25207352 -0.37476288
 -0.21544598 -0.47604988 -0.7947239  -0.77710224 -0.27731341  0.09186684
  0.4440702  -0.60219541  0.55363359 -0.28327755  0.27734348 -0.54688641
 -0.82018246 -0.38649414 -0.27047702  0.3799525   0.81173537  0.22632423
  0.59014242  0.61089899  0.77190087 -0.28064425  0.26169872  0.47458308
 -0.44452377  0.5243445  -0.29144002  0.80066466 -0.31108331 -0.0688813
  0.09415132 -0.90958495  0.35621262 -0.14901745  0.05722996 -0.43688897
 -0.85021326][-0.8838789   0.35043259  1.73293512  0.94016979  0.98489142 -0.81542803
  0.34016451  0.99315925 -1.50343769 -0.43144545  0.02586163  0.02209228
 -0.76476122 -0.3456183   0.78521391 -0.05153005  0.10322461 -0.6474825
 -0.81026512 -0.51624373 -0.47392161 -0.15962793 -0.30851436 -0.22794833
  0.63182698  0.82136448  0.30804675  0.11847117  0.96914062  0.78805235
  0.74237076 -0.9693141  -0.08840232  1.10034419 -0.99147227  0.91130018
  0.47914554  0.35399476 -0.6521623   0.78242113 -0.6273619   0.39483555
 -0.66321688 -0.70223123 -0.22057256  0.15067747  0.88029253 -1.19103989
 -0.73379779  0.1943525   0.95392577  0.70966655 -0.52738603 -0.38194108
 -0.69128646][ 0.82166286  0.62162107  0.77408448  0.77421776 -0.28232323  0.84030274
 -0.37989967  0.5920602   0.85162837  1.06363886 -0.91140542  0.97314508
  0.09689333 -0.26083188  0.72860851 -1.71881776  0.83331248 -0.72401035
  0.99232047  0.45992529  0.9830965  -0.28254258 -2.03295335 -0.41401223
  0.52903176  0.77541885  1.45919688  0.91412776 -0.29596609  0.87991812
 -0.31999404  0.01042639  0.26667095 -1.05317218 -0.01531884  0.65942873
 -0.32215389 -0.23864536  0.57830189  0.7410307  -0.56957419 -0.51301646
 -0.44663902 -0.21759813 -0.99153594  0.62629449 -1.89094319  0.71953766
 -0.93045959  0.83510013 -0.41740407 -0.41595644  0.176718   -1.98090073
 -0.71977272][  4.26886782e-01   8.71668308e-01   5.30451184e-01   1.31419220e-01
   9.70990425e-01  -1.84635786e-01   1.97641654e-01  -7.79537099e-01
  -3.67122111e-01   9.90207342e-01   1.32076691e+00   3.62646812e-02
  -3.60300430e-01   1.67782590e-01   6.31534429e-01   3.65689800e-02
   2.90824583e-01   3.18405857e-01  -8.85072838e-01   4.32215292e-01
  -7.33767614e-01   8.38607675e-01   5.44390093e-01   6.91737061e-01
   4.92537974e-01  -6.08093288e-01  -9.90554588e-01  -1.17809931e+00
   2.46692208e-01   1.12165901e+00  -2.79589370e-01  -6.10177316e-01
   7.44222734e-01  -5.06305731e-01   4.37838373e-01  -2.58594140e-01
   5.02315319e-01   4.96154100e-01   9.97679931e-01   7.50777976e-01
   7.84656369e-01   9.83810661e-01  -5.85282264e-03   8.40688539e-01
   6.79816919e-01   1.25771592e-03  -3.96863897e-01   1.56209361e-01
  -9.71785449e-01  -8.11276554e-02   5.29044993e-01  -1.91859294e-01
   3.20891271e-01   3.36492797e-02  -9.23669241e-01][ 0.3294947   0.56894629 -0.46000995 -1.07834113  0.99054917 -0.04232563
 -0.01424716  0.84585886  0.17452244  0.76951628  0.33485483  0.80580551
  0.56068582  0.0770171   0.10245971  0.95113518 -0.31124294 -0.13727168
 -0.53239769 -0.5402934  -0.02022089 -1.00370749  0.5373972  -0.26028385
 -0.54752422 -0.74828936  0.38754134  1.39993254 -0.42863751 -0.39200418
 -0.00248398  0.35106445 -0.71236047  0.238627    0.69490202  0.46843059
 -0.54538187  0.7158167  -0.40884323 -0.6575922   0.70563319 -0.06528792
  0.04280745 -0.27367789  0.26148229  0.29784583 -0.88949185  0.33902354
 -0.0991845   0.08346982 -0.34408335 -0.02362956 -0.96341998 -0.15278094
  0.31485943][ 0.81137556  0.54935527  0.7059567   0.66489255  0.11857066 -0.05144193
 -0.74303289  0.82889253  0.01494767  0.12590074  0.92156672  0.3169753
 -0.92549233  0.32453607  0.40119811  0.94818092 -0.25597969  0.32425231
 -0.72817408  0.23303316  0.06405132  0.15685843 -0.69843253  0.0367385
  0.8061763   0.59461362  0.44715459 -0.02927612  0.20707382 -0.68244461
 -0.51616483  0.40082005  0.88312542  0.07346391 -0.32769271 -0.22402061
  1.66128866 -0.65056759  0.29893814  0.956555    0.74963929 -0.58177066
 -0.49171962 -0.26957245  0.47175604  0.55199052  0.59034242 -0.31482535
  0.94455474 -0.14471257 -0.986      -0.19138126 -0.34804882  0.30807152
 -0.1814101 ][-0.20536668 -0.90053457 -0.60425261  0.06088987 -0.40747952  1.01624378
 -0.22738162  0.65932395 -0.99360006  0.50767502 -0.85292875 -0.19683776
  0.77452767 -0.73980558 -0.44411595  0.89102537 -0.52610872  1.04720165
 -0.42887102  0.94835782 -0.55485568  0.87742716 -0.56713685 -0.50712481
  0.23836913 -0.63389897  0.24523527  0.66811451 -0.31492407  0.43766477
 -0.16092022 -0.37998088  0.85325012  0.33734434 -0.93595567 -0.92298721
  0.62062897 -0.02477311 -1.92227673  0.26331876 -0.10672708 -0.99521808
 -0.06173874 -0.72781437  0.95248849  0.09173044 -0.0711957   0.34346912
 -0.07753668  0.27793387 -0.70025383 -0.47753692  0.87723916 -0.74453968
  0.09419119][-0.36236719 -0.50374067  0.634254   -0.62582257 -0.86981789  0.47136572
 -0.96175329  0.29893334 -0.13822257  2.40548889  0.69129059 -0.92698588
 -0.80164427 -0.67361106 -0.80575855  0.66406615 -0.99770496 -0.87760213
 -0.10414613  0.0114803   0.23237214  0.57248443  0.86339352  0.73558469
  0.52556736 -0.10017958  1.39525999 -0.96123732  0.40277565  0.57160734
  0.85229268 -0.47447697  0.41328291 -0.01160705  0.59330777 -0.75281231
  0.27266961 -0.92348647  0.75058329 -0.59050817  0.82882411  0.64365766
 -0.69243087 -0.40805353  0.69917739  0.84866496 -2.28323613  0.80123198
  0.96465537  0.77016971 -0.09208805  0.14437021 -0.8774004   0.27901794
  0.29407571][-0.43391795 -0.09186777 -0.19727926 -0.29779401 -0.29914317 -0.08612991
 -0.47879017 -1.52003539 -0.45663194  2.08613712 -0.49147702  0.01758469
 -0.42354662  0.18405176  0.42326708 -0.63029832 -0.54651923  0.29820449
 -0.2606556  -0.53233303 -0.45101822  0.33908331 -0.50771409  0.71998735
 -0.9469657  -0.55948555 -0.94528951  0.1710392  -0.74424883  0.0710625
  0.07149241 -0.96819791  0.7328224  -0.98686819  0.92787464  0.37400047
  0.87764256 -0.53367812 -0.03764421  0.45299212 -0.96136896 -0.16762286
 -0.83712914 -0.09839147 -0.95453295 -1.67416942  0.07610991  0.90243311
  0.95508095 -0.93944311  0.74242767 -0.58014864 -0.66998043  0.65502777
  0.11444228][-0.67977038 -0.25621208  0.34415018 -1.19028686  0.47169344  0.84407124
  0.09554073 -0.53237158  0.13139708  0.47599633  1.70024377  0.7162585
  0.88627066  0.19331304  0.14356546 -0.52228901 -1.17279415 -0.26777083
 -0.7254288   0.74375261 -0.34305204  0.82587231 -0.89061065  0.38458848
 -0.5026321  -0.87529175 -0.03182271 -0.21246921  1.38988866  0.5647697
 -0.6348572  -0.14038226  0.3913406  -0.12856903  0.2018953   1.64523873
  1.13136807 -0.5733658   1.31837045 -0.37059217 -0.03270481 -0.71358289
  0.27960539 -0.56556571  0.5827004   0.53889268 -0.02376087 -0.2535681
  0.53985356  0.03069363 -0.08130198 -0.96596198  0.43702184  0.13209094
  0.5385853 ][-0.83453909  0.99729115  0.09445822 -0.20328071 -0.1890683  -0.34880284
  0.50385983 -0.98793577  0.19588677 -0.6104459   1.24125704 -0.2491683
  0.28541489 -0.19011813 -0.23395762 -0.7589156  -0.5320423  -0.20291887
  0.33367883 -0.99654073  0.87036189 -0.83058133  0.02098182 -0.93894605
 -0.01109328  0.9225323   0.50209832  0.48765033 -0.82882137  0.15113491
 -0.17658636 -0.78543715  0.13030228  0.22442938  1.68552478 -0.92719113
  0.35492935 -1.29215637 -0.4262932  -0.88555055  0.27638046  0.01513046
 -0.07276271  0.32057591 -0.03026358 -0.19398024  0.93897849 -0.88163876
  0.08313393  0.18608146  0.41110647  0.61499919 -0.17696303  0.93606294
  0.67078245]
 pesos capa salida
[ 4.48660177  0.87018491 -3.99666597  0.36932792 -2.90998545 -0.40923978
  0.8901654   6.92582024  2.89781829 -2.43672538 -4.63969333  4.43193451
 -1.06931016  6.76953262 -2.40487176  2.45483437 -4.8899101   1.26819244
 -5.68336362]
 biasCapaoculta
0.5565138083912061
 biasCapaoSalida
0.9414704858242386
 mejor error
216.73108797089836
 Precision 
0.5742832319721981