
 fecha de inicio Mon, 08 Jan 2018 14:42:41 
 fecha de la generacion Mon, 08 Jan 2018 20:42:37 
 generacion: 2935
 pesos capa oculta 1
[ 3.14451578  2.96035055 -1.11175677 -1.92550451  1.48349604  0.89173307
  0.79400179  5.95937592  0.80861956  1.22929067 -1.38889016 -0.04077071
 -2.07369513  1.23019926  1.3986256  -0.14230823  0.37724985 -4.63347591
  0.42807095  2.48801124  1.47447547  2.3824445  -2.5567692  -3.56594409
 -3.50480557  1.56643927  3.31520484 -1.32634668 -4.44668928  2.35685305
 -3.24967374 -5.89428327 -1.0584419  -2.85197757  6.84996821  4.92760746
  0.17115318  5.54080231 -8.40210821 -3.67994036  1.09898559  3.60533539
 -0.00900107 -2.59588257 -0.78024482 -1.02912253  2.25614071  1.82133468
  5.08953835 -3.16952105  0.4836411  -3.58452765 -0.98774151  1.20876184
  1.79628838][-2.64671293 -1.29514889 -2.13876757 -1.32556061 -1.45568059 -7.48719882
 -6.12231788 -2.61819334 -4.3266328  -3.52327062 -0.79086099  3.53197478
  4.98573808  0.20064416  1.04234375 -2.68285477  0.80622572 -4.82094075
 -0.79892705 -2.00843723  2.13808142 -5.26337779 -1.13647376 -2.78613581
  2.67744588 -0.67697228 -2.58175883 -0.23129913 -0.26896559  2.32052433
  2.64148844  3.05421787  0.26967379 -1.51974664 -1.48728476  1.24400101
 -1.14007868  0.25695102  2.75282005  0.2275757  -2.00123436 -2.68636167
 -1.64184829 -3.0730365   4.63080188 -3.17861861  0.04903385  6.10758449
  0.53576563  0.78083247 -1.19274272 -0.36238897 -0.58712385 -0.20119772
  2.23686978][ -1.77548188   2.14103954   6.06694843   4.14902887   3.37690945
  -0.60628822   1.65367426   4.10385168  -1.4001162    0.97750297
   3.46519412   1.5305863   -3.41664829  -1.45159585  -0.09932897
  -1.58357385   1.15682466   1.7040469    3.04788044   5.10448031
  -3.04589147  -1.69057078  -2.53039525   2.47897781  -2.63916801
   1.59975791  -0.90748052  -1.28840643   0.01772198   0.22494188
  11.28672429  -1.68214576   0.11816146  -1.93196391   5.55669861
   2.69182836  -4.84642014  -3.78078913  -3.49233082  -0.24003911
  -3.21572595   4.92714647  -3.50780809  -2.95520319  11.01413898
  -0.36716142  -1.21417342   2.5671802    2.2453041    1.71795639
   2.39990685  -0.61869886  -0.8338848   -3.99978079   1.80051368][-0.44091106 -2.73821273  3.09706887 -3.54305753  1.07290696  1.28158336
  2.62776547 -1.98366984  4.93478449  2.66401807 -0.32916058 -3.59747762
  1.54380385  5.49542404  4.7364417   7.53881944 -3.45612901 -1.66891755
 -2.80250062 -1.87273557  0.89475783 -0.83290688 -0.34557221 -1.2811202
 -3.46598695 -5.49640378  0.59310014 -1.73998378  3.45143288 -3.6392812
  0.45957488 -1.41618673  0.86045477  0.64363387  4.44766225 -0.24268522
  8.22817543 -4.01619881 -0.19973537  0.29102138  0.91436149 -1.33829178
 -2.2166541   5.74178341  2.67385985 -0.46745746 -2.88900111 -3.79954748
 -0.99962077 -1.26188211 -1.75408117  3.43646444  0.39957885  2.14022981
 -1.39164943][ 3.08179875  7.21925833 -1.91512425 -8.68788452 -5.76430542 -0.63546118
 -1.34758184 -2.36217603 -1.95611643 -1.54945451 -1.14053372  6.67620968
 -1.69143927  0.66006923  3.93865699 -1.99830288 -1.19210075  3.79001766
 -3.79709648 -1.65057547 -6.48997381 -1.24822311 -0.56297008  0.08167731
 -0.28956543 -0.71205936 -1.40709789 -4.78315447  0.99684036  3.1638483
  0.2474557   0.98026775  0.3849492   1.26315112 -4.39542272  2.69929432
 -0.71604568 -2.2795193  -4.01763733 -4.63667452  1.1066649  -1.97165421
 -0.75349559 -3.38232801  0.79944895  3.39352865  0.4658483   3.11064734
  4.68149695  2.49950151  0.08900891 -0.85139865 -2.62182714  1.1656933
  0.4387749 ][-2.58524144 -3.92349674  5.38143255  0.79878103 -1.66735316  2.73195607
  2.70607116  5.28840837 -0.97567574  9.17967165  1.12640775 -4.13947809
  0.95929328  3.77061347 -4.01471549 -2.69307991 -2.21378195  0.70962405
  4.23440315 -0.12478781 -4.19069562 -2.21251246  1.87355039  5.63424538
  1.23917794  1.49175598 -1.9159772   2.1375721   2.58506614 -3.51366515
 -1.35448718 -4.11791396  1.7848788  -1.08441594  2.21503861 -0.36589808
  0.54917749 -2.49937746 -1.41062383 -1.12633749  0.53133799 -3.20728562
 -2.55538257 -0.82926528 -0.66441678 -0.46413731 -2.26178757 -0.08245756
 -3.73310831 -1.7694489   4.56095451  1.59748822  1.51398447 -4.55050806
  0.85211274][-0.6312277   2.58446143  1.12915541 -0.14966351  0.27496799  4.03286697
 -4.57890899 -2.68833106 -1.72988923  0.18877494 -3.95012415 -4.70692816
  0.71583313  0.44506495  0.40819583  2.47948432  1.67091633  0.41754757
 -1.26302197 -3.16538859  2.06396675 -1.84511439 -1.24673198 -1.96358974
 -0.54809594 -0.10017556 -3.45304238 -3.72642396  4.72873301  1.10975477
 -2.37628997  1.35816591  2.07635548  2.80971035  3.14532123  4.04498162
 -2.85384338 -0.32780682  4.17213664 -0.2606377  -3.01940432  1.88232913
  3.92945487  1.41203455 -0.76568385 -3.99029919  0.24112674  1.57964663
  3.6846023  -1.68121587 -0.976078   -1.61701294 -1.96070743 -3.80359621
  1.92601142][-1.41217953  4.62548137  5.18265669  2.33089671  7.00342499 -2.81205775
  1.0083391  -0.70122971 -0.49664129 -1.42138158  2.22330498 -0.61571395
  2.59492254  1.14421817  0.6063269   1.73731847  1.36798887  3.35373202
  0.57100405  0.64244901 -7.58965491 -1.43055383 -0.1245149   0.87482697
  2.16903562 -3.12969604  5.59917335  4.13599314 -0.77138132  0.4184759
 -2.49603409  1.72253725  2.28502282  1.69440106 -1.74598136 -3.73473865
 -1.09756289  3.87146474 -2.76627708  2.20040611  0.64886338  0.32086862
  3.01213276 -0.69748581 -0.51385087 -1.7786402  -4.61927375  0.69696676
 -1.14854496  0.41390379  1.17356195  0.7769393  -1.94700893 -1.2698675
 -0.69622548][ 0.2444043   1.8544368  -1.78236705  0.43642117  5.61568555  0.16596218
 -0.63422585 -1.20908976 -3.74764516 -0.98185825  0.5996089  -3.73413473
  0.32084175  1.21743012  5.62096263 -0.04964657  1.88609744  2.19738586
  1.20327525  0.55330319  1.87203651  2.62951709  0.4430895   0.20744546
 -0.623855   -0.73123212  5.96930636  1.09908428 -4.25651641 -4.6572595
  1.18142425 -0.89001212  0.85937118  2.24173333  1.29544362 -1.66859537
  0.11785814  0.88638126 -1.44349533  1.56040948  2.01201319  1.21057573
  3.05835515 -2.04887118 -2.58783788 -3.51931999 -1.20894895 -5.03523768
  0.09447168 -0.89400513  2.26491634  0.26258781  2.34904235  3.76248713
 -0.97840899][-0.24367832  6.52417718 -1.42116031 -1.40968045  2.46917742 -6.37895276
  2.73301672  4.35211531 -4.8904664   5.14488795 -2.75604937 -5.66444862
 -6.07074275  2.54663424  1.20256294  3.28227298  0.55494305  0.27668484
 -2.7859604   0.76312746 -1.10523781  2.38396468 -1.9621773  -2.04364847
  0.51460903  1.21551691 -0.75141481 -4.55330416 -0.42892478 -0.53618477
  3.29567282 -0.49586941  3.51750683  0.99941262  1.67336771  5.58992044
  3.72953048  1.14266741 -2.71097052  3.34863074 -1.55709231  1.30335262
 -0.24495051 -5.39140067  0.91921119 -3.05237238 -0.46470364  2.63144386
  0.83795132  0.14624083 -1.87879794 -0.26971519 -2.93943627  3.5584415
 -0.33982027][ -1.77461058e+00  -3.60929613e+00  -2.28540531e+00  -1.27430317e+00
   1.74731345e-01   2.52349130e+00   2.80309944e+00  -2.96723862e+00
  -2.09128714e+00   1.80137682e+00   3.44019302e+00  -5.32004346e+00
   3.31001045e+00  -2.75352618e+00   7.11678056e-01  -3.90497848e+00
  -2.67933288e+00   4.14647211e+00  -7.15213885e+00  -1.88914624e+00
  -1.28917825e+00  -3.73440206e+00  -2.34503058e+00   1.27980974e+00
   1.84144931e+00  -1.96266101e+00  -2.82399061e+00   1.06938665e+00
   6.67962622e+00  -5.94810768e-02   1.15881284e+00  -1.64320196e+00
   1.44573512e+00  -3.13307272e+00  -1.23773567e+00   2.30906305e+00
  -2.34658128e+00  -1.93353238e+00   8.51039578e-01   1.80474802e-01
  -1.83639573e+00   2.98266857e+00   1.97549473e+00   1.59040976e+00
   5.45490621e-01   7.11372434e-03  -2.86720013e+00  -2.07478090e+00
   2.24910054e+00  -7.13699351e-01   2.49204319e+00  -2.16507129e+00
  -1.49596121e+00  -1.88790225e+00   4.40029459e+00][ 7.15318277 -2.98800889 -1.17576499 -4.26731762 -3.52782617 -1.19060515
  3.96272622  0.41531951 -0.03861566 -0.83475398 -4.23540247 -3.58753353
 -5.15737771  2.70132599 -1.81862405 -6.47771212 -2.43772339 -2.11351064
  3.1334257   0.08236067  3.86194195  0.46373795  2.36143544  0.86922947
  3.64266142 -1.59972869  3.17196579 -2.50047842  0.07605809 -0.93286238
  0.58987152  1.44077739  1.54524706  1.7278568  -7.77010162 -3.74558066
 -5.06021125  2.75135827 -1.18458227  0.33379004 -0.27283596  2.00824225
 -5.79704172  0.28464514  1.58732733  3.40100173 -4.25495853  1.3138118
  3.73178204  0.09712788  0.17394409  0.96820651  5.32469138  2.38964953
 -2.24737425][ 1.45156396 -1.11833907 -0.81135293  5.51152449 -1.76374236  3.20316608
 -6.86454039 -0.68977638  1.74035452 -2.42983642 -2.42911987  0.64107697
  1.02914811 -6.45161478  1.59680508  2.37510612 -3.17630135  0.70367395
 -0.22625769 -1.26897701 -4.71938325 -2.43953535 -1.20249682 -1.89207752
 -2.86210751  1.96153787 -0.81705935 -2.17652618  0.2766393   1.37805143
 -1.7914299   0.57241915  1.41790354  1.59843951 -4.44058735  3.36144416
  1.56081375  1.65367575 -0.07712368 -4.4701384   0.80630836  2.1111354
  0.90872313  4.30194385  3.12167367 -2.78937095  7.86267139  0.81217705
  0.69417467  1.38653955 -1.32182488  2.08379386  3.40328895 -3.03904926
  0.52472336][ 0.75306201 -1.17566471  0.79780142 -0.2762353   3.27189032 -1.11877474
  5.13895589  3.32940869 -1.29164803  6.82998779  2.25575161 -0.11476306
  2.1730877  -2.33305329 -4.35337331  0.61750746  3.01327774  3.28485008
 -4.59568217 -0.28024938 -3.29172829 -0.54258615 -3.14765702  1.91719281
  0.34593771 -1.07644948 -1.65631441 -0.39833851  2.91073435  2.06454419
  0.1198736  -3.25083458  1.63803525  4.58029991 -3.67533516  1.32093344
 -2.02246271 -0.67241741 -3.66926618 -1.952741   -0.40999161 -0.2109362
 -0.15022709 -2.75036617  1.3685786  -2.76263228  0.5520574  -1.69590695
  3.83864049  4.16175182  2.71452203 -0.14236344  3.1733211  -1.7843017
 -1.5332496 ][ 6.30691126  0.55053845  1.32510095  0.50840372  0.40531229 -2.892398
  3.29763046 -4.15501574  0.01776477 -2.73481946 -1.83447225  1.90404339
 -3.42209415  2.98836124  0.2469666  -1.11629514  7.58640301 -0.36306902
 -0.75156088  0.52923219 -1.98411176  1.73640153 -1.6520087   1.90609221
 -2.01611852 -3.89698736 -5.6037381  -3.48815477 -3.27749433 -1.67830808
 -1.36765076 -1.11817088 -4.44291125 -0.32725048 -0.74620098  0.34342237
 -2.60081967 -0.0780741  -5.66063621 -1.63399443  2.51913661 -2.48393315
 -1.98657581  1.94241933 -1.57832988  2.16159082  1.71422669 -3.33761045
  1.30976483  5.58673614  5.66752657  0.94682888  1.12169177 -0.67705015
 -4.93016161][-1.00702719 -7.01651288  6.25939289  1.30829492  0.90872298  1.18169037
 -5.20287541 -0.07648843  0.52057266  1.12860257 -0.13268457  0.01850657
 -1.86719568  3.71556692  0.33805657 -1.77988338  4.2324319   0.73514819
 -2.34628402  0.05554327  2.79960243 -1.93062921 -0.64955703 -5.15069371
 -1.52079017 -0.48292024  0.85409458 -0.41327367  2.75240343  0.66222693
 -2.33862564 -1.80718835  0.18501764  1.30160016 -1.4880827  -3.3797826
 -2.15546329 -2.31627929 -0.99874267  2.03962498 -1.41281127 -0.46374498
  0.15221699 -0.79490715  3.84814392 -2.28773316  4.28003334  1.17482953
  7.78687856  0.7334127   4.206922    2.16298563  4.15715505 -1.98550457
 -1.81420566][ 0.78867746  1.06203349 -9.18678113 -2.09071511 -0.0625522  -0.11456512
  2.31528495  5.64114734  0.91086563 -4.74420507 -2.49850396  4.06522096
 -2.81382124 -4.10326704  1.51816757 -1.5673977  -3.77214692 -3.04397676
 -1.98586948  2.27830611 -1.08859358 -3.81483634  0.80344241  1.35898043
 -1.56008503 -2.86074592  0.10468366  2.84375785  0.57264865 -4.25365642
  1.23798308  1.98365866  0.6654279   2.68120401  3.90976599  0.64336613
 -3.59181947 -0.96098331 -1.77876835  0.83329588  0.67456433 -2.09298481
 -1.65582622 -1.50683995 -1.48729851 -0.88986306  2.68307731 -1.32237086
 -0.12271498  3.06583046 -2.41249361 -0.96549841 -2.30766674  4.56156894
  0.16482717][ 2.36380149 -3.36649068  0.89323704  0.10019447  0.37699659  2.51078097
 -1.56866582  0.94825183 -5.30043884  1.763895    0.06932426  1.2009392
  3.46742183  4.48350312  3.40736317  1.11847538 -1.415578    0.70394184
  0.88278405  1.22960778  0.33458335 -5.54136154  2.14414704 -0.75367667
 -2.45326863  2.75611508 -5.36992678  1.74905776  1.8771104   2.27293475
 -2.61811496  3.2451083   3.40604001  1.14052707 -0.87341729  2.4101152
 -2.82571348  3.12838266 -0.16684271 -2.37371613 -6.1614842  -3.31245564
  1.21038424  0.9910404   0.76568777 -0.6450297  -1.63932366  2.61408061
  0.83001314 -2.76950444 -2.66683063 -1.7334791  -1.42650796 -0.80037219
 -0.22887026][ 1.19804421  1.07636057  2.77972265 -2.87704434 -2.51785755  2.50238284
 -1.40870537 -0.48304699  1.86808084 -3.4108111  -2.40331122  4.41804032
 -4.48851405 -0.6798835  -3.06944726 -1.59493443 -0.57844964  0.12799506
  2.69218272  1.43152509 -0.07188955 -1.13316703  0.8241756  -4.6877042
 -2.12338318  0.13995201 -1.93348535 -4.10563332 -8.61015698 -3.82876259
 -1.82185946  3.3149999  -2.81259106  1.91273507 -2.67816102  0.24730217
 -0.78146858 -6.73129    -5.40911667 -0.67245129 -4.06352009  0.29492559
  0.19415902 -0.97459962  1.62861164  4.98314316  3.21263373  2.95008423
 -0.65091372  3.63133945  2.36879888 -0.15309997  3.7041307   0.49391689
  1.4629565 ]
 pesos capa salida
[ 0.39357561 -0.25702238  1.0455054   0.60448577 -0.88999561  1.58008883
 -0.56322756  0.28874335  0.38751701  0.04253812  0.32087985 -0.32305231
  0.70303753  1.03071836  0.3266955   0.83034357 -1.02505608  0.3437123
  0.11242558]
 biasCapaoculta
0.4160868326501812
 biasCapaoSalida
-0.3675028569757393
 mejor error
104.17334058740212
 Precision 
0.7402258905299739