
 fecha de inicio Sat, 06 Jan 2018 04:52:39 
 fecha de la generacion Sat, 06 Jan 2018 10:50:02 
 generacion: 6872
 pesos capa oculta 1
[ 1.16307646  0.92870715  2.11055959 -0.04564784  4.61025524  7.33017224
  5.44573619 -2.00310062 -1.30623223  6.15032922 -0.26939959  5.2792319
 -3.18536954  3.69021549  4.06846477  0.42052844  2.0646057  -5.02412213
  4.20417874  6.89729593 -6.37658621  5.56981386 -5.02847342 -2.88855985
 -3.40278099  1.98330784 -0.79094597  5.79806497 -0.18637179 -0.82452078
 -2.38922297 -2.07788156  0.4818765  -3.58831625  7.40459073  9.98609427
 -3.1164162  -2.11824538  2.03888773  8.21798238 -5.60991658  0.99643606
  1.77480259 -9.18461458  1.25151249 -3.07353146  2.55329565 -3.81427156
 -2.32284116 -0.41617471  5.09914054 -3.54150323  7.02978452 -1.91249226
 -4.62482847][-3.97408095  1.58135495  2.41561265  4.60686931  3.72172869 -1.6659301
 -5.14236059  4.24934277 -0.85079393  1.13333392  8.31989129 -0.768641
  4.31267097 -0.70307289  2.66778779 -2.25773751 -8.4242466  -4.07194514
  6.54919548  2.89532949 -4.36862217  1.20963638  0.30945983 -0.96131558
 -0.22391573  1.72966328 -4.67278362  3.48282078 -2.41252353 -2.0620715
 -0.89758456  4.36708619  3.61945067  3.84022325 -4.10337252 -2.75347444
 -3.27514099 -6.61549476 -2.24048827 -5.68210748 -1.87133206  0.38634444
  0.03165599  2.32558526  1.68085746  3.67956245  5.47299965 -5.39239127
  5.31415366  1.98983269  3.13230989 -0.54796211 -0.85054365 -4.6251422
  4.8813992 ][ -1.30905243  -4.76235092   2.28296656  11.34391719   1.09559351
  -1.10405478  -3.36689008  -7.18591824   2.79180851  -4.62242754
   3.25865801  -1.51008696  -1.75254837  -2.22035928   0.14698115
  -2.94368811   5.24610761  -0.74336255   1.01284922   1.6872478
   2.07545446  -0.32282306  -0.56528933  -3.45191604   1.80581095
  -3.79021308   1.48894999  -4.63665033  -1.24868      4.06591133
  -6.89456162  -4.07523284  -0.9423165   -6.3086527    3.45365564
   4.65779738   2.35706048  -1.15163915  -2.73344142   0.3970312
   1.86822657   2.3095133    5.9776751    3.31667037  -4.41384108
  -1.72314184  -3.13753646   7.35244963   3.00377155  -5.84606151
   5.00099491   1.15387802   4.85226447   0.68066711  -6.45659124][  1.42313077  -3.76527523  -7.14432933   0.81023359  -0.1241571
   1.21353537   1.06981502  -6.90745043   1.9531045    0.809558     2.1185569
  -3.45624543   4.02718394  -4.04918306   1.63351739   2.6846432
   1.39286218  -2.37984097  -6.78095753   7.59224427  -1.18802421
   0.69585163   0.99443732  -5.14634138  -3.90470818  -3.53779765
   2.47211858  10.3897926    5.77879089  -4.34159253  -0.92004839
   1.09110523  -1.9785022    6.4843306    4.77065821  -2.99149834
   3.41301982  -7.50003352  -1.49073933 -11.70599625  -0.05695139
   1.4202113    5.4115469   -6.44765781  -2.84617337  -7.51980522
   1.59216358   3.51846832   4.64883305   5.14430324   2.35273209
  -3.32914758  -4.17680195   5.05169606   0.33552775][-3.74098083 -0.86890811  2.81478939  5.69686111 -6.9222764  -1.9472892
 -3.37682107  2.47225367  0.0148081   4.41885581  2.18840481 -5.23954587
  1.02409874 -3.79800206  0.53760029  3.87366649 -2.60226324 -1.65525031
 -0.56410564  0.12524565  0.25899186  1.44522748  4.38342786  1.54780985
 -4.7162396   1.85496808  2.42297758  0.75833898 -6.50766628 -2.97552392
 -4.71502956  6.04482199 -2.20688573  0.94768829  2.18619013 -1.27283909
  0.70584696  5.17637167 -3.59357475 -4.8242839   1.11551056 -2.6939227
  1.8090601  -0.7841025  -1.31036358  0.08126219 -3.89857842  2.72374991
 -3.04657771  0.36862278 -1.72977806 -0.53116796 -1.57031958  1.66640941
  0.51549016][-1.638054    2.29467938  5.15489361  1.16020079  8.25968953  2.22736716
 -5.16628628 -0.81882597 -7.84904081 -0.51548375 -0.3117631   1.43661322
  3.95408514 -1.05463703  1.97508193  0.35426207 -3.85378707 -1.06975222
  4.47720129 -2.38631344 -3.94183627  1.48498898 -2.37929881 -2.75987523
  5.90080506 -3.70993213 -0.94922212  1.24419123 -6.38800853 -1.34981679
 -1.37426009  0.23053909 -1.84273569  2.59888836 -1.57788268  4.45655067
 -0.35538149  1.60492054 -0.4725796   1.64469147  0.83734805  4.14997764
 -2.49897213 -8.47668134  1.85397168  7.86576876 -0.25528863 -3.31843906
  0.25193477 -3.87972269 -0.50882046 -4.77057187  0.15917333  2.71333405
  0.52760055][ -0.56309576  -0.12014045   0.95143568   1.42955204   0.63823638
  -4.49317214  -2.24448397  -0.38763571  -3.94521451   6.60127796
   9.11725952  -2.2598448   -1.60947045  -1.13799342  -3.72827003
  -8.55125376   4.4667075    1.93740942   2.02626311  -7.2821685
   0.91896093   3.22687979  -1.21115169  -0.59946659   1.84820086
  -0.30491894   1.26564221  -1.34893308  -3.35497116   0.28624544
  -0.32586005   2.04200445  -2.31340957   2.1060208    1.18103862
   3.99861322  -2.32663758  -5.32890105  -3.28543041  -9.86493204
  -1.05156237   1.63613436  -5.67548686  -0.66113881  -5.20719313
  -5.95081806   0.77254328   6.48319626   3.58406797  -3.58918429
  -3.26176406   5.81063145  -4.41491306  10.45602112   7.32657504][ -4.48462831e+00   1.67774733e+00   3.95260986e-01  -1.00545948e+00
   9.35322942e+00  -3.47687999e+00   4.24122961e+00  -5.59072636e+00
  -9.00765266e-01  -1.24612829e+00   1.84356812e+00  -2.97136274e+00
   1.72298341e+00   4.87588302e+00  -1.45698339e+00   2.35829700e+00
   9.08868147e+00   1.35661667e+00  -4.22348394e+00   1.46132444e+00
  -5.39809808e-01   6.59718576e+00   1.94472352e+00   5.94213016e+00
   2.41389799e+00   6.26371900e-01  -2.61826409e+00   2.54280250e+00
   2.24501307e+00  -8.24730770e-01  -7.54866925e-02  -5.14160011e-03
   5.67386660e+00   2.24546132e+00  -1.85254179e-02   2.39908694e+00
  -6.96499983e-01  -1.04227433e+00   3.74540742e+00   1.13396286e+00
  -3.35141266e+00   5.69561076e+00   3.52815898e+00   4.06634433e+00
  -3.81483365e+00  -7.84569943e-01  -2.79621672e+00   1.63832268e+00
  -6.03947353e+00  -1.02173184e+00  -6.85003419e+00   9.41195400e+00
   5.51075126e+00   9.30879230e-01  -1.72953307e+00][ 2.21408016 -7.66352287  6.88729569  8.18621843 -0.52191694  7.22604208
 -3.74726277 -2.36613058  1.2876137   5.77484766  0.59336479  5.79510403
 -5.71370282 -1.44249502  1.64406683  1.00572141  1.20420277 -1.36435566
  0.75370325  4.16029444  1.09025248  1.80066687  1.1346639   1.26492006
  2.13095608  0.11769555  0.2998825  -1.29019609  1.43726248 -5.13816592
 -0.71106424 -0.69901968 -0.65191802  0.47401233  0.8827667  -6.23397966
  4.76639879  6.13327353  1.12744654  0.35282117  4.3977823   0.7425657
  1.60508833 -1.9184999   4.13420792 -3.78201229  7.2435224   4.90749458
  2.10700244  4.36209569  3.02685747  3.21501943  2.33183533 -1.86145712
  1.96730224][-2.01530553 -1.36935257  8.71774861  0.92865638  1.79766573  2.9683161
  2.97148483  3.31605879  3.53706808 -1.58909627  2.5422561   5.6119844
 -0.63094616  2.06304088  1.87767344 -5.22472229  0.76952786 -2.17099899
 -4.95324907  3.27287408  3.0417008  -0.25223593 -6.21446486 -1.09987767
 -5.8391802   0.35388497  3.8606339  -4.41486243 -2.59627717  5.3643562
  2.53997247  0.06857891 -0.39513049 -2.93213774  5.85573219  1.09127223
  3.66930155 -4.03086748 -1.9566192  -0.07833708  0.08688318 -0.98551177
 -4.398919    7.13401857 -0.40401741 -1.92156718 -3.05132132 -4.36156029
 -1.4106579  -4.00325315 -2.9413068  -0.4421452   5.81002872 -0.06309563
 -6.06683166][ 0.95632435 -0.03761059 -1.31642736  2.0430014   4.71790847 -3.10108522
 -0.94674195 -0.3479611   2.33246434 -2.3319725   0.67447761 -0.11409885
 -3.70947439 -2.5494729  -6.83797423  0.169342    7.88295835 -0.16723514
  4.95888289 -1.57733202 -1.77450121 -0.30441119 -0.76941757 -0.1106064
  0.57955787 -4.22185412 -3.45069027  2.56710597  3.72464551 -9.22290458
  4.50591982 -1.67830143 -0.20673544 -0.11584383 -4.44396838 -1.20423234
  0.36245159  0.80499388  1.9702607  -0.90574151 -0.2096666  -0.61341944
 -4.66522147 -3.22498514 -6.90103187  2.11726223 -1.45448224 -4.52806475
 -0.88748197  4.70146945 -2.4099122   5.89793658  4.39399509 -1.87160285
 -3.1475292 ][-1.38831819 -5.13703604  8.44319956  2.54369033 -3.50103769  1.27639622
  0.6903369  -2.26627017 -2.43123123  0.18827553  2.99783456 -7.62481381
  4.8156096   3.97220341 -6.1178841  -1.70960435  1.09171742 -0.81516069
 -1.171001   -1.36108804  1.91093712 -0.44674049 -1.69965851  6.6131063
  0.56348505 -3.52560621 -0.74969372 -4.48444694 -0.29764271 -0.32991559
  1.25643695  4.39142336  6.39245605 -6.00880072 -3.5213455  -4.08464478
 -0.30047068  1.30475958 -3.00700254  1.75137179  1.80294763 -5.37188198
  6.13049524  2.57997525  1.99145656  8.41720929  0.46163258 -2.03345333
  7.39325346  2.6554551  -3.1274391   1.22953933  5.31259882  2.99357448
  5.03097237][ 5.56635474 -2.18455752  5.42377922  0.58415284 -0.88036954  2.5908068
 -9.79208795 -0.82639773  0.45748251 -2.3572801  -0.26680337 -5.49817168
 -0.90972402 -0.10038735 -1.77668161  1.03421625 -6.11887677 -0.5970479
  0.49678837 -2.59931901 -6.2969873  -3.16181729 -0.36828376 -6.41678332
  0.59693754  0.70705676  0.14705504 -6.87568274  3.04861126  3.14385475
 -2.53374657 -0.32903006 -2.83391584  3.54376866  4.44601868 -4.43322308
 -2.29258062  1.12446622 -4.00242669 -3.35935692 -0.4316104  -2.96097177
  4.47731507 -1.44370374  3.45118222  2.20675781 -0.6990986   3.23509911
 -4.31411477  0.26252645  1.22798693  0.58833046  0.38096731  3.3764055
  4.654002  ][-1.34583786 -0.56587259  6.06848176  2.82631961  1.69044071  1.03883927
  6.80798991  1.71315637 -4.96515136  4.13903731  0.30824504  2.77857152
  1.41336251 -0.5985566   7.85861941 -5.21164677  3.35967551 -0.91008109
 -2.19304372 -3.82100373 -2.72877381 -3.97272413  0.24722903 -2.37812902
 -4.00855523  2.46190759  0.94421726  1.40024274  2.53505448  1.82108703
  0.52388613 -5.57786657 -0.98752561  3.55029277 -4.8675851  -2.20298951
  3.03533992  0.15674131 -2.81988036 -8.21761725  7.18304505  0.92022535
  3.78184443  1.00599284  0.75675066 -1.66279722 -2.60703576 -2.78351463
  1.77313128  5.00535239  3.84412944  5.17066763  4.51145966  1.38312835
 -2.46525334][  0.89503732   5.45173364  -6.749303    -5.13237599  -0.93886412
   5.34407838  -7.93823989  -1.84983677   4.55693698  -3.30991175
   0.8746042    5.25556978  -0.68546374   1.54057763  -0.11337912
 -11.35257971  -2.49188662   4.24115158  -3.22041315   1.83569914   5.03487
   1.82057359   1.38156432  -2.63768441   4.01520964   1.20382333
  -3.41142647   4.34767881  -0.0454374    5.18580827   1.25778067
   2.15227066  -5.39899964  -0.6979493    0.03481578  -1.39952622
  -2.27296453  -5.00461889   1.63770096   1.72835371  -0.04405798
   0.69297812   1.46546064   1.0670043   -2.44767304  -0.16202194
  -0.91738259   2.23222353  -3.71174299  -0.06544291  -2.39754483
  -0.16653271  -2.45593931  -0.52333121   3.00172836][ 5.33915685 -1.96779328 -2.57526297 -2.81141547 -5.14385155  1.47611693
 -2.54153378 -3.64769359 -6.39916251  2.55507884 -3.53381489  5.19318683
  7.00462287 -1.52691612  4.55204717  4.94635151 -0.16608926 -4.59716546
  5.19663232  3.07350498 -1.9339171   0.94436518 -4.37948587  2.3155333
  1.61060521  3.60939701 -1.79082772 -4.24229758 -0.08912486 -5.28691819
 -3.42475091 -2.91753101 -4.44483817 -3.38582322  0.58446867  2.46945984
 -2.77115192  6.09643464  7.06538657 -1.12164093  4.74991128 -0.99249003
 -2.38103769 -8.15047129  0.33680066 -6.3116224  -5.70788582 -1.95744775
  3.19388965 -1.50176912 -7.10809068  0.34779455 -4.85806025  4.67506161
 -4.26011834][-4.02307752  5.8066037  -4.98984692 -5.11045195 -4.50824015 -7.95193766
  8.04787583 -1.81228832 -1.07685272  2.0984838   2.37248826 -4.66458135
 -1.39403628 -6.31306313  3.24226083 -0.86827047 -3.14196331 -0.08478837
 -0.15444115  8.40168418 -3.23431032  5.87822068  0.71881267 -2.33624849
 -2.86810858  3.95060053 -3.90954573 -2.03663438 -5.46798219  0.53886041
  0.61547377 -0.10530439  5.60044951  1.21812869 -0.06854265  3.43011556
 -3.14412471 -3.36088745 -0.94651283 -5.2837788   1.80079964  2.52796143
  1.76790502 -1.44685631  0.85946894  4.38119352  2.33295075 -1.59619156
 -6.07356825  6.03360231 -4.96446997 -3.13399542  1.01933144 -0.72000565
  2.27863686][-1.16730588  1.65093467  3.58721238 -1.69191476  1.68642817  2.13679827
  1.61681554 -2.76637621  2.78886845  0.66916434 -9.3158138   4.46812152
 -0.31961726  6.83087927 -0.69054906  3.47386241 -6.44176579 -2.64370834
 -1.59737788 -5.57795424  2.01590165 -2.19226965 -6.18203612  3.39973171
 -6.90818564 -5.48373295 -2.18015598 -2.9000326  -3.74651655 -0.83169057
 -0.52369453 -0.60282938 -4.7467819   1.67445807  0.414153   -4.26261399
 -0.64510678 -1.30077829 -2.62531124 -2.09570222  4.38020634 -0.17491565
  2.71542688 -1.14822696  3.02507196 -5.31479739  5.04188095  0.5722352
 -5.50043058 -5.82320299 -0.37661925  3.20153755  7.76134111 -1.06845187
 -8.84679416][ 0.3368505   2.20767292  0.40126436  4.33839624  0.46418722  3.6686119
  0.47995858  4.34665071  3.71268492 -4.68210094  3.15074013  5.48744788
  3.63210167  0.93914846 -2.49656034 -5.92514765 -0.05885919  1.42986522
 -3.82065143 -1.17569341  0.33465763 -2.4232861  -2.70594047 -5.03419871
 -1.38331446 -0.95791544  4.05520581  1.02562987  1.53878857  3.00649644
 -1.81592529 -2.17134627 -2.55609426 -0.09904908  2.31217137 -8.34924327
 -0.94678671  0.92878049 -0.81627275  2.37824288 -0.0591145  -7.01702958
 -0.06976049  1.7674163   8.91757926 -3.04570973 -2.77918021 -2.0782178
 -0.76110632  0.09966313  2.252919    1.72393139  8.45824429 -2.44200805
 -1.46607332]
 pesos capa salida
[ 0.34565487  0.63513076  0.00944864  0.41490646 -0.62758333  0.27726295
 -0.07740298  0.71132182  2.35057611  0.75777238 -0.55498124  0.73961955
  0.05014659  0.48955812 -1.77244122 -0.62430883 -0.22513991 -0.18072096
 -0.32245303]
 biasCapaoculta
-0.1363343584755735
 biasCapaoSalida
1.041742508937981
 mejor error
105.39359756469077
 Precision 
0.7228496959165943