
 fecha de inicio Wed, 10 Jan 2018 04:10:33 
 fecha de la generacion Wed, 10 Jan 2018 10:05:27 
 generacion: 3504
 pesos capa oculta 1
[  4.56532808e+00  -3.04448665e+00   6.31624365e-01  -1.44385348e+00
   1.92053415e+00   1.32445361e+01   4.36753887e+00  -7.09243117e-01
   1.99287694e-01   9.60864650e+00  -2.54886654e+00  -5.67814720e-01
  -7.16812503e+00  -9.42080086e-01   4.48587708e+00   3.20872142e+00
   2.84623513e+00   1.69050469e+00   7.69701441e-01  -2.05208087e-01
  -2.72940030e+00  -3.21674133e-01  -4.35472881e+00   6.20973349e+00
   1.45905239e+00   2.34383294e+00  -8.88100350e-01  -3.35917171e+00
   4.97053725e-01  -1.68612907e+00   9.89688566e-01  -2.65863585e+00
  -4.98894730e+00  -1.10979093e+00  -5.12128505e-03  -3.34607252e+00
   5.33128641e+00   1.81682642e+00   3.10217448e+00  -2.47112511e+00
   8.82249492e-01   3.33789466e+00   4.19130714e-02   4.35678856e-01
  -2.50378921e+00  -2.34192323e+00   2.95442973e+00   8.18885102e+00
   6.42109522e-01   2.54685128e+00   2.93396681e+00  -4.89789850e+00
   5.49377974e+00  -6.39382287e+00   6.13212427e-01][  2.86324906   0.02820683  -0.62242373   9.83123142   3.29135962
   5.36911594   2.74770801  -4.45680569   3.99392646  -3.17035035
  10.42835535  -1.73485599  -0.36274543   1.7176567    3.50845556
  -3.60111629  -1.0743934   -1.51445441  -2.37473263   6.76380116
  -1.27790187  -6.65308052   2.71530789   3.21759886  -2.60181971
  -0.55885034  -7.76848281   4.2263194    2.56755158  -1.99971046
  -3.53801914   0.02695653  -1.21731166  -2.30500617  -1.56266199
  -4.81550774  -3.03616024  -1.76575342  -4.98523762   1.24550296
   1.29191229   1.3840236   -1.62651855  -0.0242279    0.86798856
   2.86017714   5.17908577   0.22452413  -5.20627324  -1.56688194
  -3.3652637    1.21385228   0.84626794   4.51975318   0.83512044][  1.82312207   2.59232117  -1.70047277  -6.64682042   1.15767737
  -0.10497569   3.23149709  -0.86997126  11.11738754  -5.18561582
   0.535954     1.38762717   0.58706156   0.51605377   1.92710046
  -1.95505579   0.73140378  -3.17394052  -2.35118629  -0.78864025
   0.18608782  -2.0314902   -2.45916348   1.59906636  -0.49108241
  -4.39943871   0.25097155   0.90784099  -3.60664344   2.33166734
  -1.03930296   0.07695566  -6.87045734  -2.34472491   0.33671965
  -0.95970501  10.46908889   0.3911372    5.77678721   0.78658192
   3.08872966  -2.49719584   0.72077552  -3.4269721   -0.90573688
   0.61059935   3.7093249   -0.69418767   0.06487943   2.24502102
   1.53799132  -1.31872512  -4.71854914  -3.39365008   0.77381025][ -0.56594841  -0.91092973   2.40451384   0.09397814   1.90616027
   2.74210885  -0.2120671   -1.74328737   3.16571549  10.52903925
   1.95769263   1.24966528  -2.86794334   7.27435112   3.27948052
  -1.10651778   0.3563645   -0.25822916  -2.19589398   5.10358923
  -4.12386858  -1.67297358  -1.06897108  -4.52912346  -2.687691
   3.24210235   4.02233421   0.98409962  -2.30347633  -3.38018508
  -4.46441842  -7.4601517   -2.81403852  -0.37797055  -1.19152856
   0.99926285   8.14570462  -0.25940358  -0.11210918   1.43034585
  -2.88763781  -3.35133965  -1.87502749   4.37884359   2.4111167
  -2.75665113  -5.37989464  -5.38378251  -5.86648037  12.56743455
   1.56745184   4.98833941   5.38798102   1.33317022  -1.46928686][ 0.37521352 -2.32913329  2.83268792  2.3114898   7.8810431  -3.29489979
  0.59205024  5.87632257 -5.71957929  1.28017122  1.97450163  0.12938022
 -3.80101079  3.2939471   4.48610866 -0.32185473  2.52870204  3.12753887
  3.46823159  1.70640872  3.43287965 -3.91373595  0.89328626 -3.17351119
 -3.45579067 -2.15271949 -1.71675058 -2.11250666 -2.99679645  4.04997384
 -1.90356616  1.05746134  2.24797331 -0.89297957  0.36146567  2.21030046
  2.5886611  -1.35578305 -4.06391067  0.48900492  3.23077761 -0.43494332
 -0.95436041 -1.96241178  4.88612    -1.99892462 -0.96112169 -7.34247035
 -1.72076681 -1.38747305 -1.36783088  4.72584077 -6.35653864  2.75580659
 -0.95485551][ 0.87423647  0.62038482  8.3780009   1.46857144 -2.88197636  3.52528387
  2.49808785 -2.22386652 -5.24006643  0.4014808   1.86545787 -0.98303637
  3.91377139  5.86007327  1.11187972  6.45330262  0.3663723  -2.07815961
  2.40243074 -0.80375519 -3.35658149 -3.65059151  1.92140211  9.29105753
 -3.42119512  3.2843069  -0.33971168 -2.4018353  -2.78685747 -4.90826441
  7.08490409  3.22054185  1.71872407 -4.58302209 -3.82543497 -1.92247033
  1.09631541 -2.55243465 -0.76825888  1.7551419   2.84219697  5.56151612
 -0.37638984  3.43080389 -2.64511967 -0.78673248 -1.89566916 -5.1469586
 -3.27247902  3.65965308  7.62878382  5.10210195 -1.63532362  6.02266605
 -5.04083772][ -4.50472987   1.38315633   5.73197608  -2.12529303   4.57441729
  -0.96851322  -3.61308898 -13.19534384   1.62848932   0.97339498
  -1.74416486  -4.52129009  -5.0242508   -1.67459892   2.87878779
   2.12688553  -2.75385864   0.22002638  -2.33853489  -0.25199668
  -2.9524234    0.23158883   1.17373616   1.35406202 -11.26601679
  -2.64054066  -2.81362807  -4.75787785   4.51567859   2.47604996
  -0.1327347   -7.4258362    1.5895961    3.27629761  -0.53040206
   1.10095661   4.76518599  -0.76763488   0.96781116  -4.84296588
  -2.62323945   0.94103635  16.2747831    3.19702599   4.146432
  -5.71696087   1.06838613   0.85214852   8.19717126  -1.02797164
  -1.05404627   5.14147489  -1.32277527   0.07045698   3.75201832][-2.71722674 -1.72809705 -4.12609639  7.69618501  7.73800867 -2.59575633
 -4.10573874 -3.26099653  2.55977712  1.13243808 -5.00600865  1.23540239
  6.08862794 -5.76375921 -4.77934864 -4.30188386  0.70435234  3.07990934
  3.45209746  3.7823782  -1.27101122  5.9926071  -0.47186994 -1.4981818
 -4.48870276 -2.08717768 -1.13257464 -6.55561228  0.33760845 -1.38314339
  0.44891494  0.84397529 -0.76529375 -0.76358991 -1.81581641 -3.60983143
 -1.21157384 -2.07538534 -2.84472215  0.56526751  4.72971007 -5.17852965
 -4.28100633  1.91884651  8.03130812 -0.28786037 -5.19039528  0.01026162
 -3.92576531 -1.36457795 -1.92064211 -1.51555829 -7.85827795  6.79414127
  3.05666824][-0.95258522 -0.03479772 -0.2415725  -0.95864419 -0.69081546  3.71184285
  1.31141418 -0.94522192  3.20687344 -2.202469    8.6668099  -1.20173141
 -3.62272172  4.41693442 -1.58790369  4.32693333 -4.5230147   2.25601493
 -1.82693367  6.03863754  0.69490152 -2.01718154  3.57350699  3.71918417
 -0.21640505  0.23415283 -0.53576901 -2.76986434 -1.95103408  3.97232683
 -3.21469731 -1.33525144 -9.3185128  -1.67831114 -3.61364395 -2.78508529
  7.24060299  0.12541275 -5.72802091  3.18447509 -1.70497691 -3.72155149
  3.36805836  3.63479347 -2.05535965  1.36860114 -0.55776947 -3.74243893
 -1.21479199  3.58400616 -0.36017308  3.26727207  0.40379632 -1.86706669
 -0.98063775][ 1.84938192  4.02731409  0.11630632 -5.73075876  7.00440793  5.22713153
 -6.72668734 -1.7361066  -0.96204871  4.65678522 -2.56383047 -1.36781964
  2.81617471 -3.41738701  7.15706446  2.00054416  4.76262574  3.55575413
 -3.58455043 -2.75680461  4.01657636 -1.27069196 -2.39929932  2.70738848
 -1.22049102  1.12681673 -2.69674515 -0.23175708  6.66375541  1.12770634
  3.36385568  4.09619011  1.29392301  2.3623344   3.53088381 -0.54914123
 -1.46345384  3.35329167 -0.01548935  1.58378125  3.08684062 -2.41392033
 -3.01623284 -4.83796998  3.52861151 -3.48072596 -0.18492742 -0.31866226
  2.03028741  1.2629408   5.2317389   0.74004198 -2.42502695  0.78503698
 -0.65189322][  5.24766648   7.20502293  -0.47904299   1.85973328   1.10708611
  -2.42210804  -1.52522478  -0.3164247   -5.5681408   -0.74734942
  -0.95221017   1.93175886   5.28495554   3.71439468  -4.91665769
  -0.17902662  -0.12371949   2.84317895  -1.32262615  -1.09189218
   4.47979797  -2.02866435   2.78819255  -6.67459854  -4.14587544
  -1.43705766   1.98757574   1.37895347   0.84144125  -3.4904839
  -2.32631791   0.56723363   2.20992508  -2.67611591   0.88332396
   4.56863783   7.75140212  -1.04446978   0.22868581  -2.37347818
   2.6655231   -2.0936141    3.54855361 -11.86297512  -3.85549368
   4.29430733  -1.04693138  -3.58499486   0.47295423   4.59253958
   2.28208851  -2.86962333  -5.24617161   0.89551246  -0.2013981 ][-2.79513735 -2.88231094  5.52879473  3.02785486 -0.30077207 -6.41254057
  3.51337203  2.51822901  3.63959251  3.98491621  5.24692113 -2.78490424
 -2.98169311 -8.0555545   0.62387082  1.30442591  3.37006925  4.33354658
 -0.10562022  6.06047092 -2.92785974 -1.95987877 -0.66576065  0.9126639
 -4.24021917  1.39115069  4.48386753  1.58537296 -1.67836668 -0.02363155
  1.54586171 -4.23502456 -2.81430073 -5.97965093 -2.54933909  1.99409888
 -7.64869052  0.55789358 -2.09075271 -0.93747782 -1.43016692  5.28113465
 -1.90417705 -2.72576663 -1.40255452 -2.88673526  5.08270088 -1.737306
  1.86388017  1.91914741  2.67897239  1.75388472 -3.61791149  2.2354199
  2.86946811][ -0.68604203  -0.87295462  -7.95358513 -13.01756056  -0.14936292
   1.25051393  -1.18761484   0.15125746  -0.78030168   1.6844937
  10.90696825  -3.31850235   0.16240157  -0.90997474   1.14108643
  -0.96906172  -1.43546978  -1.074999     0.64739248   4.15391795
   3.04218292  -5.75388132   0.77894238  -6.2694223    2.21775828
  -0.13707084  -2.8819916   -1.74957428  -0.50003468   0.71188382
   0.28402359  -1.17991246   6.84163685  -2.30011708   6.7125669
  -1.58715025   9.56705757   3.20327668  -4.305712     0.48600243
  -0.24903871   5.34387185  -2.00669221   0.86168189   3.41944169
   0.43446705   1.80478993   2.38423215  -0.71650353  -5.43834382
  -4.76523656  -5.0563527   -3.08243673   4.09471868  -0.07971975][ -4.17275341   6.94350703  -8.92810879  -9.80666119  -4.6468418
   1.57097075  -5.36023698  -4.02671999  -4.50143502  -1.70027774
  -2.67562838  -1.33895092  -3.08252506  -0.21506811   1.1704801
   1.97168623  -1.23455549  -5.73134193   1.82559317  -2.55119984
   2.80252133   4.68394506   2.47661087  -3.57329866   6.62242913
  -3.42362827  -1.64313279  -8.71659838  -4.90521798   0.56858313
  -1.45088236  11.56555709   2.11455168   2.8951563   -3.69459895
  -0.49827834  -2.78192197  -7.52668996   2.28690176   1.44651486
   2.26953472  -2.72935495   1.73830518   0.95876635   6.72278928
  -4.43253795   2.35988508  -1.16372745  -3.58125116   0.24684111
   0.65915367  -1.21506221  -4.31273742  -2.0845985    1.86157958][  3.62004635e+00  -5.89645551e+00   3.43537709e+00   3.01005238e+00
   1.41485041e+00   3.75963211e+00   3.19279824e-03   2.61560150e+00
  -2.65349389e+00  -2.75378834e+00   1.66946274e+00   1.08897909e+00
  -9.12864094e+00  -1.24043746e+00  -2.50325862e+00   9.52868249e-01
   5.18933542e+00   3.21900073e+00  -6.34629104e+00   2.32747963e+00
   2.57425021e+00  -5.77194360e+00  -2.90301778e-01  -5.35288937e+00
   5.83803704e+00  -4.98331981e-01  -1.09171160e+00   1.71109968e+00
   5.78690126e+00   1.89433869e+00   4.94688180e+00  -1.38123076e+00
   2.29175786e+00   1.86073175e+00   4.06732596e+00   2.13018402e+00
  -1.18586851e+00  -3.27950598e+00   2.68532009e+00  -1.79588767e+00
  -2.29622820e+00  -2.01150398e+00  -4.48974098e+00  -3.33199095e+00
  -6.01567460e+00  -4.87471363e+00  -4.00647339e+00   3.07086572e+00
   2.36987216e+00   1.85228763e+00   4.08390517e+00   1.10702812e+01
  -2.65298191e+00  -5.90055356e+00  -1.52469255e+00][ -4.23874800e+00   6.00143883e+00  -2.73821526e+00  -1.15880504e+01
  -4.80560885e+00   2.50478760e+00  -1.83840299e+00  -4.40485433e+00
   1.42574553e+00  -5.35801315e+00   1.94809881e+00   1.46564594e-01
   4.25222469e-01  -3.00472429e+00  -9.87549599e-01  -3.20166061e+00
  -9.05480764e-01   2.01483286e+00  -6.47417288e+00   1.95901887e+00
   4.13756795e-01  -4.55662867e+00   6.80923623e-01  -3.79946144e+00
  -1.34676870e+00  -2.86036871e+00  -4.19499251e+00  -1.21366145e+00
   7.87220434e+00   1.45777864e+00   6.13202487e+00  -4.35321527e+00
   1.64586618e-01   3.03816495e+00   1.24557588e+00   2.35656838e+00
  -2.56657384e-03   1.10524455e+01   2.16023392e+00  -2.42384690e+00
   1.94969980e+00  -1.02384049e+01   1.18325555e+00  -2.54865620e-01
   1.17661585e+01  -6.49770290e+00   2.87102051e+00  -1.42530079e+00
  -4.70913834e-01   7.58741713e-01  -4.51688473e+00   3.70484989e+00
  -5.57947734e-02  -4.06929317e-01   4.91362902e+00][  2.16045163e+00   1.82290857e-01  -2.64786098e+00  -4.57663107e-01
   2.62317305e+00  -5.74665932e+00  -1.50657008e+00  -5.77956372e+00
   9.45548946e+00  -3.01148128e+00  -2.57153039e+00  -2.79821795e+00
  -6.07084748e-01   1.75911201e+00  -3.16137571e+00  -5.45911092e+00
  -3.48318419e+00  -7.08695679e-01   2.03377464e+00   3.02927549e+00
   3.15195911e-01   3.98750182e+00  -3.27653088e-01  -5.54669342e+00
  -1.62387165e+00  -7.25989432e+00  -1.68991329e+00  -5.38924109e-01
   2.40159604e+00  -4.53537056e+00   1.44683082e+00   2.54266513e+00
  -2.56910410e+00  -4.10846072e-02  -1.50802513e+00   2.02891694e+00
   6.05088702e+00  -1.94385297e+00   1.51760925e+00   2.61039034e+00
  -4.79668071e-01  -2.21410864e+00   5.45085747e-02   7.34623290e-01
  -2.50320919e+00   1.57338010e-01  -4.84316303e+00   2.14597085e+00
  -4.88846170e+00   1.38255512e+00   2.59062047e+00  -8.11983491e-01
  -4.84985279e-03   2.27709113e-01   1.33075226e-01][ 0.29799592  2.52078355  4.79621162  8.66162487 -0.94782748  5.87650107
 -0.72363269 -1.76831861 -0.87332867  6.77019981  2.42145918 -1.50710208
  2.8640358  -0.43824843 -3.51106461 -6.21037502 -2.4902945   3.36300486
  4.42948385 -2.44425302 -3.48532453  0.2756931   1.92890851  0.7132664
  6.94456329 -4.27321962 -1.83501946  2.058319    3.08092592 -2.05887533
  2.63036273 -3.33947546  2.15694987  0.47579293 -0.03294754 -0.67580391
  2.2037189   3.5243435  -2.35042891 -3.5356541  -1.14504627 -6.20513897
 -0.55962321  5.97203284  2.53500039 -2.15599644 -1.89793783  1.34636468
 -3.20644372 -2.78754514 -0.33309353 -2.91645794 -4.0546166   4.47999233
 -0.21659527][  0.37347651   4.70269052  -5.33023576  -1.59457379  -2.06589791
   0.88162596  -1.47468553   3.35223462  -1.28780951  -4.66507545
  -6.22158148  -3.45811446  -3.49753476   1.28905129   4.14067815
  -2.38115168  -3.39427549  -4.18474143   7.01893201   2.82747622
   2.76800036  -4.55751191   0.04973161  -0.29703143  -3.95576348
   0.11114144  -0.04059925   0.067981    -1.37187446   1.24614146
  -2.25526754   3.17726344  -3.38367144  -1.64953738  -0.55639838
   1.08198237   0.75683297   0.9608606    0.73882796  -2.28558909
   2.97667017  -2.79061243  -3.06973554  -0.72521589  -1.74788658
   1.30806608  -1.26885366   0.15484759 -10.1784163   -0.32553446
   0.33205242  -3.67255917  -0.31646179  -1.19351192  -2.04618298]
 pesos capa salida
[ 1.16817151  0.09733641 -0.05260532  0.41345624  0.5403443   0.9769309
 -0.09966338 -0.11637177 -0.05926403  0.26775941  0.15107207  0.86058241
  0.04721288 -0.59545763 -0.4556254   0.14949826 -0.62799255  0.54157602
 -1.5468029 ]
 biasCapaoculta
-1.2298532547352368
 biasCapaoSalida
1.6949218990014534
 mejor error
115.7726473347924
 Precision 
0.6733275412684622