
 fecha de inicio Wed, 10 Jan 2018 14:12:56 
 fecha de la generacion Wed, 10 Jan 2018 20:12:53 
 generacion: 3099
 pesos capa oculta 1
[  1.26634325   2.79497043  -7.28744346   6.78755555   7.68038982
  -0.24094509  -1.71704072  -4.80675805   1.65095754  -8.94848625
  -8.02055177  -0.30223579  -9.44179224  -5.93599928   0.32621753
  -3.25750394   1.69898717  -9.57956001   5.17203806   1.93052476
  -7.31332857  -1.54679655  -3.4198602  -12.59627561  -1.17253257
  -6.77525886  -3.18017039   2.94213434   5.78399624   0.46340038
   8.77024629  -0.91666046  -1.43512487   4.07661486   0.02002932
  -8.85925003   3.88907196   0.50147228  -5.37172148   2.07137715
   4.7563534   -0.42556589  -2.13759353   1.67744821   8.07076449
   4.68479579   5.38960358   0.35879315  -9.46136535   8.68719108
  -2.50062315   1.85646129  -2.94743372  -0.39477496  -3.14632257][  2.41080272   3.29289845  -5.40850464  -1.22938666  -4.53106505
  -7.3972315   -5.55754539  -7.36266015  -2.28707931  -2.32012521
  -1.96969177  -1.60958729   6.51933857  -3.99802074  -1.21515746
   2.33666289  -8.78006283   1.5865517    3.22689002   4.27507514
  -4.97973183   7.19170373  -6.41940808   0.11851256  -6.39891181
   1.8853331   15.28283373   0.59497074   4.15879127  -6.09520302
  -5.62106002   3.05741471  -1.52040178   8.44087957   1.25554038
  -4.36204434  -2.14704493   4.57145553  -5.42302344   0.29780009
   2.97701687   5.82085242  -2.41677985  -6.70477862   4.16729011
  -2.72450733  -5.39396353  -2.11530203  -6.34105635   9.17893935
   1.09757749   8.61122412  -2.51603955  -1.88806537   3.70600101][ -8.20257377e+00   8.62573932e+00  -7.77279569e+00  -7.42997627e+00
  -6.36747396e+00  -2.68409013e-01  -1.14471136e+01  -2.12565918e+00
   6.30249256e+00   6.16471479e-01  -1.33415574e+01   1.02134784e+00
  -3.85430903e+00  -1.63169789e+00  -4.58313797e+00  -9.51307776e+00
  -9.39504177e+00  -1.81995464e+00   8.95942857e+00   4.42077204e+00
   8.08040948e+00  -7.15967910e+00   4.39294593e+00  -2.72940742e+00
   2.34321257e+00  -1.53923978e+00   3.96322609e-01  -5.87067222e-01
   4.77584457e+00  -6.62394639e+00   5.76110408e+00   1.33869040e+00
   6.18432667e-01  -1.21867806e-01  -5.28475570e+00   6.34117721e-01
  -1.38692303e+01  -1.28419837e+01  -6.80161363e-01   1.63966307e+00
   9.73046369e-01  -8.11198139e-01  -3.82022362e-01   9.75516092e+00
  -3.62705113e+00  -8.84355916e+00   5.42590871e-03   2.51230567e+00
  -1.03233691e+01  -4.31760699e-01  -8.68723292e+00  -3.98319226e+00
   1.25812389e+01   6.96963726e+00   6.99369974e-01][  4.02645023  -2.72644735  -2.49178828  -7.37051052   8.14013942
   2.41437818   1.83034747   0.68290745  -6.42870036  -5.89538421
   3.55603413  -0.65490578   1.91925324   4.24073883 -13.52650235
  -6.97106373   4.63347976  -0.18110838  13.00876282  -0.15111002
   2.41123895   2.92279991   2.27624584  -6.53323198 -10.11362718
  -5.93958764  -5.04880453  -9.22172375   6.34949551  -1.39146608
   1.90230148   2.05793427   1.63450998   3.76768937   9.88772363
  -1.51535517   0.41779448   5.35350492   0.78836928  -2.2363707
   5.47134294  -7.446937     0.3377707    6.83298436   3.13908801
  -2.24187773  -1.24412116   3.84319278   5.11097523  -1.51617861
  -3.37512174   7.01254738  -4.98386214   2.53774763  -1.20842866][  1.70666524   3.07957812  11.59612045  -1.9155351   -8.92725224
  -3.49896811  -1.34498186  -5.21464817   3.32062079   5.79982338
  -1.67698513  -0.16434183  -0.97461042  -3.71199114   6.03341912
  -1.12578982  10.08598554   5.69495388  -1.48071386  -0.69956098
 -10.7786572   -0.70882354  -1.03764358  -6.05496659  -4.17196728
   4.29621301  11.2094278   -3.05688746  -3.98028171  -0.62683116
   4.43469916   0.36016524   5.75833515  -6.98826193  -4.53527706
   2.16567329   1.47546034   5.21127897   1.01438056   5.58198449
   1.24709008   4.82843159  -3.09710554   0.72478742   1.22010774
   1.89958814   5.93581762   3.56857923   2.6021461    4.17236298
   4.22857374   6.41465029  -1.02894214  -0.53678912  -1.94493975][ -6.98279534   9.98673556  -4.61419477   8.92041851 -12.00941238
   1.66771857   1.2541913    2.47677055   5.63875242  -3.57796338
  -7.33536064   4.45422632   1.67157934   1.05943631  10.76988847
  -0.13783794   0.81609266  -9.33516368  -5.99023392   6.05825589
   7.82313784   2.38431558   2.79161831  -0.71994282  -2.82376035
  -3.31076906   1.49716504  14.94157311  11.07875087  -4.43727316
   5.40883516  -4.89768974   5.6581925  -11.07664572  -0.82565884
  -0.40691506   1.81264488   0.43398228   3.40705393   3.01357081
   8.35293358  -0.62345202   5.11646701  -5.37877293  -3.73500485
  -2.70136086  -2.05674418   2.05218744   7.45653908   3.32334572
   0.28719418   2.94769806   3.74270894 -11.18705253  -1.45572187][  4.18754076  -1.03681046   0.1294873   -8.06225135   3.29806449
   5.50723804   4.66936949   5.00362997   7.35891863   4.49996547
  -1.88543354   4.73722325   4.27481422  -3.84783984  -8.83616848
   1.501835    -7.06476104  -6.28465299  -5.44229063   2.67766018
  -1.07349065  18.66241586  -0.70030663   5.21127319   1.37241636
  -4.2370614   -2.17598562   2.94834646  -4.05620123   4.83145999
   2.34903406 -16.63654477   5.67509346  -8.25974784   6.255766    -2.2438859
  -3.70861169  -3.01171117  -6.90143698   5.83986724  11.35569059
  -1.116824     5.73368682 -10.49150449   9.38475001  -1.75563853
  -2.13033551  11.30241434   0.51126659   2.5937048   -2.59633128
   4.66856941  -9.50417914   5.13347913   8.44890094][  3.21198688  -5.54872996   2.0412674   -1.25060418  -5.14700229
   3.14915327  -7.7630265    1.74088264  -3.08870261  -4.41035355
 -13.37110923  -5.28507901  -7.81081864   3.72140306   0.14956681
   5.36593226   2.56125632  -0.84211858   2.26264058   4.89400324
   3.13417729   1.14593676   8.71758683   9.16201299 -10.48436233
   1.72463062   0.08135487   7.84753449   1.3260155    5.40346709
  -5.56056153  -7.70088591  -3.59592756   4.55973224  11.33767791
   2.50267469   1.34387629 -16.04131887  -2.59190135  -7.38431483
  -6.83944978   0.38867239   1.1905556    5.13168544   4.86971508
   2.84438661  -1.81559589  -8.06584295   0.29234088  -1.06387071
  -2.39799796  -3.45542256  -1.65680705  -0.52378635  -2.80627733][  0.99487458  -0.09378598   6.18090995   9.3334979   10.76917496
  -3.16589829   2.49656974   0.68468952  -5.56113536  -7.35034485
  -0.65627972  -3.41688029   6.34087543   5.80928174   0.09627303
   2.21485736   6.49443579   0.90340949  -0.21916252  -1.11629151
  -2.02284314  -3.88656655   7.47932956   8.79860871 -10.16408602
  -4.79086944  -3.07662332  -0.77552986   2.1359273   -0.43938218
  -0.26416962  -0.31511703  -2.27936615   7.50870226  -9.28574173
   0.81679381   9.76499202   2.89217613  -4.11345062   2.54888946
   0.43531552   1.43858191  13.42090623   3.04553977  -0.40822293
 -12.30582457  -0.35300553  -5.37162218  -6.23012567  -8.01981498
   6.91483539   7.18989056   4.63566901  -1.51536958  -8.52567723][  1.35890591  -3.49227339  -1.57963268  -1.4050733    1.79812165
   5.9050505   -1.93054959   1.33231315   8.32784182  -0.66434293
  -1.32562134  -0.49903353  13.31392817 -12.80756342   1.45107412
   4.38103355   4.31527403  -1.03871145  -3.88800448   2.62838013
   4.40933203  -5.56349254  -6.19688366   2.92104385  -1.40216471
  -0.09244831   6.83688184   4.00773654   6.85738011   0.68626733
   2.73642746  -1.0326388    3.69794482   5.16920947  -1.78456077
   4.45464913  -0.6509034    2.04492098  -2.36386312  -8.31213347
   0.26326341  -9.26409739  -0.94352284  -3.37786283  -0.7806102
   1.31123002   3.05864471  -3.34450307  -4.26054509  -4.45666205
   9.82514022   6.43012727   1.14370801  12.26467808  -0.97422047][  1.17369455 -10.84662601   5.57217346   1.0781045   -4.05318376
   7.30561925  -1.05705709   1.68481059  -0.72903018   0.92689408
  -1.54784315   7.52194249   9.05267181   6.32849736  -2.9019772
  -6.22434503   3.53109133  -1.99767701  -0.419704    -9.93387324
 -11.12872558  -9.4710356   -5.259578    10.22112001   0.336638
  -5.77327819   1.69134385   5.08588687   3.93786849  -3.50231699
  -1.4327559    3.81139306   1.45898916   2.09718046  -6.48344969
   5.38979638   0.09461089   5.96185462  -2.00074984   0.3378462
  -2.59348738  -1.49168289  -6.68995825   2.90955714  -1.84701612
  -1.27315834  -7.41545377  -3.41157094   5.84412501  -2.44362793
   3.76670263   7.56509456  -3.12056805  -1.4739723    4.62081902][ -8.51985489e-01  -5.30600254e+00   4.35251798e+00  -1.59318034e+00
   3.93944503e+00  -3.82480514e+00  -9.40088489e-01   5.42176139e+00
   9.75189461e+00  -2.33680178e-03   9.12630078e+00  -6.69856160e+00
   2.15602107e-02  -1.67962694e+00  -7.30367808e-01   4.12013134e+00
  -3.36122914e+00  -1.33148889e+01  -1.41817949e+00   2.23413343e+00
   1.50914938e+00  -5.34901271e+00  -3.97295974e+00  -2.79650636e+00
  -4.98521882e+00  -9.41628366e-01  -1.22988261e+01   1.07037251e+01
  -4.96793329e+00   1.10835902e+01   6.59635418e+00   2.96917743e+00
   1.89538507e+00   4.69291531e+00  -1.05272238e+00   2.79104575e+00
  -1.53837586e+00   4.16750000e+00  -2.49162058e+00  -2.95700383e+00
   1.89152378e+01   3.66166514e+00   2.34537657e+00  -4.69376012e+00
   8.69270805e-01  -3.99516793e+00   4.14696660e-01   5.47850854e+00
   5.73798639e+00  -7.79434021e+00   6.10483922e+00   2.41422087e-01
   2.21680811e+00   6.79556574e-01  -2.54174731e+00][  6.35730708e+00   8.40493405e+00   1.30480091e+00   1.28305698e+00
   3.02603326e+00  -5.02303333e+00   2.62076261e+00   1.62196951e+00
  -2.72393346e+00  -1.30476175e+00  -5.13374807e+00   8.37269286e+00
  -2.99137282e+00  -4.15266255e+00   5.97112155e+00   6.93481389e+00
  -4.75331106e-01  -1.32033260e+00  -2.63239575e-01  -5.72840415e+00
   9.60738924e-01   4.94347618e-01  -4.84467582e+00  -1.51596543e+01
  -5.55682145e+00   3.75671962e+00   1.05329055e+01  -3.80859789e+00
   6.99637500e+00  -4.90905265e+00  -4.81363422e+00  -1.18122450e+01
   8.44633312e+00   4.79361893e+00   3.61465838e-03   3.49600613e+00
  -1.89965010e+00  -9.79176976e+00  -2.34745055e+00  -6.11357511e+00
  -3.02831329e-02   7.19057646e+00   6.37830835e+00   7.31779364e-01
  -5.56421917e-01  -7.33323428e-01  -1.77182889e+00   4.29800494e+00
  -5.91390840e+00  -7.15743291e+00   1.30984890e+01   9.28216219e-01
  -1.63472214e+00   1.17515117e+01  -5.76621515e+00][  0.48939811   0.03552973  -0.29554744  -2.60836419   3.59547595
   8.08701051  -8.93598239  -0.38644049  -8.968778    -9.02287517
   2.35891565  -4.72338487   2.68955085  -0.11708728  -5.27325652
   7.31165474   3.25897057  -1.49396589  -1.09796085   7.95915555
  -1.90279645   7.13271509   1.25450909   6.40753994  -1.08697175
  -1.05859869  -2.54311822  -0.90873355   0.73445869  -2.2872721
   0.22818169  -1.03063303  -0.66158182  11.47320677   6.40336236
   0.56506813  -3.49991688   2.31187767   1.38329039  -3.841652
  -5.04108504   5.51618706   0.02266694   4.2466546    1.49106328
  -4.68041027   9.11459675   2.40037448   3.71990812   4.33624518
  -0.80070042  -2.38063355  -3.45117561 -11.03711628   6.60008517][ -4.16669969   2.86348673   0.15318073 -10.70622931  -5.63826992
   4.47239183   3.77427149  -2.48791796  -4.41000891  -2.05891003
   2.90451123  12.32374775   2.24745814   2.913884    11.86489832
  -8.54307055   7.54196163  -9.64073616  12.41286594  -6.27807213
   1.10988259   1.12772675   0.21615406   0.67288199  -0.08127115
  -2.51910345  -1.64473179   0.99337337   4.08309842   2.64907421
  -0.31887312  -5.1956362   -2.60322893   2.59477506  -1.59886336
   2.66420118  -3.29885959  -4.7664585   -9.51497391   7.26622273
  -9.52535893  -0.74320974   1.61901371   2.5529595    5.06210183
  -5.13777136   0.67958167   8.29055995  -5.55006627 -13.00101198
   7.23585779   3.1756598   -4.97983891  -4.07124739   0.98670269][  2.25492172   2.3265849    2.2757543   12.02589288   9.44623242
   4.38803243 -10.34364396  -0.33636453  -6.57691566  -2.45919143
   4.07954413  -4.20639839   3.79485377   1.621377     9.37717143
   4.15647726   1.86523055   6.87281738  -0.60983416   3.06207142
  -9.24514984 -11.74979091   8.47423222   1.47784968  -4.84096301
   4.4319034    3.75156824  -0.95557765  -8.10397575  -3.47893267
  -2.00866486  -0.76715571  -1.70518836   1.34267185  -3.33764827
  -5.2721003   -1.23379894  -6.85302975  -0.89371496  -5.78544975
  -1.58490689  -4.57590331  -5.03230155  -1.0680115   -4.92708568
  11.47238269  -3.12812374  -4.52194954   1.06486892   0.34328637
  -4.28681794   3.38204194  -2.05660837   6.90445131  -6.97363652][ -2.94440742e+00   1.74460420e+00  -1.05711504e+01  -1.91227076e+00
   1.78219830e-01  -9.03263082e-01  -6.73354271e+00   8.52194550e+00
   3.54410090e-01  -2.60611717e+00  -4.97565884e+00  -8.71564647e-01
  -1.37332095e+00  -7.91884040e+00  -4.50971207e+00   7.19812055e+00
  -1.22024306e-02  -4.78272838e+00  -4.83966873e+00  -9.10296439e+00
   2.21141312e-03  -1.17453555e+00  -3.05874307e+00   4.90834270e+00
   4.25974659e+00   1.27201555e+00   2.78636760e-02   1.01686953e+01
   7.44219277e+00   1.53062709e+00   1.44419328e+00  -4.70516052e+00
  -1.38832902e+00  -9.58177875e+00   3.86810174e+00   6.20573898e+00
  -1.77580224e+00  -1.55890030e+00   1.54417253e+00  -1.67802128e+00
   1.37278632e+01   5.68697696e+00  -4.92535590e+00   7.09391740e+00
   2.56760719e+00   3.28929866e+00   2.48184774e-01   2.40301877e+00
   5.88298024e+00   2.45564760e+00   4.51990639e+00  -5.45935899e-01
  -2.88610851e+00  -1.06379934e-01  -1.36917250e+00][  2.10911381  -6.73768421   3.83833339   4.92932357  -0.12790134
  12.27347774  -6.82619446   3.51263409  -1.25853282  -1.95024537
  -1.10129561   4.95104347   2.1654948    0.18182979  -8.59350659
   5.32863742  -3.96201164   8.50720388   5.67408544  -8.42813162
   4.05262962   7.09594887  -4.86197955   2.24722299  -7.07041633
  -2.34963431   7.06714478   3.08247875  -1.52674738   1.23818623
   7.85825258  -3.23937035   4.81297865   0.61650403   2.715024
   0.69874294  -3.54634707  -5.03623585   8.19660464  -2.72330987
  -2.15990082  -8.53421596  -4.39421843   1.1366468    0.77639116
   2.81920895   2.76061054  -1.80477021   4.27098203   2.48518741
  -1.54762469  -1.72581828  -4.43455318   6.7299504    9.63957887][  6.22541304  -2.2011786    3.21544683   0.33375387   4.50622676
   8.22495799   6.87561192   2.68620573  -5.61734307   2.06751475
   1.71205062   3.28624394  -4.7954638    3.348901     9.03626083
   5.24198408   0.71500746   2.82294527  -0.50542413  -2.77202802
   4.90726125   6.86028911  -1.42497599   9.06440081  -0.77019911
   3.10611935   4.00842132   4.23904933   5.2167409   -8.55293629
  -2.51262099  -5.45242203   7.17309043   3.32937527   8.20451316
  -3.05252037   0.96043168  -2.27965381   1.52420744  10.96806762
   9.6596144   -0.26382752   9.56301764   4.22439911  -8.1770839
   1.42940707  -5.67496111   3.1730998    0.45116533  -4.84411989
   9.29579176  -2.69191403   5.71897186   5.32041226  -4.3288146 ]
 pesos capa salida
[ 0.0736999  -0.26280841 -1.33574728  0.24582648  2.04375713 -0.00462567
 -0.76519235  0.50568166  0.53954423  0.12571501  2.0201884   0.14009361
 -0.60376873  0.12841709  0.70057027  0.19947326 -0.62226463  0.02925267
  0.55411306]
 biasCapaoculta
-2.622655101293327
 biasCapaoSalida
0.9508306970742461
 mejor error
129.60248674840616
 Precision 
0.6403127715030409