
 fecha de inicio Thu, 11 Jan 2018 19:04:25 
 fecha de la generacion Fri, 12 Jan 2018 01:03:58 
 generacion: 6772
 pesos capa oculta 1
[-6.80959739 -5.05329318 -2.802504   -1.94196336  1.0077735   1.20480394
  2.11329877  0.95632173  3.09243205  5.72671379  5.94157417  0.35514042
 -5.90950929  4.3912195   0.65521901  4.41827842  7.44132732  0.6704805
 -5.05608496  3.54840251 -4.66531477 -3.48795657 -2.6668289   2.49957946
 -2.73804362  0.05369179  1.53255929  3.7078327  -0.8206919   1.51372672
  3.01522135  0.87687976  3.59697744 -3.19390424 -0.91732668 -1.27756291
  0.33166299 -0.5918144  -0.20646974  2.14419708 -1.5543986   3.03563261
 -2.42146218 -0.40218192 -5.23789961 -0.15589438  1.20876376 -7.87625286
 -0.32238009  2.17245135 -4.8728271   4.99480276 -1.07808265 -5.37780472
 -1.69962043][ -7.82800111e+00  -5.13785419e+00   5.36218879e+00  -2.02489082e+00
   3.17269750e-01  -9.30536882e+00   6.48465034e+00   1.24305919e+00
   3.87167030e+00   7.86307730e+00   4.33598538e+00   8.23833142e-01
   9.74508910e+00  -9.81512146e+00   2.20496390e+00   1.09053530e+00
   1.85313963e+00  -4.03227136e+00  -2.68873514e+00  -2.21833804e+00
  -3.40353545e+00  -1.29177013e+00   7.30550167e-01   4.44311535e+00
   3.82865037e+00   2.29054738e+00  -3.47257414e+00   4.78401411e+00
   5.23649612e-01  -3.69872753e+00  -2.18738533e+00   2.06501593e+00
   3.74296925e+00   2.55291517e+00   3.84910902e-03   8.81641955e-01
  -1.36279483e+00   5.68009248e-01  -4.07690453e+00  -1.69260222e+00
   6.14606488e+00   6.53794200e-01  -2.12405467e-02   1.29882286e-01
   4.31600871e+00  -1.49358763e+00   2.25121162e+00   3.79776433e+00
  -3.99380292e+00  -1.77686705e+00   1.52185687e+00   1.88529480e+00
   4.41695448e-01   7.35806571e+00   1.27113108e+00][-2.61234059 -8.13615343  3.26274482 -0.88841035 -6.82336693  0.97472019
 -2.27964113 -1.45850905 -3.69231358  4.41174079  0.65864441  7.56336164
 -4.90155816 -1.24358868  3.50063482  6.68645585  1.70826555  0.09044189
  7.45610145 -1.06861108  1.38993806 -1.13599352 -6.52844728  0.3995185
 -3.89324458 -0.39659023  0.24319005  0.26486437  2.39592379  0.08922567
 -5.31058499 -1.81960633 -5.13660372 -0.60975582  1.29655378  1.35349668
  3.14242197  6.01943715  1.4445705   0.70714388 -2.33548987  2.14472225
  1.00903947  0.70599537 -0.60330363 -1.01998992 -0.29272426  2.87141773
 -1.16877818  4.86859543 -2.74980058  5.00917906 -1.75110731  1.8620935
 -1.26091315][ 2.09057049 -5.88549332 -6.98455762  0.97711887 -1.71429305 -1.08788224
  7.98059009  6.38305824 -3.21396354 -2.34739433 -7.56740413 -1.31019854
 -2.94134358 -6.67932992 -9.99517318  0.50800592 -2.63068635 -2.64589837
  4.0376542  -1.4482245  -0.86249211  5.76986094 -1.37351447 -4.98538069
 -6.5913902  -0.13213369 -6.62133911 -2.67710234 -3.78727006 -3.84417625
 -1.72996652  5.13400245 -3.97018069  1.72413736  3.42218762  3.62222221
  1.85645453 -8.10994466 -3.65109962 -1.96172351  0.93604908 -2.96789443
 -5.3710775   0.77747259  3.2042913  -0.18899141 -2.0725516   2.30875828
 -0.13950619  1.29492118  1.78384931 -4.38138127  2.39401795  0.59421256
 -1.76089343][-2.45998389 -2.53608502 -1.64188025  2.44925164  5.57828219  0.46908254
  3.15556239  3.38513212 -2.10021198  0.94097917 -2.65525279  0.30374868
 -0.65829193  1.76839852  0.32685066 -3.93798878 -3.88715027 -0.47921509
 -0.65834914  2.48868868  4.10066859  5.93935342 -1.02534387 -4.65654532
 -0.76566806  2.93696966 -4.31401839  1.85035457 -5.45959976 -0.78244446
 -5.54406855 -4.15351679  2.91991457 -1.23580519  1.01161005  1.6149875
  0.04294789 -5.22059897 -3.76027638 -1.02041272  1.00807683 -2.39386354
  2.16040416  4.50955     0.12882074 -9.94238732  2.42149661  0.59488423
  0.35660795 -5.15157011  4.33876726  3.57543309  6.91343455  1.32741282
 -2.12870122][  2.61911658e+00   5.27104923e+00   2.04178725e-01  -3.57806173e+00
  -2.08683224e+00   2.20018294e+00   2.43804370e+00  -8.88588313e-01
  -3.51762236e-01  -1.27089005e+01   2.12102670e+00   2.37079173e+00
  -2.00189165e+00  -7.83964950e-01   4.55232911e+00   1.56551688e+00
  -5.17142940e+00  -3.03637061e+00   2.34393029e+00  -1.53681067e+00
  -9.19488529e-01   4.59422556e+00   4.96848099e-01  -3.58640191e+00
  -1.36333445e+00   2.57678563e+00   1.94474737e+00   2.15042878e+00
  -1.45774106e+00  -7.38286858e+00  -5.34033444e+00   5.55147195e+00
   6.43845325e+00  -3.35636025e+00   2.28575329e+00   4.79354014e+00
   4.46811686e+00   1.11493604e-02   6.29066379e-01  -8.40296761e+00
   4.39630771e+00   4.23470902e-01  -9.07484511e-01  -3.56100673e+00
   4.05000501e-01  -8.16643398e+00  -4.80204770e+00   9.39088851e-01
   7.58107222e+00  -4.13266129e+00  -6.40280359e+00  -1.23181745e+00
   1.12762523e+00  -8.29524376e+00  -3.48837055e+00][  3.52985419   1.41281003   2.49991439  -1.296037     2.56046341
  -5.53446484   0.51080082  -4.06442613   3.14587737  -1.2474264
   7.05130424  -3.51211374   5.66933669   0.93134123  -2.09590205
   2.54340161   4.36157073  -6.2328874    8.48998009  -0.3616832
   1.8149413   -5.8331735  -10.55872083  -0.64579022   3.01543775
  -0.18114515   1.93679257  -3.36642365   1.10232967   3.12874899
  -2.64213973   3.33000604  -1.14449185  -5.64351746   2.60108759
  -2.06505434  11.29191916  -8.86821814   1.0018048   -1.85210485
   5.8229097    3.40735465   5.08129911  -2.92030698   1.2982962
  -1.32269579  -6.76873995  -4.34317113   1.61120735  -0.43052003
  -2.62155189   3.28491517  -7.15710821  -9.06800076   0.35868693][ 0.69154056  4.79872445  4.84851725  8.99731141 -3.83924509 -1.51405304
 -3.49396518  4.91280278 -6.64797892  5.52853444  7.58016596 -4.59772834
  3.02991678  0.20229888  0.21279252  1.4945672   4.8881708  -1.68993778
  0.66259019  2.14146544 -3.04676225  1.39917181 -4.03176313 -0.98925118
  2.49971735  0.91700683  3.78906558 -4.92339467  2.51304778  1.93910711
 -4.10019312 -1.34893518  2.07962346 -0.8755017   0.92400961  0.53046725
  3.46474582 -4.17226089 -1.23440609  3.70413419  2.33292131  6.06248714
 -3.10921531 -1.31834314  4.90012901 -0.42769155  0.64188899 -0.12392075
  4.72664092 -3.01484615  2.52880611  5.42602568  1.6512703  -1.80926645
 -0.26952526][-3.82753917 -3.66371482 -4.06370716 -2.59718414 -4.44220283 -2.35473285
  9.83265781 -1.65400952  0.92237521  1.68379226 -5.80766139  0.57607148
  1.83197766 -8.44582517  0.98178625  3.26483925  1.49115161  0.09790293
  1.9561964  -1.15778925 -7.64597777  2.30769494  1.05055317  5.54571774
  0.69287346  2.40386026 -0.06844524  1.55766058 -1.80329345  2.68694977
 -0.62943105  4.31422251  5.71741154  4.21259105  3.17102815  1.38791664
 -1.17932921  3.77009184  3.59927507  0.86687322  4.86059598  2.10683527
  1.38966824  2.09278743  2.83002083 -0.04119662 -0.3027936   3.28333798
  3.78454293  1.15903381 -1.09540018  5.26864233  1.12975361 -3.38422471
 -6.81434064][ 0.24497811 -3.16216053  7.2738486   5.80865345  1.98934669 -0.58135787
 -6.19552693  3.76127293 -5.1927587   5.66404432  0.53567392  3.66346765
 -1.03394605 -0.64331663 -5.92021285 -1.11060201 -3.98477945 -6.97229129
 -2.79057473  5.82519272  4.63634108 -2.04555044 -4.77573417  8.61451229
  1.76394068 -0.40324014  0.95119293 -7.62704858 -0.34886514  2.08501899
 -3.18760565  1.88961938 -0.44131915  7.68831536 -4.12174652  0.89730217
  0.2657531   1.91155832 -1.34112089  2.53015368  1.00326644  2.79784213
  3.65820673 -2.88725794  0.38514877 -7.43203802 -2.58970596  3.63958958
 -1.9611799   5.51492649  3.98018827  5.04679086 -1.87730486 -1.96759714
 -2.01649463][ 5.36734233  9.58134462 -0.48222794 -1.34227008 -2.22917801 -3.16957497
  0.5221991  -6.11852284 -2.39426048  1.57223668  2.46014216 -6.12973702
 -6.12642923 -5.01149659 -0.53246897 -0.13401726  4.24549272  0.24052014
  3.04815772 -4.17130597 -3.72252098  1.32852285 -0.3547707   5.0771304
  2.50134245  0.94445815  0.4550052  -0.82918806  7.52080114 -2.94344534
  4.79045461  4.2499553   2.09822746  0.65148382  0.21532648  0.67745901
 -1.63435976 -0.42051768 -5.45407072  6.01792113 -7.99404071  0.42133485
 -4.24392705 -6.81583737  3.93222293 -0.59939369  4.52196846 -4.27891106
 -1.78929731 -0.93940376 -1.75808875  3.43694462  6.86499815  0.12618265
 -1.92667786][ -0.78250587   1.61000197  -3.8171193    0.6665101    2.47205816
   1.2506709   -2.06400251  -2.45787519   4.82496805  -2.02206504
  -4.51000078  -1.76158717  -3.66327706  -0.5173654   -7.37128019
  -1.61143958  -0.29480557   2.3231252   -7.34603361  -2.07498367
   1.79648461  -4.15915679   3.87037092  -2.94063665   0.92857075
  11.68221859   6.04319072  -4.79916191  -0.14907691  -2.77477453
   2.08515942  -5.84701645  -0.97135104  -0.85559833  -3.69137591
  -3.80799873   3.14360658  -4.3275382   -0.12597099  -4.54889853
   2.04575851   1.47728594  -0.38161902  -1.23778868   4.00763125
   4.89992667  -1.42061097   1.64632698  -6.10982317  -2.67690448
  -0.05270286  -1.72845342  -3.1470371    2.14279195   5.24911249][  5.05504440e+00   1.01265102e+01  -6.82561471e+00   7.17839630e-03
   2.09586908e+00   2.43871303e-01  -5.04671605e+00  -3.82960952e+00
   1.11791762e+01  -3.89676368e+00   5.62223904e-01  -1.74049921e+00
   4.28453287e-01  -2.74517390e-01   2.31987242e+00  -5.33573361e+00
  -1.00825492e+01  -9.10627870e+00   3.46981227e+00  -4.82614458e+00
   3.23988144e+00  -2.66140999e+00  -4.37336599e-01   1.23377045e+00
  -1.10264849e+00   2.24253873e+00  -2.49507740e+00   2.14844997e+00
   2.81327940e+00   1.46382818e-01  -3.66745115e+00   3.71234523e+00
  -4.45585358e+00  -1.13848791e+00  -3.67543840e+00   1.02371798e+00
  -1.77040554e+00  -2.14527647e+00   4.86753716e-01   2.70230792e+00
   4.39815168e+00  -3.37104733e+00   4.76717980e+00  -7.22750786e-01
  -4.39806945e+00   4.27829298e+00  -4.18449693e+00  -3.74197936e+00
   2.69042062e+00   1.11112428e+00   2.55868455e-01   2.69729441e+00
  -2.92822329e+00   3.60041413e+00  -1.04577173e+00][-7.34523957 -0.29654396  0.74512539  4.44027761 -2.4332624   1.84371253
 -4.66831063  0.63732364 -1.46781623  4.19188957 -2.82579021 -5.5018511
 -0.19482395 -0.25699883 -0.78860034  6.57162792 -0.65429716 -0.14239435
 -2.1682025  -4.23530616 -4.39817474  6.29536592 -9.89187675 -1.52761197
  5.75868333 -2.32539878 -4.89869356 -9.68271078 -1.33609809  6.51416631
 -0.52771233  4.76867334  1.05559687 -0.93126799 -0.90076742 -4.02012087
 -2.99466585  4.28517119  3.73861528  2.59140781 -0.28958017  0.23720116
 -3.93924898  4.06539853 -1.55983838 -0.81406664  2.13166876  3.42474611
  0.5666335   3.70323336  0.55403993  0.31337334 -3.11690994  1.67209948
  0.55243507][  4.91103121e+00   1.44958913e+00  -1.67981524e-01  -2.08505562e+00
  -1.05358219e+01   2.43911021e+00   3.28630833e+00  -1.56981857e-01
   1.38604468e+00   1.65669459e+00  -6.65093005e-01   1.73757301e+00
  -1.90910238e+00  -2.70800757e+00  -6.20968002e+00  -5.88708083e+00
  -2.55087247e+00  -3.69536967e-01   1.59615785e-01   1.57879716e+00
   3.07545402e+00   3.88120708e+00  -2.04626139e+00   7.03560222e+00
  -2.61291696e+00   1.02304093e+00  -3.04285282e+00  -5.65513816e+00
   3.30878661e+00   1.17077356e+00   3.88878487e+00  -7.97316042e-01
  -7.45230712e+00   3.24667221e-01  -2.66089646e-01  -1.04811814e+00
   1.53087591e+00   1.52597717e+00  -2.63112258e+00   5.41920642e-01
   2.95231513e-01   6.78212055e-01   4.44327366e+00  -2.66894902e+00
   6.51865614e-01  -9.33849327e+00  -1.94321932e+00   2.06025168e+00
   9.52687855e-03  -8.77178042e-01   2.24797338e+00   6.50595467e-01
   4.75904185e+00   1.75359212e-01   5.25961437e+00][  0.67705937   4.28558271   1.47844757   0.40884481  -0.11856043
   3.47132788  -6.78013017  -0.77486426   2.03704317  -2.93306932
  -1.47728189  -0.15629387  -3.87066641   7.17956635  -1.92205757
  -0.3365059   -3.81106115   5.55915211   1.57406321  -2.6305815
   1.54893985   5.04185455  -5.40362876  -6.4797961   -1.13013288
 -10.02163497  -0.45727924 -11.21683743   0.40526573   6.80024101
  -2.36481684  -1.44202054  -1.00526662   5.74364682   3.54634153
  -0.0394098   -4.36636886  -1.91163401   1.14291087   2.79962168
  -0.75130128   0.38902219   1.52816062  -2.36222494  -5.50574356
   3.51133254  -2.84571915   1.24157544   3.43849353   0.11338976
  -3.14880101  -2.20514638   1.36672     -1.02358587   2.2108778 ][ -6.3556888   -3.50017728  -1.7998151   -2.02558304  -2.22850844
  -0.96298271  10.4482769   -5.52538565   3.49663164   2.82481345
   9.03579205  -2.54580247   2.40809984   2.45345969   0.95145413
  -2.68720701   8.09731304  -6.2111066    5.67924177   6.92157973
  -5.09785883   1.92013425  -3.83082551   8.91102522   0.93727873
   3.30225075   3.78311306   0.78095593   2.31193177  -4.27490952
   3.17832444  10.05061499   0.54209428   0.13667601  -0.80712367
   3.09633399  -3.55993727   1.91128637   1.45535346  -3.06363685
   3.37119303   0.71243454   2.82820165  -2.9586213    3.02944804
  -2.54542455   2.19479001   5.27423628   2.82936473   4.36540985
   2.34418819  -3.21815256  -0.20486406  -1.75059334   4.97770913][-2.47521541  0.85054855  0.48976497  2.80345022  1.30739436 -1.08547412
  2.37500358  5.31542948 -0.0514108   0.80585357 -1.68430329  0.84785203
 -2.24832415  1.72501409  4.01212192  0.19533678  2.16594593  0.1237956
 -0.48056478 -2.26587808  0.064483    1.24753492 -4.0139031   3.88117078
 -6.92252017  4.22228963 -7.86536831 -0.52202763 -1.7827542  -1.01340391
  0.63030893  6.12410609  2.58671695  0.58320585 -0.47583745  0.67098209
 -1.31379676 -3.1326224   4.66487382  4.38225298 -1.86091687  0.70400439
  6.82636461 -0.69605399 -3.07261821 -1.42518238  1.24936391 -2.51130216
 -4.50380722  1.12263888 -0.03853163  4.08386249 -0.8768609  -5.67955342
  0.17458726][-0.91469849 -6.48675296 -0.51866163 -3.1103643  -5.85199166  6.2438782
  4.32135124 -0.09629021  0.37638729 -0.84902069  3.86604107  2.39690377
  1.41986125  1.6440741   4.83411975  2.85503972  4.90687187  5.48691587
 -5.1455027  -2.19951746 -2.03324426  2.51749496  0.29115596 -1.43133372
  5.94053136  9.25254473  1.0783202   8.17121114  2.09582747 -2.79836882
  5.40418752 -1.38556732  3.50668377 -3.42005002  1.87530407  2.47599597
 -1.41391332  2.1524789   1.82681918 -5.52017691  0.74342309 -4.48059764
 -3.28343298  1.061842    6.45989792 -7.75936611  0.05823962 -0.10937917
  8.91415898 -1.04209452  0.80789736  3.15105874 -3.56493304 -6.93951758
  3.25146977]
 pesos capa salida
[ 6.59581233  3.48609899  2.23916342 -0.79295544  1.40430033 -2.61037122
  0.21924831  0.62731498  0.92247246  0.34144803  0.07346902  0.90617655
 -0.99126535  0.37847792 -0.40249259 -0.45193836  1.41394424 -1.20515072
 -0.0804245 ]
 biasCapaoculta
-2.7819683777074307
 biasCapaoSalida
2.1011678578086763
 mejor error
104.04681123069402
 Precision 
0.741094700260643