pesos capa oculta 1[ 0.79136619  0.56493521  0.42231746  0.24796511  0.80556979  0.06883864
  0.26791939  0.02681511  0.83125126  0.82877567  0.03087552  0.54498582
  0.30878875  0.82793949  0.55744024  0.8264496   0.61204501  0.10226207
  0.41442555  0.20805467  0.56038729  0.78582289  0.16897581  0.27629068
  0.03282412  0.7976371   0.34110474  0.0158325   0.15568927  0.55477508
  0.74563515  0.07910262  0.39253488  0.33662501  0.87703201  0.44866443
  0.4179971   0.7950795   0.22685945  0.93757097  0.29102814  0.4093308
  0.63633304  0.83005302  0.04904431  0.31969876  0.7598764   0.92500429
  0.38829167  0.71423028  0.78286904  0.15433856  0.87834205  0.98649251
  0.7126763 ][ 0.54653476  0.86455264  0.01869141  0.96555016  0.18035953  0.9799991
  0.14819375  0.52376522  0.75266976  0.90961467  0.29300052  0.80280633
  0.39024268  0.88177582  0.03813164  0.48150423  0.94243688  0.72672081
  0.63525114  0.82954973  0.55915372  0.04007119  0.53093516  0.4080551
  0.34931516  0.32737778  0.91165602  0.44139188  0.81215725  0.8710276
  0.03362984  0.22950339  0.64176708  0.9680537   0.60456573  0.78829034
  0.3573006   0.94832489  0.36792282  0.86111897  0.92846415  0.45034352
  0.8867598   0.09997499  0.83062812  0.63091663  0.08019268  0.11465491
  0.67337095  0.74123092  0.27724646  0.16450271  0.34481652  0.67987131
  0.77993524][ 0.25056973  0.33163816  0.51783087  0.24559196  0.40865985  0.1069723
  0.03983755  0.47042631  0.38461835  0.29093838  0.33804713  0.92539512
  0.78254272  0.84407194  0.64749303  0.72785266  0.3120037   0.51264623
  0.39485987  0.9201094   0.00704706  0.95935784  0.68078399  0.41638691
  0.88747904  0.22968575  0.43497335  0.59386697  0.46833703  0.18986545
  0.64697099  0.66522086  0.39009996  0.245365    0.16293453  0.69697279
  0.77721492  0.69070246  0.32328623  0.79214373  0.68024421  0.97035267
  0.52004666  0.54433393  0.86127071  0.63890263  0.04431746  0.82442623
  0.3329707   0.13964542  0.08561127  0.19409432  0.62812033  0.15238919
  0.39918633][ 0.11889527  0.12250594  0.15377066  0.23751128  0.4970385   0.99247757
  0.07874832  0.81706128  0.76635578  0.26913902  0.78448621  0.61005493
  0.30976015  0.435067    0.38682719  0.93377922  0.1525376   0.78078678
  0.71475971  0.38457227  0.73079146  0.15528437  0.96771652  0.86435361
  0.90752776  0.38313312  0.55817631  0.3213336   0.69843855  0.30685559
  0.15901321  0.67579883  0.25475191  0.36452691  0.90286008  0.60444022
  0.90754922  0.02653886  0.42078801  0.67150042  0.53989501  0.83495901
  0.95232996  0.78031988  0.06766192  0.37091286  0.84985469  0.73343566
  0.19883189  0.05596537  0.21526377  0.57848238  0.10476551  0.9808847
  0.6761862 ][ 0.87042002  0.90548622  0.64803844  0.75549243  0.12908784  0.28560568
  0.22911905  0.38683732  0.14378639  0.7878319   0.55657663  0.20610702
  0.62362075  0.05110804  0.55164519  0.69511647  0.94404769  0.89320502
  0.24457266  0.57899491  0.94690568  0.61287167  0.91451855  0.32577486
  0.25714032  0.88239807  0.25287366  0.07632804  0.73591538  0.41947815
  0.1272888   0.06580556  0.55460086  0.21795378  0.5768025   0.3615526
  0.21795317  0.14636572  0.0876749   0.22907177  0.7685768   0.31799501
  0.97121529  0.36820153  0.02839128  0.62509792  0.88682914  0.62221234
  0.95732911  0.03040471  0.17615307  0.07829668  0.06264526  0.67902789
  0.70765043][ 0.17358614  0.94575883  0.89063767  0.47337052  0.25187606  0.17941537
  0.68332605  0.81283445  0.61178     0.50974371  0.01893963  0.96929497
  0.58676516  0.70514922  0.95853852  0.61552073  0.31851562  0.22225291
  0.68508685  0.26984809  0.27299013  0.22703007  0.60642072  0.17274839
  0.9554581   0.58966389  0.49769865  0.95148736  0.66355937  0.55846018
  0.05318325  0.64633961  0.13633859  0.70743646  0.32681188  0.59786072
  0.20393707  0.8766489   0.92803722  0.27345753  0.1328128   0.40074557
  0.21105855  0.10167843  0.48134561  0.87938912  0.72526781  0.26710892
  0.47519742  0.58811929  0.48299061  0.62308068  0.0046458   0.35495298
  0.23332217][ 0.79330737  0.78661904  0.62896912  0.65858626  0.10771953  0.02921634
  0.50491988  0.30680857  0.31902969  0.79669646  0.74198842  0.22343316
  0.82193397  0.94588665  0.7317653   0.94904233  0.93909877  0.85031092
  0.08489083  0.96579032  0.90426833  0.75438136  0.98682858  0.31715862
  0.41923235  0.83901427  0.57889735  0.63430143  0.33028165  0.10949649
  0.86125756  0.76692276  0.55135535  0.67302091  0.60497069  0.0640752
  0.33520657  0.9177406   0.95106898  0.89540239  0.43772231  0.25914242
  0.13287736  0.89467567  0.71054774  0.81018523  0.62468425  0.44794051
  0.33187043  0.66053024  0.68299277  0.68564138  0.70604781  0.46949416
  0.25763056][  1.84384905e-01   7.05129648e-01   3.24727350e-01   7.80497253e-01
   5.55210048e-01   8.36750740e-01   7.53283045e-01   5.11863377e-01
   4.55079282e-02   1.63633868e-01   7.12352607e-01   8.93268534e-01
   5.07889486e-01   6.21820138e-02   6.52272987e-01   3.33831521e-01
   3.07864284e-02   2.47191958e-01   7.06752081e-02   2.65405577e-01
   1.81897154e-01   2.85767407e-02   4.86492582e-04   8.85292302e-01
   5.65044334e-01   7.51586452e-01   9.32173381e-01   6.30174362e-02
   4.40959312e-01   3.28975089e-01   6.73660257e-01   9.60620981e-02
   5.87315217e-01   5.21161110e-01   1.66636057e-01   6.68000326e-01
   3.49010292e-01   1.73838554e-01   9.84667742e-01   3.30558068e-02
   2.70014597e-02   5.00530862e-01   3.10855861e-01   8.44899381e-02
   7.75004915e-01   4.20272132e-01   1.77987089e-01   3.42543448e-01
   5.55054137e-01   6.93364798e-01   7.29473670e-01   8.41777031e-01
   2.29550691e-02   3.30929660e-02   8.63612864e-01][ 0.20781983  0.3772563   0.74085518  0.81415238  0.23486241  0.85815948
  0.66720051  0.92906982  0.47398921  0.44067905  0.4327448   0.13561503
  0.75509892  0.57137254  0.36697315  0.23241558  0.07277482  0.58324651
  0.55640547  0.79924099  0.31307261  0.97354117  0.72634308  0.88730993
  0.97728746  0.82397078  0.14875924  0.07878492  0.44570867  0.22698854
  0.38836543  0.07851858  0.35330312  0.52521039  0.7789769   0.84498933
  0.60929035  0.42487448  0.99866706  0.09895919  0.87957573  0.4591995
  0.96830188  0.14274406  0.25726805  0.60105651  0.13696679  0.32950347
  0.93762099  0.94438832  0.18913452  0.79798792  0.2256156   0.62327663
  0.19219581][ 0.09228789  0.48566921  0.72335079  0.15603721  0.0022686   0.77180196
  0.41080683  0.82252932  0.98304042  0.42004922  0.67209     0.02724473
  0.37612492  0.08218171  0.87970781  0.52994259  0.32198315  0.89695627
  0.93318411  0.26918978  0.28754337  0.33860904  0.58038735  0.92352625
  0.6349859   0.07294722  0.29485196  0.7442491   0.72626522  0.61325894
  0.93077565  0.98464755  0.92940903  0.69509791  0.96094865  0.6259822
  0.32682123  0.9874417   0.33293482  0.72157546  0.12731509  0.05438842
  0.35156507  0.70601858  0.2594724   0.79087619  0.81670911  0.21275365
  0.14264961  0.21773147  0.66883046  0.21259367  0.31289132  0.91322317
  0.05153601][ 0.41785399  0.24866601  0.90047859  0.15221624  0.2634116   0.83363779
  0.72923948  0.13200597  0.84695951  0.77901985  0.70621204  0.85794824
  0.7333057   0.36672841  0.16307561  0.63000469  0.65399071  0.32768485
  0.58806284  0.51800449  0.91618361  0.45567327  0.00845718  0.56326472
  0.42371418  0.92865278  0.51239579  0.56811666  0.21842752  0.98976513
  0.22844768  0.55840524  0.54911712  0.79519968  0.59264214  0.25266647
  0.03873081  0.18763387  0.28522648  0.6475729   0.95730239  0.76782219
  0.76605005  0.44151392  0.96536756  0.1639795   0.33276797  0.86163014
  0.32892468  0.24180674  0.64323665  0.60671813  0.8973337   0.58310289
  0.79383726][ 0.21638262  0.29663979  0.67450902  0.32438512  0.3149233   0.64813068
  0.19231172  0.29427071  0.18327471  0.29231206  0.29967503  0.6143514
  0.48921332  0.66015099  0.36665965  0.45558361  0.86287664  0.98424665
  0.84454379  0.72093674  0.06532358  0.75610053  0.21749386  0.86061489
  0.55197638  0.11891222  0.17172366  0.41492435  0.34508312  0.53129037
  0.93948491  0.86477702  0.89922443  0.61213295  0.3871855   0.90383523
  0.93477691  0.1457705   0.0917198   0.52726978  0.22999347  0.19534149
  0.9070731   0.06859561  0.10236269  0.48059478  0.79944038  0.15581405
  0.64683968  0.35244435  0.97330107  0.82919508  0.90126187  0.82750257
  0.56861774]