
 fecha de inicio Thu, 09 Nov 2017 04:59:22 
 fecha de la generacion Fri, 10 Nov 2017 15:46:48 
 generacion: 392
 pesos capa oculta 1
[ -32.80371151  -52.42088224   32.08430738  984.87323032 -123.03808234
  631.47268883   12.10946588   57.25704507   -8.19348398   64.35936361
  -32.86450288  117.91531456   13.6523297    83.70150856  -32.06217389
   35.38497253  573.78352653  -29.24572739  -15.65638779    6.49859209
  -60.70607914   36.35342062  -27.07505497  -33.63646838  107.5885269
   23.97554929   12.86445993  -22.5719884    44.22276047  116.58530141
  -62.35501553   48.22454215  817.00469054  -51.80930049  -27.2591332
   48.39770371   -6.5500861   124.00244079 -184.84671736  -93.32741958
   29.29780618 -230.42203933   50.7668167    72.32023392   90.71158643
  116.32085479  185.44703119 -110.51729153   93.40467849  157.8403566
   -4.12316666  179.82155295   22.99277864   -7.8367414    75.73438961][  -73.75519735   -43.49810468    35.25319603   -45.60902266   156.07985464
   240.96003042     6.16525372    20.84161727  -132.5967604     79.48855639
    36.25687971   179.97992151  -265.65372311    77.99605801  1786.77439351
  -104.65409369   -36.86055992    -5.65765118    20.67680104     6.03771964
    27.06067902    20.87214419   -47.27597973    85.10727878    95.99015559
   -75.10354371   163.32133513    86.5852798    -70.69095215    20.47299365
    19.76208643   -61.52420319    37.31169741  -133.86262938    36.07880002
    27.34479929    77.91007597  -284.19920818  -346.10097647     6.62975994
    -7.03773504   140.46118158    21.82814699    59.15385735   -41.93908075
    26.31711798   -17.70029374    83.2000837   -232.88135364   -36.60672394
   -48.79454495   -29.91074566  -149.76799008   139.52254     -184.01343385][ -73.37566835 -125.49199736 -352.80499337 -146.67414815 -154.74576955
  137.81469977   40.90260151  -79.03601966 -124.78848532   23.45308057
  -89.37186001 -935.25069647   79.53152239 -176.86039128  166.84673936
  -75.17343017   46.60152444   -1.14954141  214.94520461  -56.14336759
 -391.80932038  193.43432059   -8.58283838   44.72371871 -102.52360293
   56.30754426 -280.64237987  -24.26423071  132.6348139     1.99030682
   45.21871097    6.074664   -340.33559603  -63.7975214   165.75442933
   17.02487341  -13.24456649    4.76000879    5.25973318   69.99603654
  144.17115386   19.59838823   -8.3573821   -26.9283179   -45.55522261
  -20.81588444   88.72831287   -8.37177079  -31.97965807   93.44906019
   -2.57336351   22.07336843 -364.33638764   74.21477238    4.92217428][  9.73470707e+01  -3.22057096e+00   1.08738289e+01   7.59004313e+00
   1.02781738e+02  -4.36657853e+01  -3.09826493e+02  -1.06028280e+01
  -1.79986036e+02   1.55719832e+02  -5.19006188e+01  -5.52077297e+01
   6.44388780e+01   9.57861576e+02   1.09828828e+02  -1.73401404e+01
  -7.46759780e+00   1.21452881e+02   2.03243359e+01   1.26011486e+02
   2.59522048e+01   8.08557379e+01  -6.46510496e+01   1.13363823e+03
  -1.78762668e+02  -1.41463914e+01   3.58225393e+01   9.54168190e+00
  -9.88183804e-01   4.79527064e+01  -8.96190916e+01  -8.32610032e+01
  -3.23017801e+01  -4.00186740e+01   8.64471735e+00   9.07303503e+01
   4.35375457e+01   1.82013649e+01  -1.96574405e+01  -1.15918899e+02
  -3.50403538e-01  -1.49227567e+02  -1.06066938e+01   1.49717820e+02
  -4.74201962e-01  -2.56389389e+00   4.67588778e+01   7.04023182e+01
  -2.03220190e+01  -1.44779581e+01   3.76286462e+01   3.35102391e+01
  -4.00998526e+00  -1.94205275e+03  -5.36399288e+02][ -458.9305336    -44.24147603   -21.56873547    17.07978771   -35.54697421
    55.58866842    -1.78562453    33.80406729   179.74043982    81.89622595
   -15.02834844   -20.36331866   -59.37916589   -63.19689019   398.94220928
    86.43616647   -46.66791472    35.83219095   -54.74262674    16.7393354
   -58.13918756   -12.20124612   -23.18190161     4.55245956    16.23844354
    10.93801956   -49.0935734     11.30579894   265.16884564   -63.74971163
   131.06926623  -172.36646572   -40.74614565    -2.1344983    -52.66329482
    80.99777707  -157.43573187   139.48282775  -118.75287672  -163.27034825
   -38.83322134 -1085.44119643     5.57610845   -11.62400242    27.77230572
   -77.10402874    52.79493547   104.9019117    -66.47017219    13.09769065
  -105.49444603    -2.22843989   -10.73850671    58.96301631  -474.96475542][ -2.81599897e+01   2.72405741e+00   4.81573207e+01   3.78430060e+01
  -2.65929522e+01  -2.82722740e+01   7.53479453e+01  -1.00825969e+02
   2.43587952e+01   1.93504986e+02  -8.46916437e+01   7.92538921e+01
   5.67945943e+01  -1.53345850e+02   4.95325194e+01   1.71870775e+02
   6.92282021e+01   1.61339782e+02  -9.50596231e+01   3.76457254e+02
   3.02704217e+02   2.07843118e-01   2.03505382e+01   2.34315482e+01
   5.67331106e+01   5.01589305e+01  -1.63607045e+02  -4.02273933e+01
   1.32074419e+02   9.88781185e+01   1.65738876e+01   6.35105403e+01
   1.27238057e+02  -4.19478869e+01   4.52428588e+01   5.07075070e+01
   5.66926545e+00   3.18304148e+01   1.03364861e+01   1.61497750e+02
  -1.78637792e+00   1.06903067e+02   3.74181259e+02   1.33133960e+02
  -1.84040069e+02   7.21647413e+00  -1.31342573e+02  -4.35407276e+01
  -4.91995928e+00   1.77987008e+02   4.06520451e+01   2.92412116e+01
  -5.51805527e+01   8.27934513e+01  -9.55986324e+01][  40.62629712   -5.89144379   97.13231557  108.52664613  505.4385458
   28.81344424  108.31085292   86.38039547  -25.33939114 -174.57093935
   59.37783023  128.62045805  -55.50078847   -4.36162657  103.60105545
  -25.19777555   56.15416653   91.50710631   -8.94116558   87.97374888
  -53.94053079 -399.63367025  -35.61378       1.93482112    8.2502779
   -3.57115507  -21.47003389  -71.34676263   33.07654316 -263.56237291
  -63.55676301  222.88679407 -142.77872542   27.5258853  -112.14459467
   58.97281781  -38.53266129 -142.13892861 -560.8433685   131.24186615
  -74.05588668  -46.22818593   74.80712683  -75.72850875  150.79330392
   -4.77069937   74.78405009 -164.07381122   55.34262393   98.80470006
   29.41983782  112.74115926   43.38654937 -184.64399215   49.83339278][ -32.85084436   -5.20290364  144.42723605   94.35580391 -113.74891785
   88.4432056    61.84932564  250.00906907  -35.91521255   -9.83939293
 -143.64351306   40.90371214    7.03107459  -47.48786981  -64.28794005
  -49.0260942   392.65480349   53.66361766   27.44985656   16.97360161
 -115.23856548  -88.83497701   -1.6667098    60.84697774   83.18103741
   -6.76723642  -58.87173607   63.58157197   69.89591536   57.01464813
  168.78576723  -34.20071312  -62.02877759 -215.73966783  -47.57484421
  223.38115663   50.79611088  -34.4870153    45.05925778   30.35933852
   -4.67600255   75.86434497   65.59658863   -9.90895696  -42.49126467
 -118.92915524   24.21494698  -32.89553762   86.85850696   83.50375833
  111.64398424   55.82368041  -11.96837643  -17.21320868   10.07433079][  1.18088200e+02  -2.73788632e+01   5.13765188e+02   1.53394982e+01
  -1.67315984e+02   7.91170805e+01  -3.53010300e+01  -2.81081771e+01
   1.35746037e+02   5.27487402e+02  -1.81433457e+02  -5.08058008e+01
   5.14379981e+01  -1.36781946e+02   2.25637669e+01  -2.64914468e+01
  -3.32364272e+01   1.57075559e+02  -1.53227332e+00  -5.92606568e+01
   7.78453024e+01  -1.59830489e+02  -4.71457953e+01   2.35013227e+01
   4.52728558e+01   4.25359562e+01  -1.52220187e+01   1.36354208e+02
  -1.63672273e+00   5.31780840e+01   3.12957950e+01  -1.45129629e+02
  -5.42629298e+01   2.48319666e+01   3.16097569e+01   1.13437327e+02
   4.38187123e+00   4.69620054e+01   3.08437784e+01   3.11359242e+01
  -7.38096286e+01   1.75150356e+00   5.36686448e+01  -7.83699795e+01
  -8.63372967e+01   2.38180230e-01   1.09354046e+02   4.85324878e+01
  -5.14412780e+01   1.08969911e+02   1.07125827e+02  -2.62113102e+01
   1.55949585e+02  -1.63832350e+02  -2.27155117e+01][ 211.62844317   -5.25389204  -34.09566029   60.5584946   -74.58418871
  -15.94285187   16.34344537   57.33927376  166.67270971  220.12088274
    4.99570318 -137.02725177  -17.97114376 -116.57439    -127.52151545
  -39.53775794  -23.39118224   58.58656098  284.54845283  -23.23059452
  -33.79204479  -83.039272    313.67661042   40.16168427  119.61698876
   -2.27831421  -23.37447416   21.55599485  -39.59385605  167.44199975
 -196.50483897  -34.43320627   46.17894643  -14.12674414 -229.55384071
   57.7207432     3.66530046  -17.27987882  -51.69098565  120.83002948
  -22.96300901   50.2230301   141.08659629  391.120591     51.49776033
  -64.95254163  -50.65746884 -253.92748796   18.50450662  -58.89938024
 -346.13371037   15.31039482   22.79080004   30.60559534    7.76000128][ -8.62075266e+01  -1.39955532e+03   5.42386157e+00  -8.98537371e-01
   2.58943243e+02  -2.68899401e+02   3.17704208e+01  -3.51220490e+01
   1.72594257e+01  -1.21110101e+02   5.55474451e+01   1.68003840e+02
  -6.27738300e-01   2.40761599e+01  -2.54718297e+01   5.27010879e+01
  -1.87637921e+02  -9.67650764e-01   1.18301853e+01   1.91879598e+02
  -4.92598642e+01   4.88815809e+01  -3.95430282e+01   9.77833091e+01
  -3.16746751e+01  -3.29288854e+02  -1.29215192e+01  -1.94408568e+02
  -2.78518500e+01   5.94112247e+01  -6.72837214e+01   2.89037056e+01
   4.77235843e+01   3.14537958e+01  -1.92125147e+02  -6.19794166e+02
  -2.05745771e+00  -1.85084546e+02  -4.27335893e+01   1.29061606e+02
  -1.35568588e+02   6.86882885e+01   6.27417642e+01   1.20352030e+02
   5.33462146e+01  -5.76348259e+01   3.72609817e+02   3.66804118e+01
   9.74150206e+00   1.13354530e+01  -8.94249475e+01   2.39853270e+02
  -3.15907487e+01   9.50191900e+00   1.69696813e+02][  6.10373899e+01   6.39714762e+01   8.07487541e+01   5.45316006e+01
  -2.37559323e+02  -2.40218255e+02   3.45693893e+01  -3.45818806e+01
  -5.57755183e+01  -5.56400461e+01  -2.33521751e+02   8.24205032e+00
   5.61781019e-01   1.70521602e+02  -2.70888285e+02   2.14391888e+01
  -1.09426824e+02   7.38364842e+01   6.55404261e+01  -2.57865372e+02
  -4.64137590e+01   2.36350636e+02   6.68963977e-03   5.29376728e+01
   8.91526480e+01   7.19921437e+01   3.20434476e+01  -8.57099370e+01
   3.44906683e+01  -1.05577293e+01  -4.41618304e+02  -1.30162095e+02
  -3.89004727e+01  -5.66658142e+01  -8.73455444e+01   2.43817202e+01
   3.50631994e+02   6.70644819e+01   9.39320095e+00  -6.75758400e+00
   1.11432826e+01   2.91996027e+01  -3.84848938e+01   8.66364067e+00
   1.63042953e+00  -7.74297564e+01  -1.77652485e+01  -7.91992749e+01
  -4.12884499e+01   7.71229168e+00  -8.95154386e+01   9.48041630e+01
   6.09334797e+01  -3.88889134e+01  -1.35560871e+02][ -26.15423707  -66.53540392   25.60402958   13.12492845 -497.93158732
   47.00424676   16.74365515  178.49141937  264.44445952  -75.43485256
    9.35564279  -20.15198073   86.30147671   -4.30729746  -21.18924393
 -109.11735674  -46.83211303   -1.44867317  138.63472305  -73.01530452
    8.0257043   -16.97305001   -6.85991986   85.70157652  -54.31162396
 -133.58173368   50.08136143   -4.69868864   33.82869431   -7.32633955
  -86.17691931   26.10805409   98.39521901   14.1102789   -21.16497829
 -173.96592031   -4.33475561  122.20467642  -12.79188941  210.86671252
   44.8642462    25.90269534 -210.65128691  312.29144441   33.3091134
  -74.480282    120.59583334   31.02293424   38.79515334   44.718939
 -290.84211043   -1.143387     -9.56853443   63.0790697    81.63508259][-426.37002655   28.29508186  -23.96209588 -238.01246276  -34.80712956
   37.43289984    9.90801476  -29.26917385 -203.99626969  -19.59482735
   78.42338876   58.98066559    4.04602683 -125.38036616  -89.48349425
 -304.36724653  -60.29008887   67.88184779  -87.50026193   50.15114213
   41.41557497   95.37966582   -5.10738001 -316.24335184   -9.39390677
  -31.00404185   83.98839653   49.47251575  -41.93776643  -21.38236044
  140.18062499   47.25636263   47.08653387  -37.59541271   36.67639025
   -3.89564636  262.30068943  -18.33390403  414.74689345   -9.82250874
  -56.76301419 -116.48202827  291.03652463  -10.95579708  -38.38336543
  -50.54623203   93.86425417  175.24002324 -177.91953188    9.34688721
    5.96808435  -14.23739419   74.2025264   -66.73503133    2.0186856 ][  59.0596978    30.85753459  148.2989942    38.48127344  536.14436841
  176.41922109   23.43206676  -37.45410458  -96.57853372  132.57505358
  -13.41809378  130.17140972   -6.58288871  -64.99464774  -57.77691935
 -125.64651385   60.15700381   38.21329134  -32.18701216  242.3997735
  206.37052472   46.5626915    32.00140853  -71.70116964   75.37501624
   24.35009839   70.52596937   -2.39055963  -51.3463702  -226.23674143
   16.26576374  -26.74863579  -51.07762305  -23.22640713   -8.75900057
  -20.06222435   45.55030426  115.47658661  101.94471307   -4.6833696
  313.02907235  -38.47468693 -190.31907003   37.9580884   184.87692877
  -47.48103682  166.2887612   -48.54121229   12.03252804  -71.13958289
 -358.30353308    0.69212592 -100.07319403   -3.7008989   -66.4180265 ][ -3.34369172e+01   9.47700260e+00  -1.54880640e+02   9.98498384e+00
  -1.87278541e+01  -3.54531481e+00   5.23540861e+01  -4.48284540e+01
   2.83815446e+01  -1.42616924e+01  -9.61816523e-01   1.33010375e+01
   1.65039901e+02  -7.65496979e+01  -3.53024657e+00  -5.68722323e+01
  -7.42141913e+01   4.57827110e+01   3.71901817e+01  -3.25455623e+00
  -7.46888208e+01  -1.16132411e+00  -6.38766210e+01  -1.78065394e+02
   2.56542470e+01  -7.56668527e+01  -5.64681712e+01   7.27620119e+01
  -3.86924271e+01  -1.68923904e+02  -6.99757375e+02   1.77153273e+01
  -2.93627350e+01  -9.65684342e+01   2.83067618e+01  -4.10704667e+01
   2.92863487e+01  -5.16033856e+01   5.25313060e-01  -2.23905435e+02
   9.89336478e+01  -1.93173198e+01  -3.23727471e+01  -1.03040299e+02
   2.23037400e+01  -5.86609807e+01  -7.51150550e+01  -6.84281733e+01
   3.93663914e+01   8.76718042e+01  -2.96603790e+00  -2.02257286e+01
   2.74125933e+01   1.28214102e+02  -7.53201066e+01][   17.91153668   -46.67178015    11.50080439  -210.34975807   324.8411702
   -75.84217857   -10.45448383   337.6058921     94.10185505   236.67893654
   -42.48653082   111.82892792   -98.24243842    31.43907221  -123.29515319
    30.75016887     3.02305679    14.73144843    50.87355682    33.05185817
   -14.80004423    36.26576232   -39.40883474    83.16081257    50.52432313
    32.64888297    -6.61669749    -3.67674262     9.24276473   107.1514546
  -172.20679663    71.00808518   -34.86722967  -163.07596487  -158.79968453
    26.42381258   -19.19819917  -104.53542114    54.06656721  -191.07948265
    28.97517772    89.72663945  -217.5466583     42.45398941   -66.72986719
   -99.12875931  -203.14536392  -258.84358792   -22.26263211    60.81047546
    32.64624613  1251.23576816    14.22362458   -28.73965541   -41.5979622 ][  4.08080460e+01   7.61890106e+01   5.11174332e+02   1.16721144e+02
  -2.37592988e+02   4.13100908e+00   8.40129349e+01   1.30160242e+01
  -6.61464456e+01  -2.34069417e+01  -6.43850027e+01  -1.74271033e+02
   1.59310766e+02   2.11110888e+02   5.11914576e+01   9.19662626e+00
  -1.99420751e+02   1.27849808e+02  -3.71506647e+01  -9.50315577e+00
  -5.51069901e+01   5.25600985e+01   1.31477713e+02  -4.19416117e-01
   8.23956649e+01  -2.03637189e+01  -3.02343308e+00   1.34514256e+01
  -4.64756585e+01  -1.19617256e+01   2.16990271e+01  -6.87240349e+01
   1.27619116e+03  -2.52994142e+01   1.68767446e+02   1.33415134e+01
  -1.21776242e+01   2.22399100e+01  -2.17165951e+01   4.61056000e+01
  -1.17914864e+02   2.16839233e+01  -9.83505561e+01   1.91749820e+01
   4.73169708e+01   1.49702197e+01   4.96152049e+01   8.90195608e+01
  -4.23916725e+01  -2.82425478e+01  -1.06448114e+01  -1.00371217e+01
  -5.96094334e+01  -4.55513627e+01  -1.68159503e+02][  1.71126845e+01  -5.54222656e+01   3.25273885e+01  -2.63470894e+01
   8.49441147e+01   6.07161397e+01   9.40975499e+01   1.15700368e+02
  -2.21388387e+02   6.60396633e+00   4.11788530e+01  -1.18360379e-01
   2.04967744e+02   3.05422571e+02   6.16581263e+01   1.12428497e+02
   2.39095742e+01   1.07094308e+01   4.20269620e+01   2.88586708e+00
  -8.10429222e+00  -2.95906474e+02  -1.03624765e+02  -9.49071221e+01
   4.74485656e+01  -6.03921114e+00  -5.39868882e+01  -6.84036573e+01
  -4.51169300e+00  -3.25750222e+01   1.01552910e+02   8.33695443e+01
  -1.13968274e+02   9.86297168e+01   1.29144631e+02   1.94399560e+00
   1.20982119e+02   1.90810786e+01   6.98174782e+00  -1.64047575e+02
  -1.90945013e+01  -2.02482817e+01  -1.89432843e+01   1.37059576e+02
   3.14959676e+01   2.27464434e+02   8.47418354e+01  -4.44951699e+01
   1.23507746e+02  -1.99583679e+02   1.53732802e+02   4.24098201e+01
  -1.60505351e+02  -6.41501333e+01   1.20665573e+02]
 pesos capa salida
[ 500.69303152  121.60019718 -109.12861507  215.35770253  -47.85842888
   94.77400201   99.6712026  -128.24731511  421.86920974   72.25753966
  337.46963683 -127.68746769  -69.11183778  -64.996933    117.60984527
 -114.13223002   28.63333586  495.11903369   61.16598342]
 biasCapaoculta
-422.02500649631696
 biasCapaoSalida
-128.27895653368952
 mejor error
161.69761290381237
 Precision 
0.7176368375325803