
 fecha de inicio Thu, 09 Nov 2017 04:59:22 
 fecha de la generacion Fri, 10 Nov 2017 06:42:34 
 generacion: 287
 pesos capa oculta 1
[-0.96773132 -1.0480234  -0.35560752  1.91802196  3.55135648 -4.48953986
 -1.02478562 -0.19164956  4.23461549 -6.33652169  6.17791836 -5.14514036
  0.52168099  0.67432733  4.94781255  2.97605807  1.8102227   2.96960156
 -2.23124105 -3.53106732 -2.38529358  2.94730373  0.77357652  7.06871648
  3.26530033 -1.04976422  0.41929511 -0.14706061  1.84879267  4.4318569
  0.43481632 -4.88984054  1.35340908  1.58635838 -8.22361309  0.0601456
  2.49759678  0.51016566 -0.71672928  2.45159631  5.21132007 -1.0026682
  2.28647217 -2.56129571 -0.0804238   3.34184787 -1.44795024 -1.63800341
  0.5527595   4.89279903 -4.04331487  0.46386587  0.91232604 -3.36896614
  2.44205227][ -1.45680654  -2.63086885  -1.20713432   1.11091372 -10.29537242
   0.48159365  -0.27405723   2.77392327  -1.32898987   1.69906082
   3.80797865   0.83443994   6.16823172   7.4560201   -1.00849441
  -3.10384189   1.19612411  -2.90810448   3.16470187  -1.90435571
   0.77423397   0.93134181  -3.26241148  -5.47553317  -1.43137814
  -3.33592652   3.87849807   3.86248645   1.66101536  -1.40791475
  -0.56139531   0.58959923  -0.2168611    0.83392554   1.22764186
   4.42440499  -2.11416828  -3.13045674  -0.73390689   0.33789519
   0.90656451   2.55705308   3.74211646  -4.97319337  -2.70091466
   3.7854198   -0.52993712  -0.83372296  -2.30915919   1.74266579
   2.23224529  -0.3434013   -2.71239972 -10.06196915  -3.01607709][ -1.88835575e+00  -2.86366807e+00  -4.81041996e+00  -8.68381505e-01
   3.08960407e+00   6.83992843e+00   1.57246804e+00  -1.02779056e+00
   4.62057138e-01  -7.00452130e-01  -1.41659199e+00   5.76466572e+00
  -3.02078432e+00   8.91422642e-01  -5.73886334e-01  -4.20397121e+00
  -1.91074024e+00  -2.96855917e+00  -4.80033239e+00   2.44801294e+00
   4.30522404e+00   1.99158422e+00   1.60392311e+00  -7.25163952e+00
  -7.28004541e-02  -5.63929206e-01  -1.30520841e+00  -4.41072283e+00
  -1.47118212e+00  -1.84604913e+00  -5.09467607e+00   4.92845818e-01
   3.14199929e+00  -1.86837721e+00  -5.56818685e+00  -5.01110016e-01
  -3.45157172e+00  -4.77214955e-01  -5.93386925e-01  -3.33458550e+00
  -5.31144639e+00   3.02924835e+00   1.27481948e+01   3.48812080e+00
   1.60747837e+00  -1.62056225e+00   8.88089644e-03  -2.29773478e+00
   3.55623604e+00  -2.42405562e+00   4.95966307e+00  -6.86415877e-01
  -1.92391359e+00  -1.91833468e+00  -4.88004934e+00][ 2.23619559 -0.8683197   3.40245466 -0.1113665   9.07562036 -2.39234382
 -5.0628156   1.31600814 -9.96502831  4.07769361  1.53829093  1.67380153
  5.00994991 -1.16834125  4.07395427  5.4868049   2.71781338 -4.02623385
  0.67802197  0.92521627 -0.31804981 -0.77478321  3.23324483 -5.14948871
  0.34068253 -2.84862559  0.87311502 -0.38507802 -1.5099947  -3.22604884
  1.59392203  0.36571258 -1.38706686  1.57046165  0.51185508 -0.5727057
 -1.12099206 -1.98990123  3.11136059  6.1115138   2.60198957  4.1811303
  3.27733591 -1.30040976  1.57219663  0.6600133   7.4241895  -3.99990175
  3.22295034  1.6451768  -2.34052068 -1.58015379 -0.79928257 -0.60178452
 -3.49242251][ -7.84482836 -11.4539806   -0.95490322  -2.49610562   2.19383657
  -3.94352361   2.15146477   1.69353018   1.53801431  -3.90736765
   1.39216871  -4.50049823  -4.8767857   -0.9858292    1.27242676
   2.01863748  -0.4817702   -1.68499274  -0.91059746  -4.92806655
   5.48265093  -7.43634182   0.12338762   1.67519377   2.87195572
   1.49282928  -3.4584735   -2.10261662  -0.67918786   3.89223145
  -1.09562493  -4.10886619   0.35258343  -3.21745716   6.6361851
  -2.38462517  -0.42594886  -7.45991761   2.43784436  -5.25263878
  -0.10303537  -0.20413507   1.53653373   2.41637525   3.30929556
  -6.3301415   -5.49790428   3.6037822   -2.38362001  -2.91384899
   3.20723926   5.43440402  -0.16566414  -0.19117814  -8.80072734][ 0.25059413 -2.08060969 -2.86252302  5.06478307  3.13220083  5.7202722
  0.93420165  1.87359127 -0.28868374 -4.60924696  2.69601777 -2.68260944
 -1.60581091  6.69221515  3.45592094  1.25144437  0.6061554  -0.3558611
 -7.28212719 -4.69041487  3.3622275  -0.27558976  0.16118696 -3.06848665
 -2.08396208 -0.90900936 -0.00859555 -3.6097564   7.70883024  5.76632987
  2.98479963  1.68625796 -1.41418127 -1.69483795  1.46930745  0.67841121
  2.05823828 -0.69093389  5.59876861  0.50649664  2.09157338  0.07151512
  0.72657703 -3.56374149  2.21583355 -2.60791552 -3.31622737 -4.25303999
 -2.56443817  7.13926744 -5.4941704  -4.91201579  6.50747205 -0.95180368
 -1.37078239][  5.02106665  -0.8899767    3.06130332   0.24483603   1.94502091
 -12.18779644   2.49075492   2.7301897   -0.95257105  -2.53958395
  -0.26748163  -1.46136547  -1.56720603  -8.67642769  -2.81103085
   0.70761035   0.76399398   4.33463991  -0.8626977    5.38096351
  -0.85455909   5.62625902   1.19791853   1.40305205   0.24902933
   0.10542524   2.00979986   0.41390751   5.74473593  -0.27647114
  -1.69742184   2.11682164   5.11609103  -2.02835218  -7.67608752
  -1.79997375  -4.46018507   1.19740474  -2.4994321    3.35126885
  -0.74425974  -1.85044791   1.96851679  -1.81081682  -2.01027141
  -2.19997942   3.50916773  -1.22264972  -2.55465783  -3.55923478
  -0.51777472   3.74364207   1.80267236   2.78693947   5.86521519][ 3.01429674 -0.35672087  2.2120655  -6.77964176  5.19264633 -2.34403621
  8.2669528  -1.36110588 -0.22620147  7.09712541  2.12194406  1.31859221
 -1.36343686  4.64133008  2.39001988 -0.11898501  2.63117089  2.32494119
 -1.66930443  2.81228186  0.35059566  3.72188277  0.05858506 -4.1199353
 -0.30133446 -0.16158793 -4.53255413  3.07861188 -5.83768849  2.97300075
  2.76038031  0.24617542 -2.13436441 -3.75074092  1.63289782  2.68020704
  4.09344249 -3.11252071 -5.9915758  -1.41698263 -2.50854937  2.59932771
  0.71120549 -4.11965075  1.89282057 -0.80490421  4.10635025  0.28617245
 -1.82942472  0.06681892  4.44478687 -0.63477588 -1.75742695 -2.64032866
 -1.4304059 ][ 6.42068894  1.46172777 -1.27172948 -0.64515362  2.66772688  3.44479152
  4.59586187 -1.18690837  5.46137897 -0.68898965 -1.87491585 -3.8250944
  0.78956926  3.34263591 -1.84206973 -4.18888874 -1.92072126 -0.56415389
  0.27912469  2.05569974 -1.17577888  0.39668662 -2.74827481 -4.00255658
 -3.35835934 -3.28865049 -1.35887819 -5.07551233  0.07245211  1.1296703
  3.67851879  8.12094789  0.24906456 -0.1264745   3.13633525 -0.78326339
 -1.3562549  -1.24093809  1.54098247  4.45243683  2.02620745  0.9136416
  4.79489561  0.36607211  3.83983525  4.16811657 -3.48606409 -3.01594549
 -5.60914717 -0.73333912  1.59876599  5.82305976 -0.17892185 -0.81886255
 -2.33104217][-4.40704359 -4.47211126  0.30992887  0.32569766 -0.85067966  3.86104739
 -0.9177143   0.79041386  4.31658507  0.69261233  1.81363303  2.88875645
 -5.90540251  2.60154445 -0.45075343  6.90504753  0.32888412 -1.29904446
 -2.8996506   3.24661139 -2.18441224  3.20344933  0.33367663 -1.08823823
  4.0547538   0.67122486 -1.08919435  2.47163952 -1.71344156 -5.40147929
  7.36603392  1.72739698  0.22339947 -1.09401482  0.17824248 -0.50098882
 -3.69471655 -1.19361176  2.49440526 -4.42998532  0.81327634 -1.15871039
  2.14981721 -2.40641121 -3.42981717  9.2323891  -2.89120147  0.42773005
  0.56408975 -0.01259192 -3.7019061   7.19859225 -3.99270426  4.01197209
  0.33198032][  0.48761386  -5.27755589   0.20926775   5.44977119  -3.14115074
   2.94914689   2.32472308  -0.69417235   3.24409821   0.11576822
  -0.20371723   5.39624381   2.14241302  -1.55331676   4.92125114
  11.59534657  -0.85837245   0.93431428  -6.90847803  -2.9460782
  -2.21095172  -0.50423823  -1.81372276   4.58713659  -0.46655948
  -0.37966929  -2.73195312  -9.7057628    5.87139936   0.2690806
  -4.20627832  -2.10425328  -1.25260779   6.85284744   5.30040242
  -3.17281559   1.33292789  -1.05137158  -2.84329067   1.53700254
   4.04266171  -0.03234566  -5.44994674  -1.52448537   2.84014942
  -1.56789921   0.25936542   1.93811393   7.35827906  -0.25441209
  -1.69456235  -1.34393227  -3.33191336   0.59733532   2.90011452][-0.71435601 -0.53692987 -1.54961856 -2.90995177 -0.44424922  5.21038943
  1.58799113 -3.82183961  1.19936335 -5.05120619 -2.92502105  0.85073837
  0.31811287  1.00124153  5.75577461  4.35823474  3.18065543  2.72793378
  2.13368874 -4.63330568  4.14937928 -0.09805743 -0.16735068 -4.10812519
 -3.42411373  1.41939435  1.79391991 -2.39605345  4.02636973 -2.55663959
  0.65498499  2.30587686  4.94671161  2.73982306  4.68352458  3.15701695
 -1.06055557 -0.92899194 -2.70000918  3.64946795 -1.02805778  5.6776735
 -2.2422804   2.87314948 -0.85541674 -0.20606146 -2.11775109  1.38904993
  1.93149001 -4.20450837 -1.25198906  0.13339365 -7.44106165  3.86228325
 -0.05493892][-0.32501179  0.78726319 -1.77176427 -3.88199039 -4.17178048 -4.38185897
  4.1081562   1.14630169  3.03275953 -0.7752297   3.41461008 -2.37943103
 -0.65264662  1.00101927  0.41075916  7.52051379  7.5867189   2.81028977
  4.3096234  -6.51388454 -3.31124576  3.58861401 -1.16563549  0.28954634
 -2.44268391  2.81536006  8.25306494 -2.74454158  1.20605084 -3.10882759
  4.63957969 -2.97537357 -1.56992358  6.72811276  0.84367366 -0.51437243
  1.03906574  2.23761739  1.71965788 -4.40276914  1.31531776 -2.45277459
  3.76233524 -7.72827742 -8.18283951 -6.31635298  0.11820556 -5.03630003
  4.77201199  1.03640575 -4.02285609  2.32118202  2.18488291  9.17582002
 -4.37547944][ 8.33506577 -2.21867238  1.04107279  3.77349069 -3.3432532   1.07960603
  2.67263588  6.58402703 -4.87579474 -0.06717802  3.51152591  1.95092725
  8.79585763 -1.60283345 -5.48293883 -3.52074618  4.34669383  1.83225218
  2.77930251  2.29086397 -1.38524568  1.57801645  8.86534767 -1.20903353
 -0.64049276 -3.47107108 -0.10075653  2.52112655 -6.92328968 -4.20285736
  0.03621737  0.09397137 -0.80304269 -9.70001691 -2.55404209 -1.52269619
  2.39719651 -1.2084698  -0.95103011 -3.63986182 -3.12531832 -4.66753606
  1.09983464 -5.299297   -5.24756529 -4.65174812  7.83584488 -1.77679155
 -2.52515891 -0.83026965  1.45141736 -1.09584316  7.25900591  1.72795617
 -6.64990229][  0.24856877  -0.95318625   2.53240269  -2.50527186   1.29017074
   1.17596046  -1.47252372   1.02274573   2.71621006   5.1904898
   2.21102494   3.26355327  -0.3321735   -2.23314133   2.47316769
  -1.32584098  -0.30885748  -2.23591183  -0.54042616  -0.42148424
  -0.15516586   0.71123599  -1.83835349  -4.2789256    3.4692071
  -0.93876567   1.48541759  -6.44671976   0.29075468   1.40704005
  -0.57968909   2.43678259   4.71076707   0.05499093  -4.84721103
  -2.81767474   1.37408478   2.24160888   2.73542777  -0.18021556
  -7.41082626   0.72014767  -1.50705692  -7.3743389    6.61840577
  -1.19456768   0.80160988  -1.75025847  -0.74038073   2.72388807
  10.71855389  -0.91494776   0.7656378    4.66673763   2.26835126][ -2.21938260e+00   2.46189023e+00   4.85795156e-01  -1.57111881e+00
  -6.71817934e-01   2.47981244e+00   4.43329781e+00  -4.97263984e+00
   1.97940875e+00   9.41817308e+00   2.32961826e+00   1.27131853e+00
   9.79944773e-01  -6.09253445e+00  -1.13860299e-04   1.66015778e+00
   4.39136194e+00  -1.26595956e+00  -7.45228962e+00   1.79262823e+00
   1.11701649e+00   3.10151923e+00   5.27944196e+00  -2.49143570e-01
  -3.82570913e+00  -1.10658431e+00  -7.80444032e-01  -2.37631989e+00
   3.52554579e+00  -1.59084657e+00   3.33576524e-01  -5.26324747e+00
  -3.81038860e+00  -8.50912431e+00  -2.28523164e+00  -5.05430283e-01
   2.24027970e+00  -2.58263040e+00  -4.42878810e+00   6.78953883e-01
   4.82108497e-01   8.24122695e-01   4.37768824e+00   5.99287642e+00
  -5.28963759e-01   1.12185821e+00   3.04010700e+00   7.29709445e+00
   2.36719296e+00  -3.53740688e-01   2.78907282e+00  -4.47012293e-01
  -4.56203743e+00   1.51223329e+00   1.15480009e+00][-3.61664938 -1.03771593  1.4735137  -0.82928361  3.97280784  5.0771219
  0.62410457 -1.01994247  3.76606412 -5.24413914  7.80184932 -2.96820651
 -3.18749466  3.02964113 -1.01266839  2.20701026  1.85173926  2.78376795
  1.90607427  2.51943415  1.0124695  -1.26636971  2.0271946  -2.60101012
  3.06699962  1.11066511 -1.36238425  0.95606531 -0.22935685  2.15041674
  0.98237874  1.85854929  8.63765395  2.65601137 -1.86706114  0.95585374
 -2.45099841  3.78166074 -2.92242989 -0.56963281 -0.32733214 -2.9282334
  2.36618355  0.88808779  2.04215468  7.15383429  0.44165859 -4.58985497
 -4.40862431  1.56975163  2.15296535  0.21750498 -3.34365174 -0.05767344
  2.34757288][ 3.23719833  1.13009808  9.18692196  1.03673475  4.10140953  2.37445372
  6.41293346  1.42955314  2.53538117  5.97691987  3.36720129  1.11091336
 -2.12479954  0.37750368 -3.67496726 -3.69144548  1.02270518 -4.42887053
  4.39971903  8.07616797 -2.66180322  6.3767587  -6.61413286 -0.95207779
  4.40089718 -2.98481366 -1.76982934 -0.72776522 -0.34431259  3.65528778
 -1.95533447  1.91856147  0.3111345   0.89512604  1.4192528   0.81654132
  3.43521683 -0.27730937  4.36801327  2.35604189 -0.51118877  4.96281303
  3.65014229  0.55587767 -3.39183718  1.28502889 -1.60833852  8.47486456
  4.5535119  -0.85698175  2.73114327  6.99872054 -2.73642662 -3.90621043
 -0.18495816][ 0.54884873  0.41527007  5.1812491   2.22965657 -1.30703097  4.41891878
 -2.22969032 -1.40305986 -5.22635287  4.55224484  0.98304107 -0.57571773
 -0.28548773  2.48235721  5.98134209  0.96584716  6.17462297 -0.14409759
 -2.44206468  0.2404669  -3.71201609  1.6134281  -0.64752001  1.36529577
 -0.83027471 -1.28337131 -2.28619703  2.31950719  1.92216662  2.32644486
 -6.01470269 -5.32240546  2.06364435  2.54801441 -0.41425033  3.20566751
  0.80763551  7.63426847  1.36450714 -1.48693769  0.47373038  2.60783979
 -1.62342068 -0.44688272  0.1890899  -2.92453108 -5.90592609  1.74583517
  1.03726378  0.2911      0.52656446  0.15824108 -1.51696845 -4.38307467
  1.34997192]
 pesos capa salida
[-0.0093153  -0.3505204   0.06360481  0.45031436  0.29514844 -0.22059744
  0.44307416  0.35491685 -0.33445535 -0.20246536  0.13244777  0.29003465
  0.77502043  0.37505379  0.50411888  0.34127995  0.71413711  2.52742081
  1.63919496]
 biasCapaoculta
-4.701537769913127
 biasCapaoSalida
-1.630719685221858
 mejor error
125.1158591298728
 Precision 
0.6542137271937446