
 fecha de inicio Thu, 09 Nov 2017 04:59:21 
 fecha de la generacion Fri, 10 Nov 2017 12:36:05 
 generacion: 558
 pesos capa oculta 1
[ -7.03652074e+17  -1.03575068e+17  -4.32502286e+18   4.59868669e+16
   6.00047066e+15  -2.04096605e+16  -1.82310572e+16  -3.11232263e+17
   3.63228551e+16  -3.03093503e+18  -8.25282349e+17   1.69493975e+16
  -1.76717905e+18  -7.58640777e+16  -2.50621616e+15  -2.59623641e+16
  -2.97635406e+17  -3.95596456e+17  -3.72627972e+16  -3.05343549e+16
   7.60045848e+16  -1.04215244e+17   1.01487245e+17   1.89209501e+17
  -7.31178409e+16  -4.43826901e+15   1.78586447e+17   1.82662716e+16
  -8.17546559e+17  -2.27818012e+16  -2.44827355e+17  -2.94989452e+17
   1.12990399e+17   6.42568295e+16   9.50430804e+16   3.30099181e+17
   2.20406657e+17   2.91590218e+17  -7.16649115e+16   7.64321364e+17
  -7.81635716e+16  -1.33910525e+18  -8.41802749e+16   5.60006395e+16
  -2.27618025e+18   2.99898605e+16  -2.45593348e+16  -3.74833182e+16
   5.48624420e+16   1.36852543e+17  -1.17927264e+16  -1.84218373e+18
   8.37585440e+16   5.47618998e+15  -6.87522936e+16][ -1.24632238e+17  -2.05818356e+14  -1.24303214e+18  -5.85326041e+17
   3.60914077e+16   1.84739858e+16  -1.00653575e+16   3.78188235e+16
   4.13186634e+17   1.13278320e+18   1.95265577e+17   7.43209526e+17
  -2.68622233e+16  -9.36258515e+16  -8.80028702e+16   1.34814133e+17
  -3.26279523e+17   9.84717246e+16  -1.58514602e+17  -7.07214635e+16
   1.16295736e+17   7.81975702e+15   7.81253543e+16  -4.17151973e+17
   1.39991011e+17  -5.36031754e+17  -9.98537307e+16   3.66230405e+17
  -4.03572414e+16   1.34461228e+17   6.88508953e+16  -3.28165042e+17
   3.17978548e+17   1.16115603e+17   2.16277482e+17   5.82763080e+17
   1.91026249e+17  -8.81911305e+16   6.76696191e+17   1.77919880e+18
   1.45613005e+17  -4.46646973e+16   2.54347609e+17   8.63737910e+16
  -9.97135539e+14  -1.09157298e+17  -1.06076916e+17  -1.27861137e+17
  -2.17563101e+17   6.77049688e+17  -3.07256813e+17  -5.03265660e+17
  -1.06208252e+18   7.03622148e+16  -3.76040178e+17][ -9.94251930e+15   9.25570393e+15   4.76412003e+17   3.87582191e+17
   3.32191738e+17  -4.56344390e+17  -1.23138455e+17   2.04949010e+17
  -1.52127042e+18   3.23784736e+16   5.06884146e+17   4.07995422e+16
   6.07404189e+17  -3.44121118e+17  -1.72957170e+17   6.75169196e+15
  -7.08450044e+16   1.49174651e+18   2.99164236e+16  -2.67968541e+16
   1.54541247e+16  -7.40347842e+16  -3.40993538e+17   5.47353040e+16
  -1.64528394e+16   3.19822927e+17   7.13014043e+17  -5.63647012e+17
  -6.02156341e+17  -3.61426708e+16   8.08036010e+16   5.11240618e+17
  -3.29757493e+17  -7.18150719e+16  -6.21320589e+17   1.09753088e+17
   3.22844713e+17  -3.11938216e+17   8.96929116e+16  -8.40073730e+15
  -9.63026103e+17   1.16310385e+17  -2.76458285e+16   1.83376868e+17
   2.49146113e+18  -6.17467281e+17   1.57874905e+17   5.01913609e+15
   3.92980609e+16  -5.76421845e+17   9.92819494e+16  -7.03827946e+17
  -2.96703899e+17  -3.48260815e+17   1.24888458e+16][ -1.15251268e+17  -9.48647427e+17   3.12876508e+17   1.07859325e+17
  -3.91948696e+16   3.29770104e+17   2.14998507e+16   1.94428509e+16
   2.16564425e+17   3.43316482e+16   2.06402549e+17   1.61375646e+17
  -1.06107467e+17  -6.63571316e+17   5.25288278e+17   4.98642817e+17
  -3.24468314e+17   1.86388788e+18   3.56203529e+17  -3.00996322e+17
   8.91557086e+15   1.47531544e+17  -1.50733815e+17  -4.10986396e+16
  -4.38612552e+15   6.23952468e+16  -1.52346350e+17   4.15333514e+17
  -7.68991201e+16   3.10650303e+17  -4.99848328e+17   1.04060945e+16
  -8.86658396e+16   1.60006449e+17   7.00083250e+17  -1.54525045e+17
   6.00467335e+17   4.63626413e+17  -6.64710893e+15   3.62236063e+15
   2.95395392e+17  -1.35537713e+17   3.30476994e+16  -4.40732918e+16
  -6.94049707e+16  -5.69664155e+16  -7.41932465e+17   1.07667832e+17
   8.25344733e+17   5.88608582e+16   2.06077989e+18   3.62417036e+18
   1.43850561e+16   2.61585065e+16   5.87070829e+16][ -1.50441254e+16   6.33650795e+17  -3.69328456e+18  -9.70259547e+16
  -1.92087112e+17   1.15590898e+17  -4.01389432e+17  -2.40335505e+17
  -2.77520966e+17  -3.16424142e+17   6.92256873e+17   9.52674155e+16
   4.99798095e+16   2.71192203e+16   4.55420196e+17   1.51556244e+17
  -9.79644754e+17   2.64945122e+16   2.26794028e+17   1.26081113e+17
   2.52987414e+17  -6.78158555e+16   1.34690203e+16  -7.65126901e+16
   4.84343519e+17   1.02689140e+17  -9.50550290e+15  -8.00774165e+16
   7.06993485e+17  -5.20678424e+15   1.91034264e+17   9.94290008e+17
   2.83359261e+16   2.67192385e+17   1.17636336e+17  -7.88192901e+16
   2.16456950e+17  -1.05684553e+17  -5.21017855e+16  -3.05540639e+17
  -1.19599883e+17  -1.21969401e+17   3.66117949e+17   2.03176987e+16
  -4.07737791e+17  -2.71731293e+17  -3.31795477e+16   1.22348338e+17
   1.96301250e+17   1.73134588e+16  -8.16560697e+17  -3.45524123e+16
   1.19491650e+17  -5.32308441e+15   4.23820244e+17][ -4.41387240e+17   9.21862019e+17  -6.49610647e+16   1.38040691e+18
  -5.52415866e+17  -1.79006888e+16   2.44109720e+16  -9.40367289e+16
   4.55504128e+17   5.97305952e+16  -3.13613877e+16  -2.02399902e+17
  -8.64301801e+17  -1.15957647e+18  -1.96397067e+17   9.30486255e+17
  -1.43061990e+17   3.33406983e+16   3.65399973e+15   4.43257622e+17
  -1.55859887e+17   1.42634144e+16   1.98674791e+18   3.78161677e+16
   1.45963812e+17  -7.55380093e+16   1.27196865e+17   7.57391590e+15
   3.47205410e+15  -5.51925788e+17  -1.67483461e+17  -6.27403596e+16
  -3.69591498e+18  -6.60702605e+17  -2.84437358e+17  -2.66829578e+17
   2.69656655e+16   1.53075061e+18   1.05401139e+18  -4.38951068e+17
   4.52199566e+17   1.02095128e+16  -9.06019569e+16  -4.10243807e+17
  -5.15241715e+17   1.30808386e+16  -4.57793095e+17   2.07210461e+17
   1.90641814e+17   4.29006786e+17   5.28499272e+16   1.43790779e+17
  -2.97631126e+17  -6.19482686e+17  -1.17898249e+16][  4.04214012e+16  -3.09418915e+18   2.46215798e+17  -2.92018800e+16
   1.17801624e+17   3.72249658e+17   5.64952242e+16   4.54251680e+17
   1.03014010e+17   9.07925468e+17   1.31145188e+17  -7.58623349e+15
   6.16381585e+15   9.83043079e+15   5.86459111e+17  -2.02222720e+16
  -4.49627181e+16  -2.20208768e+17   2.41985523e+16  -3.59576168e+16
  -2.02848488e+17   1.36035399e+17  -1.08069348e+18   4.06032464e+17
   6.15378074e+16   1.00020830e+17   7.89187851e+17  -1.25278237e+17
  -6.97951895e+16  -2.54332428e+16  -5.10268412e+16  -2.80157180e+16
  -1.21091009e+17   2.79399881e+16   5.16199521e+17   1.69536146e+16
   1.52445951e+17  -4.57248023e+16  -7.12320877e+16   1.94804608e+16
   1.98277123e+16  -1.00232052e+17   9.12316414e+17   1.61861896e+16
  -6.05839309e+17  -4.40283987e+16   1.54561505e+17  -2.85939369e+15
   1.83536859e+17   1.37723957e+17  -3.03058392e+16   7.37395501e+16
   1.93091971e+17  -5.54564076e+17  -1.86926754e+18][  2.66533862e+17  -3.56960550e+17   4.87888449e+17  -1.34101304e+17
   3.59101229e+17   5.28877175e+16  -3.59992881e+17  -4.25726690e+16
  -6.12475076e+16  -3.37331791e+16  -7.20815682e+16   2.70948381e+17
  -1.90512184e+16   1.88089414e+17  -1.98497333e+17  -6.75053531e+16
   4.57857381e+16   1.79991526e+17   1.49630011e+17   1.96817767e+17
  -4.28044266e+15  -2.61905068e+16   1.24335579e+17  -1.65736272e+17
  -1.13790393e+18   6.78730327e+16  -2.92422552e+16   1.32243488e+17
   6.10263314e+15   1.11752571e+17  -5.64244462e+16   7.44832137e+16
   1.35418292e+17   2.14697693e+16   5.66143029e+16   5.52619779e+17
  -5.76500359e+17   8.74423319e+16   2.76850386e+17  -1.73642055e+18
   1.41152527e+18  -3.17655396e+16   1.18320940e+17  -1.06831623e+18
   9.14739398e+17  -5.71773130e+17  -1.47192989e+18   3.55728579e+17
  -1.24088701e+17   1.59072086e+18  -3.85487158e+17   1.80927181e+15
   1.45195679e+17   2.22058673e+17  -6.08267156e+16][  2.41660296e+17   3.67674192e+17  -3.05825201e+17   1.63844363e+17
  -3.44478685e+16   1.40852752e+18  -4.30576719e+16   1.31259447e+18
   3.46816142e+16   1.65737484e+17  -9.71207408e+17  -1.97241620e+17
  -3.84156370e+17  -1.51917099e+17   1.40521987e+17   1.03363419e+15
  -5.08403100e+16  -1.36297371e+15   6.06660341e+17  -2.48140984e+16
   2.00774833e+16  -2.45622261e+16  -5.81198651e+15   4.21812763e+16
  -4.62716950e+17   1.72939447e+17   1.79343888e+18   7.33367122e+16
  -5.25000566e+17  -2.09215249e+17   4.89103811e+16   3.01482524e+16
   3.55844497e+17   4.22814659e+16  -8.47581008e+17   5.15682166e+16
  -1.49846405e+17  -1.56967464e+16   3.27978186e+17  -1.29678702e+17
   4.12233820e+16   2.01802701e+18  -2.21929828e+17  -1.40802366e+17
  -2.08549915e+17  -8.90242400e+17  -9.11394790e+17  -1.48256831e+16
  -1.32904717e+18   3.21041022e+17  -1.15755411e+17   2.15384529e+17
  -2.48684658e+16   1.44583253e+17  -3.62048704e+17][  1.52744985e+17  -1.52548375e+17   2.18450332e+17  -1.34992579e+17
  -3.94933981e+16  -5.04924173e+17  -2.32185307e+17   1.68771716e+16
  -4.50110074e+14  -2.35824802e+17  -2.38105904e+17   1.74959732e+16
   1.70843427e+16   1.68401546e+17  -2.17943473e+17   7.39099450e+16
  -3.06904408e+18   1.29992265e+16   1.50690905e+16   1.69466151e+19
  -5.23793158e+16   4.08857938e+18   1.53512340e+17   1.81531514e+17
  -1.53524026e+17  -4.41270280e+16   3.05063328e+17   2.51972176e+17
   1.80962455e+17   5.98308530e+16   4.09989442e+17   1.55253038e+17
  -1.78287633e+17  -7.59088190e+16   1.70112655e+17  -3.06368971e+17
  -3.45754615e+16   9.25364336e+17   1.94147680e+17   1.18872264e+18
   4.57592583e+16   1.37970947e+17   2.27958133e+17  -8.00862532e+17
  -2.28865161e+15  -1.16367451e+18   3.12197555e+16   3.25617441e+16
  -6.31851981e+17   1.11812264e+17  -7.12038825e+14   8.08657819e+14
  -2.91696960e+18  -2.71103363e+16   1.37894851e+18][ -6.84214088e+16   2.28691429e+17  -1.42978151e+16   2.26954088e+17
  -9.79467968e+16   1.67630386e+16  -1.03295995e+17   8.09533601e+14
   1.01677229e+17   3.24194638e+17  -1.77070478e+17  -1.66175373e+17
   1.50960166e+17  -4.85506070e+17   1.11774639e+17  -6.50431085e+16
  -1.61793083e+17   7.03807150e+16  -2.74485753e+17  -1.99202605e+16
  -4.62000553e+17   4.71794100e+17   1.33297976e+16  -2.26252308e+15
  -2.53849854e+16   2.31727265e+16   2.38371796e+17  -8.75019108e+16
  -3.62030812e+16   1.67422471e+17  -2.51131187e+16  -1.12421203e+15
  -2.40856246e+17  -4.74698700e+16  -6.45012190e+17   4.16675291e+14
   1.02076046e+17   6.77463466e+16  -7.80517744e+16   1.13618187e+17
   3.30250403e+17   1.39622939e+16  -1.11171947e+17   9.14364577e+16
   1.39817493e+17   4.96978158e+17  -9.08846122e+17   6.21219254e+17
  -2.04617852e+17  -9.20242888e+16  -7.69313523e+16  -7.08986348e+16
   8.22471929e+17  -1.00940126e+18   2.03661200e+17][  2.90593514e+17  -1.11148731e+17   1.81935557e+17   3.91204252e+17
  -3.37842490e+17   2.44791804e+17   1.61725147e+18  -2.78977756e+16
  -7.80964138e+17   7.50228694e+17   2.21472873e+17   3.37479784e+16
   4.14953051e+17  -3.51557114e+16  -2.92028318e+16   5.29132161e+16
  -8.28716608e+17  -1.71273103e+17  -8.40759502e+16  -3.69932375e+17
  -1.67394239e+16   2.29967335e+17  -1.57666266e+16   1.37067675e+17
  -1.65669059e+18   8.49243435e+16  -6.27087710e+16   3.47376164e+17
   1.15050871e+17   2.99928755e+17  -1.85509276e+17   4.51290290e+17
   1.07620173e+17   1.73622083e+17   1.19615777e+17  -1.75585671e+17
  -4.86723091e+17  -3.98892282e+16   3.39852519e+17   9.43688817e+17
   5.34234852e+17  -3.56554540e+17   1.38998848e+17  -1.18039909e+17
  -1.93650654e+16   1.59984054e+17  -5.15677453e+17  -1.06061136e+17
  -3.18929839e+17   1.44077996e+17   6.76432758e+16   3.31754575e+17
   3.10885427e+16  -7.41155890e+16   7.90774480e+16][ -5.51293929e+16   1.51081156e+17  -1.86146421e+17   1.88871675e+17
   4.41401829e+16  -8.31059906e+16   1.21170057e+17  -3.15488195e+16
  -4.47497278e+17   1.98056847e+17  -3.01898655e+16   7.60248333e+16
   6.64796470e+16   2.28960927e+17  -7.76959044e+17   1.33913048e+16
   4.12018844e+17   3.38705756e+17   6.98239874e+17   3.18359262e+17
   1.57703451e+18  -7.82168640e+17   1.21257333e+17  -1.13526310e+17
  -1.03795545e+18   8.40476261e+17  -1.55079345e+17  -3.61287686e+17
   1.94830482e+17   7.25892941e+15  -2.04859337e+17   1.34127408e+17
   6.37343901e+16  -7.42285099e+16  -2.61518554e+17   3.61208940e+17
   4.51426867e+16   9.97801812e+16  -1.19134178e+17   8.51076816e+17
   2.39507845e+17  -5.14391961e+16   4.14721785e+16   1.06354162e+17
   5.99283149e+17  -3.80330886e+17  -4.98810958e+16   2.99475718e+17
  -1.03509054e+17  -1.00047548e+18  -1.93904228e+17  -8.22350909e+16
  -4.80938239e+16  -3.63899192e+17   2.74471193e+17][  1.00861799e+17   2.45190384e+17   1.61234070e+18   1.61604634e+17
   6.71965313e+16   3.62163385e+16   8.15233418e+16   7.61788644e+15
  -1.40140697e+18  -2.53734654e+17  -5.78598773e+15   3.07710358e+15
   2.70670601e+17  -7.52290429e+17   1.35841089e+18   3.26690129e+17
  -5.06512592e+16  -1.43346377e+17  -4.04780741e+17  -1.78577930e+16
   5.59291133e+16  -2.96718270e+16  -2.47557572e+17  -6.14802655e+15
   3.32909985e+16   2.64739120e+18   1.70786716e+15  -5.78539781e+16
  -2.48105168e+17   5.71662073e+16  -9.15728757e+15  -8.40905273e+16
   3.63133499e+17   2.14660650e+17   2.50904505e+17   5.12786091e+17
  -2.28662197e+16  -1.54624835e+17   4.42801024e+17   3.41363861e+17
  -3.73434067e+17  -5.03390646e+15  -1.28719372e+16  -3.54577158e+17
   4.89877418e+15   1.11566140e+17  -5.21460316e+16   8.40228744e+15
   1.64581513e+18  -2.00505761e+17   3.33765008e+17  -1.00651788e+17
  -4.32930450e+17  -4.15869576e+16  -2.06065606e+17][  2.30309177e+17  -6.94209474e+17  -1.01446607e+18   5.75087934e+17
   5.85170668e+17  -1.43012598e+16   8.20140478e+17   5.65676839e+16
  -2.81111439e+18  -3.17897622e+16  -9.87614960e+16   7.38167585e+16
  -3.27635390e+16   6.67948316e+17  -6.95337464e+16   2.92803163e+16
  -2.29992410e+18   2.23187320e+17   1.49526470e+17   3.05595951e+17
  -3.97119726e+16   1.51121298e+17   1.03120548e+17   5.27024116e+17
  -3.28743217e+16   5.25640902e+16   5.33385597e+15  -6.62524545e+17
   2.60469755e+16   1.31968514e+17  -9.81249988e+15  -1.14208514e+18
   1.21513924e+18  -3.00578581e+17   4.29818253e+17   8.71817484e+16
   7.59004939e+15  -2.78628156e+16   1.00155792e+16  -2.88259768e+16
   9.38398014e+15  -6.17575240e+16   2.84028802e+17   1.37694307e+17
  -3.78627597e+16   1.55756460e+18   2.29239475e+17  -6.12608779e+17
  -6.77654554e+16   1.63259184e+18  -1.01900431e+17  -7.30436495e+17
   1.25189706e+17   2.00347952e+18  -6.32176677e+15][ -5.18852851e+17   1.81621570e+16   1.27577598e+18   1.49683163e+16
  -1.44237290e+17   3.24800384e+17   9.36679861e+16  -8.27340946e+16
   1.28751347e+16  -3.95631419e+16   8.59562239e+16   2.02420434e+16
  -1.36245853e+17  -1.69900940e+17  -1.39827454e+17   2.44897417e+17
   7.36505109e+16  -1.63084020e+17   9.03371658e+15   7.63328591e+17
  -7.78927574e+16  -4.06870394e+17  -1.53743808e+17   3.45375057e+16
  -8.71178963e+17  -7.91931051e+16  -2.30948547e+17   2.08288402e+16
   1.29489752e+18   1.16908588e+17   1.99236776e+17   1.94132119e+16
   3.21726569e+18   3.99823539e+17  -6.95342119e+15  -1.50810455e+17
  -1.62651773e+17  -2.53359372e+16   1.83024102e+16   6.45300328e+17
   1.28958532e+16   1.64114307e+16   6.32957789e+16   2.25114857e+18
   2.95771858e+17  -4.62025605e+17  -9.30981693e+16   9.98720494e+17
  -1.15600214e+18   1.71850954e+17   6.51059599e+17  -4.75614923e+17
  -1.53592203e+18  -1.67153142e+17   1.64746880e+16][ -1.74510279e+17  -5.14067601e+17  -1.81035432e+16  -1.25555046e+17
  -1.19313850e+17  -2.95403342e+16   8.79675705e+16  -3.28385771e+16
  -6.25913861e+16   6.74132003e+17   7.33630884e+17  -8.28131913e+17
  -1.28891622e+17   3.99579265e+15   4.77467967e+18  -7.10198614e+16
   5.00007149e+16  -2.24487502e+17   9.79926900e+17  -1.12381573e+18
  -3.40303174e+17   1.97355992e+17  -7.87461906e+16   4.02324615e+16
  -9.48062944e+17  -1.71977295e+16   5.80788936e+16  -1.42259158e+17
  -6.40929838e+16  -4.47667029e+17  -3.07812009e+17   6.39856492e+17
   5.04190860e+16  -3.19912558e+16  -3.07178585e+18   7.08481135e+17
   1.34644239e+17  -1.20354793e+18   7.80224029e+16   1.16979283e+17
   2.91136144e+17   2.53427591e+17   1.54317032e+17   1.76818191e+17
   1.92827982e+18  -1.88395640e+16  -6.95889770e+16   1.76538825e+18
  -4.16866185e+17   3.63063332e+17   6.83782700e+16   8.05493031e+15
  -1.37328506e+17   3.19969802e+16  -1.15896117e+17][ -5.98588466e+16  -1.40897346e+16  -4.74376835e+16  -4.71838777e+16
   1.24501334e+17   8.18714297e+17  -5.69990831e+17   9.14216282e+16
   3.69646451e+15  -1.51034578e+16  -8.03192340e+16   7.22150908e+16
   2.03205248e+17   2.80884498e+16  -4.78404260e+16  -2.17712604e+16
   3.91633943e+17  -1.17292311e+17   8.30067355e+16   2.22220877e+16
   4.59403471e+16   2.58527785e+17   1.59740803e+16   6.22378297e+18
  -3.03287109e+18   6.40023362e+16   1.22637329e+17  -1.64236412e+16
   7.40009683e+17  -2.04266923e+17  -2.49633362e+16  -5.98709584e+17
  -5.20871593e+17  -2.82314215e+17   5.46845647e+17   4.68032707e+17
  -1.14929004e+18  -8.73935413e+17   6.49516476e+16   6.34455590e+17
  -4.35798417e+17   6.16641854e+15   1.90945299e+17   8.35831117e+17
   1.65496873e+17   6.30534651e+16   3.04612497e+17   3.60592352e+16
  -2.51845911e+17  -2.42934877e+16   1.49307669e+17   5.44731398e+17
   1.56575047e+17  -8.99904837e+15   4.37180778e+16][ -7.65575822e+17   8.41053336e+15   5.81907336e+17   1.49908683e+17
   2.98638247e+18   3.52327331e+17   8.74769356e+16  -3.27303976e+16
  -1.21063958e+17   2.70058859e+17  -8.51265273e+16  -3.07867194e+16
  -1.20414725e+17   2.93247899e+18  -6.08693314e+17  -1.14544815e+17
  -8.80525041e+16   4.13241637e+16  -1.25162095e+18  -1.23390664e+17
   6.93290529e+16   7.63916090e+17   6.77751200e+16  -3.10912649e+17
  -2.59392546e+17   8.23465659e+15  -2.49499054e+16  -2.72290635e+18
  -2.58546200e+16   1.70881631e+18  -5.53557210e+16  -8.38338891e+15
   1.42827207e+17   6.39431852e+17  -6.33977256e+16  -7.57203459e+16
   2.19569878e+17  -3.99176527e+16   1.37088193e+16   1.97860642e+17
   6.32416386e+17  -2.06987954e+17   2.90736899e+17  -2.20609381e+16
   6.09139487e+16   5.19978834e+15  -2.06003520e+17  -3.62931798e+16
   8.89153313e+17  -8.36427835e+15  -1.40310569e+17   1.41526150e+18
   2.32528773e+17   2.95103908e+17   1.99854507e+16]
 pesos capa salida
[ -5.91630323e+18   5.34778575e+17   2.12089947e+18   4.06335245e+18
  -1.11014349e+18  -1.42687220e+18   1.50612403e+18   2.31546090e+18
  -2.05304654e+17   5.95706031e+17  -1.28360565e+17   1.19460228e+17
   1.08285089e+17   1.84849490e+18  -9.88011322e+17   8.54643797e+18
   9.57473052e+17   5.01327731e+15   6.07645297e+18]
 biasCapaoculta
2.039764847939035e+16
 biasCapaoSalida
-5.831131053379044e+17
 mejor error
159.0
 Precision 
0.7237185056472633