
 fecha de inicio Thu, 09 Nov 2017 04:59:21 
 fecha de la generacion Fri, 10 Nov 2017 08:27:14 
 generacion: 338
 pesos capa oculta 1
[ -60.29618893   26.38880026  -83.09059966   52.56109189   26.88641578
   -3.78140361   -9.35029431   -2.54109141   35.37708678 -131.71530468
  -46.47519316   35.57966583   18.91175648    2.05172242   19.59791618
    2.66236486 -109.86294821  -58.92067678  -57.07507379  -63.53000942
   36.94132929   -3.92832807   10.49320522  -23.85758359   -8.73257873
   20.30462451   16.66024708    2.92529525   15.66637339  -27.75445045
  210.58117088   29.90812128  -12.89215982   16.93043448  -52.05493337
  -37.5178156   -39.65916659   10.71752174   -5.54105104 -147.05328042
   73.41963701   10.53291755   13.9216411    28.03297055  -28.32128397
  -16.34394423    7.41123948   33.29215474   15.34424908   32.9187216
  -14.88787941  -92.5254777    12.9368209    42.40994963    3.43983817][ -39.19387202   16.797774     42.38189956  -73.08130254   96.66144297
   25.09881462   10.42895353   46.08121477  -18.00665156  -20.68937949
  125.84699657  -65.17853108  -46.37830108  -65.29295986    6.55931534
  -51.76877237  -19.15623932    6.34649577    5.14043944  -20.31141739
  -15.05244453    8.53357069   17.21889468  -35.62014368  -35.97595282
  -30.67770181  -11.14983583  118.35032902   -0.89975406  -10.46758792
   14.13593901   16.01847616   82.1020686    14.43718567    0.16018172
   52.45077413  -55.17731052   26.68087956  115.55292128  -16.36523163
   -9.68150788   -1.73770791  -35.16068344  -12.75065392   57.54438339
   23.17379613  -16.24403688   31.51370092  -85.06977447   16.17725737
   30.9524333    28.70022706   59.02244839   49.85505939  -12.6072437 ][  20.16388683  -53.53218373  -45.42588423  184.4147053    -6.82126083
  -11.41634031   10.12838561  -83.31626468   50.67210963   77.28032159
  -12.88099843  111.75614106   26.87242311   36.19951041   65.07358695
   -4.87571131   19.56126048  -67.02172118   21.91701107    2.85169558
  -16.50233532   -3.42256832  -22.21398768  -40.17987955 -152.27392311
  -20.43642168  -34.14050439  -23.42097249  -13.29687257   21.23278742
   69.61387255   -7.99825341   -6.08942309 -229.75302286   10.44049325
  129.00119072   44.18706803   -1.50737133  -30.39612454   -6.73784408
   61.12229059  -29.74621774   30.34202046  218.33001634  -96.09864556
  -19.73813379   52.67459489   54.78415089   44.74843912  -25.87058917
   21.73602367    7.47901804  -51.59066447 -112.35143821   16.95842499][ -1.88340471e+00  -1.69964002e+01  -2.20408983e+01  -5.50998294e+01
   5.40207564e+01  -1.01829269e+02   2.90586629e+01   1.88194752e+01
  -1.79988142e+01  -2.34910829e+01  -4.38532120e+01   4.97888290e+01
   1.30484058e+01   3.35668761e+00   1.91361390e+01   2.91575478e+00
   4.88804939e+01   2.08130075e+00  -4.21008982e+01   2.63142280e+01
  -2.89648273e+01   1.57432229e+01   5.22117291e+01  -2.23673012e+01
   1.18791763e+02   9.07995513e+00  -9.97957157e+00   1.32834563e+01
   2.64486555e+01   1.21138780e+01  -5.81712869e+00  -2.28366828e+01
  -3.25880863e+01  -1.36505502e+02  -4.30561499e+01   1.70483260e+01
   1.15258201e-01   8.57778020e+00  -4.28842110e+01   2.36590431e+01
  -2.07375334e+01  -1.97792912e+01   2.94611971e+01   2.52165066e+01
   1.13065225e+01  -1.39752579e+00  -2.96070621e+01   1.29472235e+01
   2.51136551e+01  -1.29270097e+00   1.04623234e+01   2.59214668e+01
  -6.18342931e+01  -1.38728482e+01   1.47574109e+01][ -23.58792247   12.80123085  -36.93076256  -86.49521609  -43.55985872
  -86.89619024  -71.07504      34.98769132   45.66262586  -61.79442464
   11.74334301  180.19773107  -59.44723401   22.26754357   -3.31376083
  -19.42568743   66.25632783   -3.92947397   -3.49651441   -1.04814939
    9.51023276  -50.40965962  -60.15097109  -17.547088     19.04573884
  -59.48700173   15.45420061 -127.35450968   22.31278346    0.28429451
   21.7175808   -48.50387976   -1.20679033   27.23225285   -2.5846753
   11.67610696   44.05303775   46.38363709   -6.6136609    56.75100352
   -0.492475    -39.22216842   27.32395648   55.68996964  -44.4028427
  -28.81075293   18.77527093  151.23379462   31.21034997  -19.25090732
  121.07331036  -26.81168236   34.07543571  -23.58725431   -2.75118477][ -1.40744454e+00  -1.00761658e+00  -2.22678709e-01  -5.23792332e+01
  -1.19955323e+01   2.46540835e+02   8.37782988e+01   1.35420149e+01
   2.36499024e+01  -8.89882906e+00   6.89536603e+00   9.44038301e+01
  -2.39672481e+01  -1.42888039e+00  -1.23207459e+01   6.55451540e+00
   4.32118332e+00  -8.39466896e+01   3.27944026e+01  -6.07165895e+01
  -2.42862316e+01   2.40972164e+01  -8.87524211e+01   2.53636786e+01
  -5.72860693e+01   4.31888698e+01   1.60651735e+01  -3.38865027e+01
   7.90167478e+01   1.20078557e+01  -3.11650919e+01   3.35042450e+01
   1.21159574e+02   7.50783473e+00  -2.86449565e+01  -4.22942042e+01
  -1.17418284e+01   3.70623235e+01   1.41901732e+00   6.06963830e+00
  -1.48893809e+01  -8.88138843e+00  -6.17934998e+01   1.84767818e+00
  -9.84435484e+00  -2.94952199e+01  -1.12584517e+01  -1.63086272e+01
   3.06849530e+00   3.72128695e+00  -8.94320414e+00   4.03217129e+01
   1.03714912e+02  -1.26209830e+02  -7.59604068e+01][   5.36795646   28.09648219  -37.57816241  -12.78395021  -78.00346477
  -15.40075857   23.40778869   27.03217998   -2.94201718    9.92796232
   10.98839053   42.24418382   88.30369809  -20.34548342  106.49078557
  -26.27695859    1.76012378  -20.14720655   -7.73596825   14.14867828
   24.85045941    9.39464459  -50.54263522   12.35283985  -20.88464761
  196.51675646   36.44467923   -5.64331709   -8.73586935  -56.87020394
   25.93107343  -18.7339279   -15.98078336  -22.74877771   -8.97757706
  -14.49684071   18.23588443    9.38862225   65.63964982   -5.10038849
   36.95082434   -6.0779519   -29.44592302   -7.16627554  -49.23090907
  -30.85291654    6.61781861   22.52578973 -107.0776321    60.49076
   -9.39802357    8.09368957   15.53686069  -97.92027271   19.50514423][  14.45202242   -3.29645994  318.5453371    75.20093785  -35.28192361
  -12.68033092  -24.48764845  -38.98854144  -40.14268264  -17.78002815
  -31.1127736     4.75433226  -15.12171465   42.71403747   50.39598466
  -13.65482911   11.09576035  239.91419602    8.24007316   80.40767196
  -19.91964018  -13.83946436   72.14946194   19.85678682  -15.14655247
  101.36655806  -14.05718742  -96.51749907    7.91556304   26.21712558
   15.29771135   14.03358532    5.64811694   58.64273629   15.60852733
  -27.37161128   24.39016076  -23.53508511  -30.2188011    12.34858149
  -21.14066029   49.02213974   94.52220758   34.30576912   46.49408483
   10.38032645  -30.07659658   -6.25802536    5.21223548    8.95947567
   32.84523207  -25.19159504   11.19475536  -23.53960529  -35.75981933][  70.24062798  -42.90226379  125.83081909   11.32264877   61.6604843
  -21.36356126   81.23351937   11.06794015   36.36236576   56.79884815
   77.12637062   35.27709005  -39.90066265  -36.86921682   -5.88391133
   36.95609515  -37.26060029   -6.11453209   -8.465453     15.44523718
  -24.06584427   63.99642011  -42.77641836   28.93882142  -44.46226405
   10.07205809  -15.14677976   33.42480931   11.84670352    5.53992516
   41.00509783  -32.37079037    6.52499738   17.1580444    -7.73370014
  -35.54456297  -24.84264979   -9.10906702   27.56026101  -20.56566177
   -4.03772779    3.3309885    17.64870167    3.96628583    0.60943994
   14.91681349   -0.16649621  -14.57624671 -120.95821093   -3.56857645
   -3.60366283   89.04961861    5.59028708    7.37755266   26.97712717][  -5.04445718   26.25910648    3.10684638    0.60699402  -31.74874585
   14.54108775   18.76923124  -23.6984308   -19.33891003  -25.90894701
  -23.05805556  -61.73384225   35.14870282   25.97938047  -12.48892919
   12.47609694    6.16750546   -1.49613795  -38.78085132  -69.11826105
 -133.11742757  -27.66140632   21.05501732   16.36850209  -32.37872781
    4.15162696  -18.55018159   69.43838154  -14.3228242   -38.07949024
  -42.87919693  -67.9169454    83.11715839  -34.73473469    0.98219663
    3.46696851  -28.56827892   47.27838439  -23.6965424    16.74901706
  -44.80811195 -566.75357159  -41.87451003    6.50539383 -154.33186304
   -8.24126061   15.56205523   12.80259301  -29.245101     -2.38439702
  -17.42573799   44.06655461   44.55023424  -19.76125308   32.16107262][ -3.22290622e+02   2.05147531e+01  -2.45981359e+01  -1.97036181e+01
  -2.16224812e+01   5.68372990e+01   1.47511726e+01   3.62885212e+00
  -4.29476240e+01   1.55091732e+01   2.32989707e+01  -3.45843426e+01
  -6.85282223e+01   5.28223964e+01   1.02241509e+02  -5.90574872e+01
   3.35781126e-01  -5.20114226e+01   1.23043601e+01   8.00830209e+01
   7.61249560e-01   3.48825079e+01  -1.53528933e+02  -2.58837938e+01
  -1.11871250e+01  -3.34575953e+01   5.09170304e+01   5.25134941e+01
  -1.23314259e+02   2.59232889e+01   5.84383569e+01  -1.66484657e+00
  -4.39990826e+01  -3.23779364e+01  -2.89827897e+01   8.75788378e+01
   2.33590115e+01   2.65898772e+00  -1.83190055e+01   2.42311524e+01
  -1.21639469e+01   1.15091085e+01   1.86676053e+00  -1.78830464e+02
  -2.39405099e+01  -4.70849159e+01  -3.23984384e+01   5.39144463e+00
   1.73089519e+01   3.85014521e+01   5.88790001e+01   4.62372967e+01
  -5.39216700e+01   7.29531810e-02  -3.52775523e+01][ -59.93987642   19.01712973   26.63319834    1.39324272  -46.03780019
  -49.21601922   23.06449282   -4.65592614  -16.19669332  142.48320238
   16.29266286  -17.37502187   13.8677453   -43.2368533   -26.73774131
   23.78743707   -1.89132481  -76.97816894    4.21920786   49.73097817
  -47.1859427    40.68655544   -7.42007938   14.38699367   -3.83519583
   60.83289417   29.55887014   -8.66094334   45.44939355   -1.56764184
   37.82907808  -31.37647469  164.35709496   30.27770805  -15.3859658
    4.66477127  -12.10638469  -14.20327973  -29.65650224   18.23197602
   54.6182252     4.11186969   26.16150827   26.31651419   47.38726852
   16.02650504  -17.38892159  -41.09785751    9.6174509   -32.55633445
   23.8831253   -10.41246743   54.98328372  -82.14237528   12.32025547][  14.90282465 -186.95915643   -3.8489555     8.69886478   59.09109469
  -18.84058107  -34.53198162    2.09465459  -28.88216372   22.1762273
   81.65576056  -34.2223581    22.30666395   26.35700642  -16.52411815
   46.08301589  -12.10776196   47.57190461   17.49523449  -65.66114618
   36.25788229    5.25227408    7.63774989  -25.0834903   136.86856299
  -27.99808583  -57.11378598   12.52715842  -33.23208709  -48.57305402
   -5.48128999   23.81188655   -7.22250896   11.11328061  -46.92436415
    5.97307045    9.8621693    -2.92343007  -22.58115951   14.55175199
   31.50921572  -12.78169139    2.7562021    -7.47214794   55.81921433
   88.22107554   -8.88507065  -20.93812649    4.06345352  145.19180441
   10.03038105    5.59371861    5.80719372  -69.03656377   19.62113592][   3.4712167    33.98696224   88.9373359    43.45348462   49.86845762
   26.42239881  146.67248167  222.56348295  -16.00308257  -14.4934124
   26.90848111   -3.26330766   61.2766151   103.49857444   35.39090307
  -35.18934419   44.52883473    2.05399291  -45.34760772  133.37509499
  -17.30500245  -43.70521068  -10.97425417  -16.18230138  -35.62677317
  -13.11006473  -60.99423647  -19.6116767   -10.04201202   32.1965803
    1.73397498   51.57275902   12.05465796   42.50527598    2.19935395
   22.41857332   93.04203664   -1.78754458  -12.9624465    -9.47199097
   58.56335311    1.85033787   29.06226895   18.69852419  -36.3179217
  -44.01110314  -26.99821622    8.84325855  -17.349853    -38.26986044
  -22.98519487  -35.70953169   50.9784044    52.94907912  -37.48563791][  2.54239998e+01  -9.04753290e+00   1.69560529e+01   5.89562389e+00
  -3.24561854e+00  -3.67652904e+01   1.11052661e+01  -5.81496798e+01
   5.52890549e+00  -4.54719883e+01  -8.81573607e+00   8.99232240e+01
  -5.09767310e+01  -2.63097694e+01  -5.24107472e+01   5.01984465e+01
  -2.38488183e+01  -6.92592380e+00   4.38075352e+00  -2.68860224e+00
   3.54255155e+01   3.64526492e+00   1.93574551e+01  -3.24185058e+00
   2.40566954e+01   9.87719022e+01   7.76061918e+01   1.11062993e+01
  -1.93483573e+01   7.23270771e+01   1.14266803e+02  -6.31780480e+01
   1.60403878e+02   3.07098244e+02  -7.91689833e+00   1.69697652e+01
  -2.06331654e+01  -5.23089247e+01  -2.45254086e+01   2.53999959e+01
  -4.54492920e+01  -1.18727101e+01  -2.52756852e+01  -2.86189870e+01
   4.45028378e+01   5.05045518e+00  -2.60289493e+01  -2.98225542e+01
   3.71775491e+00   5.57723129e+00   8.79351370e+01   1.78429553e+01
   1.28953134e+01   2.77290547e-01   3.42248307e+01][  14.66967268   -3.31855458  -16.27746181   -4.25854767  183.52969333
    7.83585771    6.9586024    37.48735654   20.64225903   11.73943126
  -32.03552208   -9.43849272  -26.60280797   -4.59418137   74.55590542
   60.84242378   28.24693801   21.18724946   -6.21022923   -0.79772203
   54.30914928    4.88579381  -75.28195261  -23.32984252   25.44961811
  131.28917737   26.34070222   14.72217453   69.12748381    4.83483096
   -9.57726968  -76.0925983    45.06682622  -17.99509785    4.26252227
  -27.20505445  -39.00075326  -13.7076184    39.96479234   52.34537349
   14.62844447   78.23670137    7.08075546   29.15811723   22.28147828
  -31.38149466  -33.31795446  -30.0497518    -9.66150961   90.27188161
   88.1701874     2.12229386    5.12197818   51.25622599   10.23577734][ -14.66108371   16.91431254   86.10165506  -18.20160977  -14.1898865
   -5.47454684   13.65409479   24.867484    -57.46067823    5.61984751
   71.57190348  -30.78173128   10.76492869  -11.5936467   -76.37198045
  -21.93522831  -14.34602797   -2.7136041    39.47646549   16.36886632
   33.04414985  -64.20344316 -102.54941487    7.97802841  -25.63240056
   -2.24753683   20.71011563   49.41157658    0.45674023   52.35305832
   42.70709337 -309.99227459   -4.2537215   -10.10899212  -22.15744784
   26.66399411   19.90253274    7.47746648  -63.28570255   32.33680934
  -65.17414492    4.8544757   -40.76071674   11.93326904   -0.75960747
  -85.71539427   36.10265089   38.76459618    5.95674704    5.39862621
   63.85402872  -44.15139488   43.14104366  -27.52899558    8.96783427][   6.03965418   -0.90974573   22.55306927   -4.35656224  -13.22904997
  -30.89008016  -65.07757632  -18.81777685   38.63350783  -20.29565799
    0.19640685   36.57916894  -11.03666479   16.70613646  -16.31063659
    6.69479338   31.39812963   64.86517548   12.42455446  -13.28634998
   52.44561252    9.27552147 -102.21525256    5.21874337  -89.2712403
   64.71903466   21.28827636  -44.31009684   68.01840052   87.6132728
  -47.54263579   44.26733214  121.38953974  -19.85364641   26.9381827
  -31.13726069   13.692669     18.15681373  -19.65777889   19.71094876
   19.85454322    2.91646702    6.82274242   -7.82515292   18.8148619
  -34.6998986   -28.31384036    6.85737325   36.13683019  -87.84842591
   29.90831322  -25.25071447   50.59577602   -0.69764616    0.56291818][   1.98288403   38.22154691   -3.01469063  -92.5537864  -165.45739909
  -23.38423952  -30.42355597   18.20041886    9.32906016 -137.11131274
   19.07468503   52.08253269    6.66721995    0.97383648  -31.12568796
   -4.86159095   10.19417053  -62.97759772  -31.52069828   60.18380995
   30.58737926 -300.12171376    7.10844443  -82.57731713   18.8331086
  -51.14544081   -7.07705838  -48.96107075  -72.17463542   -8.77616745
  -27.19049117   23.29247709  -49.51625463  -11.33703757  108.6641845
  -69.63500379   14.49902521  -58.48453468  -44.63216696   16.18520528
   33.68581069  -32.68083574  -20.66895648    4.01501935   18.96794911
   66.53054458  -25.233598    -29.0313591    35.40765276  -24.48508753
   11.74330063  -23.89272732 -155.82713605  -44.3545249   -10.6780728 ]
 pesos capa salida
[ -64.33852452  -18.92472989   20.62619161   52.07500649   38.22941922
   49.14417965   48.23769145  119.51460984   72.1241678   -35.42599007
  -24.2739495   206.48747914   67.61892339   51.37726757  127.33687047
   80.16672075   73.07600898   13.44570536 -204.15059142]
 biasCapaoculta
-11.126789774345612
 biasCapaoSalida
6.764869169255387
 mejor error
174.34579978847495
 Precision 
0.6959165942658557