
 fecha de inicio Thu, 09 Nov 2017 04:59:21 
 fecha de la generacion Fri, 10 Nov 2017 23:44:13 
 generacion: 793
 pesos capa oculta 1
[  1.60652887e+09   1.61537259e+07   2.46589620e+06  -1.49481042e+07
  -1.80704299e+07   3.85426051e+07   6.71449738e+08  -4.98152804e+07
   1.50823500e+09   3.79117967e+07   1.01140767e+09  -1.45835745e+07
  -5.31719834e+07   3.08838656e+06  -3.05826093e+08   8.54555992e+08
   9.28056253e+07   1.17424741e+08  -3.79970682e+08   2.32884039e+09
   5.64238793e+08   2.55878510e+08  -3.53057985e+08  -3.46377286e+08
  -7.88851317e+06   8.09441711e+06   4.67375531e+08   4.48670170e+07
  -5.28309949e+08   3.77020193e+08   1.92318818e+07  -3.48373069e+09
  -2.96862025e+08   2.01060480e+07  -5.88190866e+07   2.22788111e+07
   1.07202048e+07  -9.64646079e+08  -9.11745256e+07   1.26760540e+09
   4.57230792e+07  -4.74511165e+06  -5.38976315e+08   5.77626416e+06
  -2.63458431e+07   2.19965674e+08   6.46875149e+08  -7.14481189e+06
  -2.07947831e+08  -1.68683597e+08   9.97268577e+08  -1.28625232e+08
  -9.06626365e+07   6.26642111e+08  -9.89683412e+07][  4.40665132e+07   1.02645068e+08   6.84821386e+06  -1.05884144e+08
  -4.33439106e+07   8.95777407e+07   9.62098169e+07  -7.33293026e+08
   3.82140975e+08  -1.25602963e+07   1.33153374e+08  -3.18113127e+08
   4.72039417e+07   8.78429408e+07  -3.85498706e+08   6.75038017e+08
  -6.17198699e+08   3.29514497e+07  -1.30848793e+07   3.73880549e+07
  -3.85649626e+06  -3.70764102e+08   7.33778289e+08   1.76447264e+08
  -2.47626022e+07   2.00103637e+08  -1.68204109e+07  -3.30805018e+07
   7.81891738e+07  -6.26830320e+07   1.15712438e+08   4.13695651e+06
  -1.62629702e+08   9.63011176e+06   1.31272423e+09  -2.39055565e+08
  -6.13575320e+07  -8.40357133e+06  -1.87646164e+09   5.54629119e+07
   1.11528182e+07  -6.76027715e+08   7.89057079e+07   9.01165879e+07
   1.53418004e+09  -3.56276790e+08   6.65282035e+07   6.77510154e+07
  -5.10622117e+07   1.98892011e+08   6.04079923e+08  -2.19451487e+06
   1.58601265e+07  -1.40535257e+06  -1.08789314e+08][  2.62758704e+07   3.06374492e+08   2.69960227e+07   8.36951668e+07
  -8.51011998e+07   1.80649543e+07   2.05948369e+08   9.83540891e+06
  -8.53430492e+07   1.18556427e+08  -8.67087007e+06  -1.35668558e+08
   1.70787709e+08   1.03065498e+08  -6.88773426e+08   4.59219934e+05
   3.13827899e+06   9.31949424e+05  -4.95831404e+08  -3.63625557e+07
  -3.39036171e+08   2.55797293e+08  -2.30591913e+08   2.40863203e+09
   3.58202521e+07   2.07977842e+08  -5.36449556e+07  -1.26357668e+07
   3.15694133e+07  -3.94539170e+06  -1.30704073e+07   1.95445089e+08
   1.01763212e+09   2.42481201e+07   4.01765978e+08  -7.93372197e+06
   2.16084832e+07   5.85103547e+07   1.86789118e+08  -6.06285939e+07
   3.71968761e+08   6.77922557e+06  -1.38216189e+07  -8.74415767e+07
   8.90620828e+08   8.28228408e+07  -9.52408926e+07  -2.72624819e+07
  -1.17573105e+07   6.84753439e+06   6.16508645e+07   9.57660537e+08
   5.51807117e+06  -7.69913212e+06  -4.58611060e+07][  3.35229193e+07  -3.62537638e+07   9.43515238e+07   1.90326761e+08
   1.34572462e+08   3.19811505e+09  -5.97580529e+07  -1.75679824e+07
   8.95832803e+06  -2.22431117e+09   4.02036683e+08  -2.58744068e+07
   7.76874811e+06   7.11195845e+07   4.42873234e+06  -8.37940416e+07
  -4.65399883e+08  -5.04537739e+08  -7.88266801e+08  -5.03019317e+09
   1.92409270e+07  -1.24181923e+07  -4.71919432e+06  -6.59564594e+08
   5.21065240e+07  -2.75811467e+07  -4.65362222e+07  -2.58010663e+07
  -4.82811653e+07  -3.05164282e+07  -8.47109116e+07  -9.25575329e+06
  -1.67844324e+08   1.49193760e+08   5.46964741e+06   4.85057355e+08
   1.92141093e+07  -2.54600708e+07  -1.97420712e+08  -1.11413421e+08
  -1.02113816e+08  -1.10373046e+08   1.67090569e+08  -2.23920999e+08
  -2.94278565e+07   2.68946137e+07  -1.02118699e+07  -7.24182697e+07
  -1.67009153e+07   1.39845523e+08  -3.46513204e+08   4.07191370e+07
   8.95196173e+07   6.56139145e+08   9.64179864e+07][  1.65562837e+07   1.75495636e+07  -1.14040794e+08  -1.93269036e+08
   1.04972897e+06  -1.05599217e+08  -8.52652347e+06   2.91747006e+08
  -4.50626439e+08   1.51586830e+08   1.82260485e+07   8.88678386e+08
  -7.86016749e+07   2.62095297e+08  -9.21695347e+07  -3.63159043e+07
   4.40187595e+06   2.51382259e+07   1.02101366e+07  -7.19306234e+07
  -3.07500951e+08  -5.72866786e+07   3.30445334e+08  -2.29829876e+06
  -1.29535357e+08   3.80736535e+07   4.49553886e+08  -7.09890737e+08
   2.76673088e+07   7.32931695e+07   4.43718349e+07  -4.89732168e+06
  -1.10708878e+07   1.58948250e+09   6.15269826e+08  -4.93192229e+08
  -3.69894946e+07   4.57687443e+08   1.96619777e+05  -2.87284716e+07
  -6.56429938e+07  -1.73290672e+06   3.91934396e+08  -1.75598093e+08
  -7.61428285e+06   2.50354894e+08   1.56345151e+08   5.78685296e+07
  -1.85992242e+08   1.33793384e+08   2.97659726e+09   1.10702917e+08
  -2.45549950e+08  -7.98644144e+08   1.55991432e+09][ -8.49403213e+06   3.64502720e+07   5.61258239e+08   1.56664370e+07
   1.36460956e+07   8.02824869e+08   2.89987096e+08  -4.64247803e+07
  -5.94682197e+06   6.29520730e+08   1.11517689e+08  -1.36647784e+09
  -1.06126568e+08  -1.10486038e+07  -3.47712103e+06   5.11213301e+07
   1.36647758e+06  -3.97211191e+07  -1.30454787e+08   3.26222609e+08
  -3.89658147e+07   1.01933896e+08  -3.41871901e+07   7.70337146e+08
   1.10183506e+06   3.12307277e+09   1.50436107e+07   8.94025220e+07
   3.41127811e+07   6.22899564e+07   2.32709384e+07   1.37419240e+08
  -5.18927796e+08   5.30051170e+08   9.35824332e+08   6.47536079e+07
   1.32768166e+06  -5.66958711e+07   2.67577260e+07  -9.87526497e+07
   2.25775038e+08   6.67404525e+07  -1.11458751e+08  -1.42637036e+07
  -4.35347377e+07  -3.81841161e+08  -4.69270617e+05  -4.97791812e+09
   4.60273441e+07   1.43680151e+07  -6.55526821e+06   3.19740015e+08
  -2.36956181e+07  -7.16264942e+06  -2.18703816e+08][  3.76650958e+08  -1.58432387e+08   1.97555115e+07  -1.64576535e+08
  -1.59423712e+08  -2.20188275e+06  -6.33608115e+07  -6.68932973e+06
  -1.07913558e+09  -8.15422651e+06  -4.60857999e+07  -1.96002003e+08
  -8.84743584e+07   9.54486435e+06  -4.92589483e+08  -8.31332185e+06
  -1.10828577e+07  -5.35896850e+07   7.55438292e+08  -2.53554278e+07
  -5.25547466e+06  -6.79442545e+08   8.66414246e+07  -1.55993281e+08
  -2.70048993e+08  -7.25518542e+07   2.33606082e+07  -6.15231875e+07
  -4.83232860e+07   1.67533363e+07  -7.11972371e+07  -8.30824404e+07
  -1.23669288e+07   5.85110156e+07  -3.81351067e+08   1.17781604e+08
   2.61782371e+08  -3.02159680e+07  -3.16644679e+07   2.12151150e+07
  -5.81733417e+07  -2.56218415e+08  -1.40169106e+07  -5.66060861e+07
  -2.50819428e+09   6.60804065e+07  -2.42472155e+07  -1.29445966e+07
   3.00859132e+06   1.05226174e+06  -1.66135801e+07   4.46212279e+07
  -6.76021207e+07  -3.29308312e+08   7.32417491e+06][  1.27255579e+08  -7.63361856e+07  -1.06464558e+08  -1.83580155e+08
  -1.47162561e+08  -3.51257682e+06  -6.53351715e+06  -1.26083284e+08
   1.01869117e+07   2.08194214e+07   2.96131713e+07   6.32955517e+07
   5.37812325e+08  -3.93556469e+08   1.58535468e+08  -7.16533892e+07
  -6.71421525e+08  -1.61682612e+07   1.05142243e+08  -1.08263151e+07
  -4.55451636e+07  -3.88382237e+07  -4.53234357e+07  -2.08727264e+08
  -3.46318382e+09  -1.17759176e+09   9.17856570e+07   6.83345540e+08
  -1.78230468e+07   8.38735359e+06  -9.78170797e+06   3.43169869e+07
  -1.44817290e+07  -4.59881719e+07  -1.49669865e+08  -4.30026053e+08
   4.35706659e+07   3.95881329e+07   9.17185287e+08   3.85977118e+08
   5.07572909e+08   1.26733997e+06   4.83552775e+07  -1.39367226e+07
  -3.06540294e+07   4.34491064e+08   2.50214911e+08   2.95524909e+08
   1.25333205e+07  -9.84477493e+07   4.48258458e+07  -1.09024247e+08
  -2.84741931e+07  -1.03556502e+09   3.41804597e+08][  1.11810103e+08  -1.95972837e+07  -1.54206210e+07   2.69733146e+07
  -1.64980721e+06   2.92918958e+07  -3.26839123e+06  -1.55123212e+08
  -1.55723831e+07  -1.46727643e+08   2.11138224e+09  -1.77655262e+08
  -2.88514244e+08  -3.46417943e+07  -3.19113198e+07   5.40901435e+07
   7.80362598e+06   3.40210486e+07   8.28241097e+08  -1.28313214e+07
  -7.39573467e+07  -6.64816358e+04  -3.61724362e+06   3.06069123e+07
  -1.13106079e+08   5.35909126e+08   8.39467110e+06   1.01291537e+08
   2.68409607e+09   2.63554683e+08  -1.50171037e+08  -5.61079711e+06
  -1.79256882e+09  -5.81952179e+07  -3.16895130e+07   1.09597320e+08
  -5.18966381e+07  -4.42852044e+07  -1.22764712e+08  -3.42222624e+07
   4.92014374e+08   2.74508846e+07  -3.25933004e+07   8.70989483e+07
   1.02326702e+08   9.16835498e+06  -1.84627021e+08  -4.95065459e+06
  -2.35251593e+08  -9.92967174e+07  -9.51719845e+07  -6.10709953e+07
  -2.73554055e+07  -4.89227806e+07  -5.49302391e+07][ -2.47740937e+07   5.96079329e+07  -3.52142476e+08  -2.17134667e+08
  -1.48725078e+08   8.46985664e+07   8.95543555e+08   2.02972489e+08
  -6.54044181e+06  -5.17221322e+07   2.14528672e+07   5.05578176e+07
   2.99733592e+07  -1.65070832e+07   1.96042941e+08  -3.53455494e+08
   1.46901662e+07  -2.50783838e+09   5.69364844e+07  -3.21413333e+07
  -1.56647977e+08   5.73959327e+07  -4.82419267e+07  -7.57360130e+08
  -8.48223112e+07  -3.97244528e+06  -5.84352602e+07  -1.19144009e+08
  -2.10720805e+07   3.33720403e+08  -6.62080797e+06  -4.29301818e+07
  -2.94060379e+08  -5.50478483e+08  -2.01912420e+08  -8.51095431e+07
  -4.89071105e+08  -1.13232083e+08  -2.76829106e+07  -3.17096518e+07
  -8.26678297e+06  -2.08141828e+08   2.49104237e+06  -8.78106019e+07
  -3.21109201e+08   2.70536761e+07  -2.12765910e+07   6.56557508e+06
  -2.50771195e+07   2.02781344e+07  -2.91550473e+08   2.14656446e+07
   9.04461954e+07  -1.35466960e+09   6.54570246e+07][  4.45616569e+08   1.64242829e+08   2.57357679e+06  -6.22327895e+05
   9.50703002e+07   7.69625422e+07  -7.43905918e+07   2.65247708e+07
   2.45462811e+07  -1.79429597e+08   1.69828653e+08   6.47973889e+07
   1.69330150e+08   1.99239723e+07   2.53684096e+08   5.06345242e+07
   2.67393581e+08   5.15697843e+08   4.14896774e+08  -9.74412942e+05
   4.68121175e+08  -2.42624777e+08  -1.67947272e+08  -6.65336469e+07
  -2.31748835e+07  -1.88545980e+08   1.74819686e+09  -5.05649815e+07
   1.25872146e+07   2.04639351e+06   3.63899849e+06   3.49739682e+06
  -4.46770793e+07  -5.37252058e+07   3.34754618e+07   7.37920186e+07
  -1.24641968e+08  -2.47617314e+07   2.27105657e+08   4.37645084e+07
  -4.73641438e+07  -7.95116107e+08   1.78253424e+08  -4.49128638e+07
   1.29770015e+08   3.90369495e+08  -7.44420045e+06   4.47814468e+07
  -2.42508058e+08   1.08960335e+08   5.91825742e+07  -3.04440881e+07
   3.03649665e+08   1.00282533e+08  -1.87334608e+07][ -4.46369467e+06  -1.01893010e+07   5.01332759e+08  -6.39349433e+07
  -7.37167579e+07  -8.71380245e+06   4.92530557e+06  -8.62951804e+05
  -6.68800332e+07   2.83145787e+08  -1.02645707e+08  -4.10098962e+07
  -1.07843173e+09  -3.00461009e+07  -1.29466915e+09  -1.34085936e+08
  -1.34131484e+08   3.06034171e+07   4.90049469e+05   1.16410069e+08
  -9.69312634e+07   5.77637253e+07   2.08603072e+08  -3.33624165e+07
  -3.31229425e+07   2.18151420e+08  -6.29474312e+07  -1.38990911e+07
  -3.46270639e+08   8.51049948e+06   2.45092729e+08  -2.50956602e+08
  -3.23454567e+07   2.30783497e+09   1.77425628e+08  -1.19564197e+07
  -6.41475175e+07   4.41690771e+07  -9.32807078e+06  -1.24196419e+08
  -7.16317705e+07  -1.12119658e+08  -3.44708149e+07  -1.89902470e+08
  -5.18927963e+08  -9.14994669e+06  -6.75623415e+07   3.73073782e+06
  -6.02299601e+06   1.47711666e+08   1.94916933e+07  -1.64796230e+07
   1.31986470e+08   2.36780602e+08   1.75750704e+06][  1.97728084e+08   5.93834904e+07   2.25249411e+09  -4.07567593e+07
  -4.60772394e+08  -3.04383136e+08   5.67785535e+08  -1.17849645e+08
   6.20408194e+08   1.05126457e+05   1.12109617e+08   9.17284730e+07
  -1.06560784e+08  -1.31883486e+08   8.03272928e+06   1.25469313e+08
   7.60990191e+07  -3.74681962e+08   2.10589056e+07   1.59154381e+08
   2.07380631e+06  -1.86047617e+07   1.14515129e+07   8.07856385e+05
   1.26839286e+08  -1.32565885e+08  -2.48635617e+07  -8.26205258e+08
  -7.22960873e+07   7.12307730e+07   1.18304449e+07  -4.95332512e+07
  -1.14371345e+07   4.33685642e+07  -1.38569168e+08   1.09215011e+06
  -2.43011212e+07   1.20102708e+08  -2.00822020e+09  -4.86725817e+07
   2.98999203e+07  -7.80836181e+07   3.52040868e+08  -3.97211512e+05
   3.47354150e+07  -3.24355263e+07   3.27381689e+06  -2.39938466e+07
   2.24437743e+08   6.54366117e+06  -1.05754371e+07   6.98793174e+07
  -1.20864073e+08  -6.67914923e+07  -5.82210144e+07][  2.03705666e+07   1.01871577e+08   5.28363935e+06  -9.86406976e+08
   7.30779374e+05  -1.17514985e+09  -3.08401457e+07  -4.86033053e+05
  -1.69785789e+08   4.71602335e+08  -4.17003640e+06  -5.64960598e+07
  -9.39759309e+08  -2.11183884e+09  -2.32658461e+06   8.65597405e+07
  -4.50968423e+07  -5.47126646e+07  -9.63973793e+06  -7.95960869e+06
   1.52411150e+07   1.72998948e+07  -1.10600000e+07   1.19328393e+07
   1.73754830e+08   2.73478088e+07  -1.21352227e+08  -2.68474271e+08
   3.23290226e+08   1.34358598e+07   5.31009827e+08   7.65400341e+07
  -4.80406601e+08  -2.27391304e+08   2.05332793e+08  -1.69977946e+08
   4.24294326e+07  -9.23377575e+06   5.58895780e+06  -3.16051945e+06
  -2.89691643e+08  -2.14012839e+07   1.15800063e+08   8.76237312e+07
   2.72521107e+07   3.11995425e+07  -5.87209535e+07   1.03829261e+08
  -1.31167080e+07  -5.30271650e+08   3.40994980e+09   6.12542779e+07
  -1.92790886e+08  -2.40259720e+08   1.57165345e+07][ -9.94311798e+06   3.18701461e+07  -7.17874930e+07  -2.65903387e+06
  -5.08191810e+05  -2.96110892e+07   1.42503168e+07  -4.27620214e+07
  -3.67279742e+08   4.64778831e+08  -2.17760015e+08   1.30391776e+09
  -2.62777914e+06  -9.20086958e+07   1.04667390e+08  -3.00472496e+07
   1.07663999e+08  -5.91555786e+06   6.69056604e+06  -3.57198864e+07
  -6.87371048e+07   6.57301407e+07  -1.45760212e+08  -3.60103957e+07
  -3.53195640e+08   8.34238310e+07   2.12419311e+08   2.41485513e+07
   4.08798658e+07  -1.06606567e+08   1.85883741e+08  -3.65641715e+07
  -8.80035256e+07  -5.57276280e+08  -1.88366471e+08  -1.79402048e+08
  -2.68939638e+08   3.47416742e+07   5.75229622e+07  -8.87513953e+08
   8.19020348e+07  -7.70913879e+06   7.50078729e+07   6.85795438e+06
  -7.83005161e+07   4.10020751e+07   6.72349478e+06   3.27731510e+08
  -1.49591544e+08  -1.62583050e+07  -8.29970351e+06   4.06341863e+07
   1.49321074e+05  -2.68329822e+08  -2.65954414e+08][  2.29005037e+07  -4.55564385e+08   2.16812052e+07   8.62305117e+06
   1.99951466e+07  -1.95267502e+08   5.32084901e+05  -1.02238079e+08
  -1.06137131e+08   2.26255379e+09  -4.33957792e+07   5.11829708e+06
   1.56781479e+08   5.79937079e+07   3.11722858e+07  -1.94475124e+07
  -1.14986524e+08   1.42725178e+09  -7.17201570e+08   1.88150377e+07
   9.11315097e+07  -6.73855860e+08   1.20557276e+08   1.02889597e+08
   6.51750187e+07  -9.64716022e+06  -2.09086386e+07   9.57821726e+06
   7.72222707e+07   6.74383707e+06   1.92847752e+07  -1.59301081e+08
  -5.65106497e+07   3.85684475e+08  -6.22831649e+07   7.87521170e+07
  -2.37808460e+08   1.56691535e+08   1.39963411e+07  -1.00161221e+08
  -1.59801566e+08  -5.92901339e+07   1.50846950e+09   4.79444147e+07
  -1.46537552e+08  -2.70528331e+08  -1.15004763e+08  -4.08318114e+06
   6.46673242e+07   4.68200321e+07  -1.32990083e+08  -7.20839292e+07
  -4.11354035e+07   3.33088773e+08   1.61737040e+08][ -4.43785434e+06   3.41412832e+07  -1.11626575e+08  -1.03392745e+08
   1.22985538e+07   3.49127249e+08   5.92167574e+09  -9.22982355e+07
  -2.75069219e+06  -1.41128750e+06  -1.09211289e+08   3.99238827e+08
  -3.32549863e+07   6.23549958e+07   2.37099632e+08  -9.00690302e+07
  -1.12504465e+06  -1.58810744e+08  -1.07675910e+09   2.72054384e+08
  -1.57909595e+09  -5.41644606e+07  -2.51049864e+07   1.68078782e+09
   4.78531661e+08   2.32097540e+07  -5.99757500e+08  -8.45271666e+07
   3.78427476e+08   5.29120979e+08   5.47478770e+07   5.86437735e+08
   4.46490610e+06  -4.52729031e+07   1.82901685e+08  -2.64411704e+08
   4.95112707e+07  -3.08797484e+04   8.09405374e+07   3.91859731e+07
   1.11411734e+07  -1.19684857e+08  -9.53834916e+06  -2.99127891e+07
   9.29010112e+08   1.69769386e+07   1.31568191e+07  -9.37790450e+07
  -1.38626151e+08  -2.47199362e+08   2.20443653e+09   2.29276444e+08
   3.28013083e+08  -2.61882894e+07  -9.31541686e+06][ -1.25458803e+08  -7.84018155e+07  -3.63629350e+06   3.79131067e+08
  -1.91333594e+07   1.10380002e+08  -1.49041100e+08   4.59550519e+08
  -3.50361925e+07   2.08784257e+07   6.33365609e+07  -7.63281274e+08
   1.16434655e+08  -6.74567365e+07  -5.53304453e+08   1.22583381e+09
  -7.05615790e+07  -1.17129436e+07  -7.01817068e+07  -2.40627647e+08
   2.04728386e+09   2.32877650e+07   7.78270434e+05  -6.56052804e+07
  -2.25333212e+08  -2.20745054e+08   2.51407347e+08   5.86521170e+07
  -3.31302011e+08   3.69410902e+07   1.07123302e+08   2.88859820e+08
  -2.39626455e+07   5.78400502e+06  -2.76677900e+07   4.18871500e+07
  -7.72187434e+07  -1.26232888e+08  -2.24934099e+08  -5.05624829e+06
   2.38491004e+08  -5.69795367e+07   3.66550612e+08  -4.76986111e+07
  -9.13866159e+07  -3.90983408e+08  -2.09944310e+09  -1.01155154e+08
   1.39005347e+08  -7.47512974e+08  -6.13180245e+08  -1.17896180e+09
  -6.34990066e+07  -1.54509425e+08  -2.44723716e+07][  3.55618230e+07  -2.30315116e+09   3.45741736e+07   2.51640941e+07
   5.93314969e+08  -2.08450543e+07   7.31759738e+07  -1.67901516e+08
  -6.40619483e+08  -1.15740104e+07   9.97733251e+07  -2.52124019e+07
  -5.91885503e+08  -7.36149402e+07   5.19942420e+08  -1.33548003e+08
   8.59230085e+08  -5.25762418e+07  -5.12778239e+07   1.16550564e+08
  -4.80760905e+06  -4.85579086e+08  -1.08631362e+08   3.52023098e+07
  -6.60319181e+07   1.16191135e+06  -2.68297185e+07  -1.15663971e+08
  -8.42197575e+07   2.74334157e+08   1.66255369e+08  -1.07229490e+08
   1.50224867e+08   7.75576328e+08  -2.36608123e+06   3.65470713e+05
   1.58591246e+08  -1.25179148e+08  -2.37354387e+07  -5.16297077e+08
   1.21845359e+07  -3.95391500e+07   4.34930253e+08  -7.24224021e+08
  -1.75355305e+07  -8.97990963e+07  -1.14091506e+08  -7.88778098e+05
   9.17499701e+08   1.89600152e+05   1.15428354e+06   2.42888687e+06
   1.25977689e+07  -3.30265293e+07   6.61470157e+07]
 pesos capa salida
[  1.81176347e+09  -9.00736208e+05   8.47047866e+09  -2.00778647e+09
  -4.34210321e+06   3.54996993e+09  -2.87509868e+08  -3.65883173e+07
  -1.76765168e+05  -7.29267973e+07  -3.39257658e+07   7.22950448e+07
   7.77644656e+06  -7.82902637e+05   1.17454367e+08   8.04062295e+08
   3.97636023e+08  -1.33973265e+09   1.11108851e+09]
 biasCapaoculta
-719901043.2423035
 biasCapaoSalida
124056698.80530809
 mejor error
154.0
 Precision 
0.7324066029539531