
 fecha de inicio Thu, 09 Nov 2017 04:59:22 
 fecha de la generacion Fri, 10 Nov 2017 21:19:49 
 generacion: 360
 pesos capa oculta 1
[ -3.69299602e+11  -7.83660015e+09   3.96155579e+12  -8.37430110e+10
  -3.48199898e+10   2.52575541e+11  -5.46912233e+09  -4.80657160e+10
   7.17870201e+09   5.67808783e+10   4.80658197e+10  -8.24901800e+10
   6.73572073e+11  -1.11151223e+11  -2.39859178e+10  -2.88391868e+11
   7.58309302e+11  -1.14119611e+10  -2.85004687e+11  -2.09535546e+11
  -2.16358231e+11   8.21534863e+10   1.08904469e+11   5.15141214e+09
   1.91202917e+11   5.61197190e+09   1.22483033e+11   1.50682708e+10
  -8.86282694e+10  -2.95303301e+11   4.00552066e+11   3.39869987e+11
   3.93183428e+11  -4.85300417e+12  -6.79167672e+09   8.97638379e+10
   1.31332962e+10  -1.72376135e+10   4.14771691e+10   5.46929277e+10
  -8.88152289e+10  -9.86902039e+10   4.14752934e+10  -2.10760421e+11
  -2.46028713e+10  -1.60707699e+11  -7.49428073e+11  -4.74775279e+11
   5.12791304e+10   5.33733727e+08   8.79366375e+10   1.51796504e+11
   1.16119599e+11   2.10474609e+10  -6.86588930e+10][  6.08613646e+11  -4.20119597e+10   2.38730066e+11   1.01110285e+12
  -1.98661242e+10  -1.04856423e+11  -4.98952654e+10  -3.43374531e+10
  -1.47230993e+12   1.83399716e+11   4.17676265e+11   6.28636561e+10
  -1.15314446e+11   5.45256491e+11   1.08013243e+10   1.51775438e+11
   6.43847486e+10  -1.64631302e+11  -3.49341380e+10  -5.93006190e+10
   9.03678489e+10   1.03829700e+11  -8.71388388e+09   1.77769337e+11
  -3.66756023e+09  -8.92497349e+10  -7.69497991e+09  -3.82375139e+11
  -3.32643904e+11  -9.49940630e+10   1.06463856e+11   2.20295705e+10
   7.54836801e+11   1.22006931e+12  -1.82477946e+10  -4.90275178e+10
  -6.92025933e+11  -6.06052642e+11  -1.89993660e+11  -1.34942773e+10
  -8.31185376e+09   1.48015941e+11  -4.94529326e+10   1.89559680e+12
   9.59111988e+10  -5.16069047e+11   2.45401727e+11   3.76398089e+10
  -2.37992425e+12  -1.76512750e+11   2.51097436e+11   1.37899318e+11
  -1.43020913e+11   5.80731470e+10   2.04153813e+11][ -2.77630641e+11  -3.06056201e+10   1.15475466e+12   9.62405882e+11
   3.81867664e+11   3.43478969e+11   6.86957622e+10  -3.44946746e+10
  -2.27900120e+11   3.18027639e+11   4.83235523e+08  -1.73662360e+11
   4.40188576e+11  -7.99451067e+10   2.47519872e+11   6.39223966e+09
  -7.07345969e+11   1.08439780e+12   3.16510860e+11   8.80953861e+10
  -9.08385993e+10  -2.40662069e+11  -5.12480072e+11   5.65661303e+10
   3.88974539e+10   3.96084683e+11   1.39502498e+11   4.15527203e+10
  -3.08853592e+11  -4.23362383e+11   3.28627519e+10  -1.57779808e+12
  -2.16705665e+10   4.28810160e+10   2.35427781e+11  -4.60308333e+11
  -2.40535488e+10   2.35293443e+10  -1.36101509e+11  -7.91009932e+11
  -5.00864334e+10  -4.10301556e+11  -2.41533695e+11  -4.60039910e+09
   1.84205658e+10  -2.63393862e+11  -1.56442095e+11   2.63514376e+11
  -1.22453464e+11   3.13214187e+11  -2.83928189e+11   2.24418627e+11
   1.95798659e+11   9.09139830e+10  -6.59183255e+09][  5.69108823e+11   2.38318137e+11   1.48787056e+11   2.19506943e+12
   2.86538806e+11   1.09174593e+12   1.01988302e+11   1.63883099e+11
   3.47649327e+10  -4.25336635e+10   1.26009619e+11  -1.67343286e+11
   2.12706744e+10   9.96798882e+10   3.84921294e+10   1.62153357e+11
   6.33430340e+11  -3.66710980e+10  -2.27626170e+10  -7.05665670e+11
   1.61897167e+10   1.87590918e+10   2.41862681e+11   5.25800290e+09
  -1.24134683e+11   1.50018077e+11  -1.55061790e+11  -3.19753348e+10
   3.80634124e+11  -6.38026688e+10  -2.57596131e+11  -3.38671779e+10
   8.75306311e+11  -7.48231289e+10   1.71430623e+11   1.26897183e+12
  -3.89801515e+10  -4.96785170e+12  -2.35012636e+10  -6.77815671e+11
  -1.25081354e+12  -4.99362174e+10  -2.22923729e+11  -3.15292613e+11
  -2.82110389e+09   2.19868215e+12  -3.21559394e+12  -5.88888446e+10
  -1.30754921e+10  -2.83330389e+11   2.05707437e+10  -5.05682723e+11
   1.37069577e+11   1.11529925e+12   1.44524924e+11][  1.02041868e+11   3.57294523e+10   4.82801738e+09   5.45734405e+11
  -4.49193042e+10  -9.12096126e+09   1.70519862e+11  -8.21700643e+11
  -3.84936827e+11  -1.15946010e+11  -1.44509333e+11   1.38337485e+11
  -9.46053821e+11  -5.17510054e+10  -7.90522249e+09   3.61561190e+10
  -2.67096878e+09  -5.73792237e+11  -6.25839380e+10   2.33725984e+10
  -1.05193968e+12  -3.50169357e+09   1.38708452e+11   4.49631204e+11
  -9.03893749e+10  -2.33574561e+11  -6.16802647e+10   5.11045302e+11
  -1.08634795e+11  -2.37547345e+10  -7.68588992e+11   2.15785240e+11
   2.98364117e+10  -2.39678623e+11   4.84839781e+10   4.19788426e+11
  -1.58206614e+11  -1.12728684e+11  -5.69003935e+11   4.82582299e+09
  -3.28080705e+11  -1.83673990e+10   2.94348858e+11   3.05843407e+11
  -1.77723385e+11   7.80526806e+09   4.70090487e+11   4.67945593e+11
   6.83132468e+11  -2.97765605e+11  -3.05495143e+10   1.80893618e+11
   4.71049611e+10  -1.66819501e+11   6.73730496e+10][  5.77106203e+09   8.51769503e+10   4.57271190e+11   1.88288976e+11
   6.37597340e+11  -9.36169959e+11  -4.82109628e+11   8.01919964e+10
  -3.75835122e+10   1.59882955e+10   2.83786963e+11  -2.59998906e+11
  -7.77934055e+09  -8.40065947e+10   3.10033001e+11  -2.10552863e+11
  -2.52980095e+10   1.28810585e+12   1.46776810e+12  -2.97545192e+09
   1.12531357e+11  -1.51926368e+11  -2.04181537e+11  -2.99817344e+10
  -3.38610139e+11   4.99438565e+11   3.38079218e+11  -7.62912246e+09
   3.36832651e+11   3.59602986e+11  -3.84721249e+10  -7.43642795e+11
  -9.24139307e+10  -3.62398274e+10  -1.00894576e+11  -6.42484943e+10
  -4.05059571e+11  -2.13796103e+11  -4.17057161e+11   3.92515440e+11
  -5.23961922e+11   1.02268307e+11  -3.68934772e+11   2.73362152e+10
  -1.84103381e+11   5.75022362e+11   1.24616735e+11   3.52133489e+11
  -1.93569665e+11   2.54669670e+11   2.84685842e+11   1.39312103e+10
   4.17423505e+11  -8.45172901e+11  -5.17267180e+11][ -6.98169225e+10  -6.70751851e+10   9.75839072e+10  -7.82943765e+10
   9.84287422e+11  -1.65160843e+10   5.18204327e+10   7.70011319e+10
   2.44296055e+11  -1.76925525e+10  -2.83318025e+11   9.27089018e+10
   6.45004243e+10  -1.99511838e+11   3.36195165e+10   1.11571501e+10
   2.76785361e+11   1.10247127e+11  -1.61246989e+11   8.16655155e+11
  -9.02596473e+10   1.46473756e+11  -3.13387330e+10   1.40680295e+11
  -1.65596177e+11  -1.36642601e+12  -1.83024898e+11   8.22149346e+10
   1.02743958e+10   1.88042687e+11  -2.06098590e+11  -5.30348580e+10
   1.11646942e+10  -2.18918008e+10  -1.19008580e+12   2.81554042e+09
   1.41658619e+12   4.84835267e+10   3.35860535e+11   2.95823089e+11
  -7.26450198e+11   1.08671762e+11  -2.40388415e+09   8.59647624e+09
   2.34875033e+11   4.18141404e+10  -1.54790040e+11   7.14357592e+10
  -1.15281444e+12   1.27688421e+12   1.08367409e+11   1.69809551e+11
   2.37183290e+11  -1.77680750e+12   2.98905788e+11][ -8.37672395e+10   6.20343806e+11  -1.32964149e+10  -5.33700953e+11
  -1.46036353e+11  -1.25784404e+11  -7.27143076e+11  -5.36405815e+10
  -1.95120158e+11   5.56400385e+11   3.41035392e+10  -6.78408232e+10
  -3.91792720e+10   1.14196506e+11  -1.08156165e+11   2.65654334e+11
   2.58076985e+11  -2.31739068e+10   6.53777840e+10   6.10715687e+10
  -3.74799701e+10  -2.54274110e+11   1.92219491e+11  -1.38414986e+11
   2.70156920e+10  -2.99931146e+11   3.05643199e+10   1.42419283e+11
  -2.45838326e+11  -1.96129986e+11   1.05696358e+11   4.06664058e+12
  -2.43993215e+11  -4.89562558e+11  -4.26788106e+11   1.14235480e+11
   3.13170329e+11  -5.22758388e+10   2.25660275e+12  -1.48637849e+11
  -4.24190562e+10  -7.70895060e+10  -4.22145144e+10  -2.77630394e+11
   1.74415748e+11  -2.41970496e+10  -6.24103636e+10   1.00749712e+11
  -9.19494868e+11   2.96948987e+10  -6.93426001e+11  -4.53327164e+11
  -1.90064565e+11   5.98856392e+10   4.56823755e+11][  4.59903586e+11  -3.70060778e+10   4.17720903e+10   1.49506326e+12
   6.93759349e+09  -3.37661539e+10   2.52424676e+11   5.13686548e+10
  -3.02394510e+10   2.88085298e+10   3.28698577e+11  -6.02284791e+10
  -3.51516248e+11   7.15946994e+11  -1.13441688e+11   1.60188239e+10
   1.05978541e+11   2.81342389e+10   1.51646597e+10   3.69715159e+11
  -7.53288432e+11   8.57808229e+10  -3.53484154e+11  -2.64407960e+11
   6.53209670e+10  -1.22656848e+11  -9.24816256e+10   7.92850229e+10
   1.51139970e+11   1.89175007e+11  -7.20865831e+10  -4.17432321e+11
   2.85889670e+10  -3.69091204e+11   7.47538538e+11  -2.90824304e+11
   5.66958873e+11   2.30496213e+11  -1.03688743e+12   1.32060244e+12
   3.59703653e+11   3.80962677e+10  -8.02810892e+10   5.85125819e+11
   2.15116031e+11   1.81757861e+11  -5.35419211e+11  -3.40871238e+11
   1.91383865e+10   2.59783850e+11  -1.56723493e+10   4.18057871e+11
   5.22248471e+11  -1.24675710e+11  -1.83718660e+12][ -2.00391030e+09  -7.89733026e+09  -2.46753698e+10   1.08282269e+11
   1.09335336e+09  -3.98040565e+09   1.14746004e+11  -9.06090366e+11
   1.31402282e+12  -3.41628196e+11   5.56655019e+10   1.79999135e+10
   1.27226249e+09  -5.94488212e+09  -2.61306814e+09  -6.80219380e+11
  -2.92595882e+11  -4.75372661e+10   8.00095562e+10  -1.61913775e+10
   1.53366496e+11   1.26597949e+11  -1.56999325e+10  -1.16202397e+11
   1.61577321e+11  -1.29101444e+11  -7.05514175e+11  -3.46799841e+11
   4.41963779e+10   1.31297318e+11   1.35096339e+10   1.00688636e+11
  -5.80454084e+11  -1.30712443e+11  -1.08991931e+11   3.87604902e+10
  -9.65247479e+09  -1.81370394e+11   1.64534137e+11   1.54578537e+10
  -5.27132796e+10   2.88539769e+10   1.09080083e+11   1.38996940e+11
  -2.53239730e+11  -1.25519771e+11  -3.76398053e+10   3.34957329e+11
  -6.12608492e+10  -1.32685112e+12  -5.93224976e+11  -2.42815740e+11
  -4.62694212e+11  -6.60269402e+10   2.18112548e+11][ -2.11378204e+09   1.79534331e+10   1.57740901e+12  -2.58491786e+11
  -8.57239990e+11   1.19377257e+11   1.80169680e+11  -4.02857409e+10
   5.49007012e+10   9.23254129e+10  -3.06549794e+10   2.80378267e+11
  -1.67232836e+11   1.80493034e+11  -7.82291107e+11  -1.70217127e+11
   2.41394593e+11   1.80435062e+11   1.59973630e+10  -1.19062862e+11
   1.28051198e+09   1.62085015e+11   6.21580298e+10  -5.25965748e+11
   7.41187126e+10  -1.56119544e+11  -9.85810614e+10  -3.47521187e+11
  -9.82328795e+11  -2.58511635e+11   9.88727120e+11  -1.02286669e+10
  -4.75527727e+10   2.02119941e+10   1.00372905e+11  -2.28100534e+11
  -2.20606266e+12   2.23200642e+10   1.50789836e+11  -6.93076201e+10
  -7.83532899e+11   2.18585690e+11  -5.54571433e+10  -3.07580232e+10
   5.60790071e+10  -7.73196126e+10  -3.78950584e+11   2.55022397e+11
  -8.55547229e+10  -1.01521263e+11  -4.46982805e+10  -2.19467308e+11
   7.86745867e+10   1.49391524e+11   4.83492776e+11][ -9.72829262e+10  -5.27761705e+12   1.53215188e+11   5.51185215e+11
   2.13545988e+12   1.34019305e+11   4.38936781e+11  -1.83539749e+11
  -1.00790864e+11   3.85504158e+10  -5.35712490e+10   4.01028169e+10
   5.90353811e+11   4.20305060e+11   2.75908054e+11  -4.88215415e+11
  -8.55904177e+10   3.50076974e+11  -9.54814842e+10   1.46032691e+12
  -7.09943937e+10   1.13706722e+11  -7.19210832e+10  -4.73965244e+11
   1.22987212e+11   1.58846226e+11   2.91582868e+10   5.58574696e+11
  -4.08751747e+11  -2.51048550e+11   9.33468057e+10  -6.32680214e+08
   5.98346489e+11  -6.38694077e+10  -1.17535056e+11  -1.26831911e+11
   2.57906739e+11  -2.31271655e+11  -7.16715145e+10  -3.55920426e+10
   3.96929688e+10  -1.21585992e+11   5.55279294e+10  -1.08283131e+11
   3.17474791e+12  -1.91950700e+11   5.59714222e+09   5.13872948e+10
  -1.54671438e+11   2.67285688e+12   7.92108389e+09   6.26188109e+11
   5.49570529e+09  -4.59431835e+11  -2.04202707e+11][ -5.42880166e+10  -1.12721300e+12  -8.30562902e+10  -1.07942919e+10
  -9.89619152e+10  -4.02158651e+10  -6.50697490e+10  -1.07061337e+12
   4.70646070e+10   1.39774330e+12   2.48612525e+10  -1.87622864e+10
  -2.16286204e+10  -1.22987217e+11  -2.02006933e+10  -3.01016993e+10
   4.63920977e+10   8.12216892e+10   4.18698428e+11  -2.90981609e+10
   1.66044466e+11   1.17630508e+11   1.01109522e+12  -3.24147805e+11
   7.54072439e+10   3.17036791e+11   3.85871065e+11   2.33343896e+10
   5.81380769e+11  -9.60215665e+09  -6.22311590e+10   2.47800986e+11
   8.50311081e+10  -6.76711065e+11   1.32123219e+12  -9.24248381e+10
   2.61163808e+11   5.74007804e+11  -3.92974728e+10  -7.38807603e+11
   1.22551156e+11   3.00731325e+11  -6.68255140e+09   1.54070987e+11
  -1.50448960e+11   1.95509383e+10   1.41124559e+11  -3.27841558e+10
   7.60414910e+10  -5.93775368e+10  -1.18478545e+11  -3.11579280e+11
   3.44116727e+10  -3.52556508e+10  -3.53636534e+10][  1.40574889e+12   4.40890433e+10  -1.19830497e+11  -1.11818603e+11
  -9.59977398e+11   4.16580731e+10   9.71156621e+10  -3.45996033e+11
   2.68550409e+10  -1.37147824e+12  -1.33157243e+11  -2.47708798e+11
  -3.41071211e+10  -8.73433998e+10  -9.26687788e+11  -1.96248937e+11
   1.30209969e+11   7.89116604e+11  -8.81079128e+11  -7.89738428e+11
  -2.90451880e+10   2.10098725e+11   2.06389169e+11  -3.28355824e+10
  -5.40975725e+09  -3.46760995e+10  -4.94381772e+11   1.13395336e+11
  -2.19565748e+10  -2.10280649e+10  -2.38988904e+10   4.43679049e+11
   1.12099749e+11  -2.89559810e+11  -4.00438640e+09  -2.44291855e+10
   2.96398247e+11   2.11327584e+11   1.41189518e+11   3.35182511e+11
  -5.70956718e+10  -2.85165599e+10   1.54110385e+11  -2.17389977e+09
  -6.87655575e+11   1.02245824e+11   8.79559800e+10  -7.06028841e+11
  -5.54463208e+10  -2.57118427e+10  -3.16042753e+11  -3.63962726e+11
  -1.96474658e+11   1.27675815e+11  -9.67617384e+10][  8.15852809e+09   3.87048663e+10  -5.38249749e+10  -7.05664807e+11
   5.12121411e+11   1.67976989e+10  -5.37621562e+10   8.58758505e+10
   1.19855822e+11  -3.48441014e+11   9.13987544e+11   2.74610346e+12
  -5.10525245e+11  -1.15361859e+11   3.34064005e+11   2.06367038e+11
  -2.34940010e+10   8.09573962e+11  -1.55099886e+11  -2.05076634e+11
  -2.09433641e+11   4.48165955e+09  -9.82697434e+10   3.93284294e+11
   2.15171645e+10   5.35242843e+11  -2.26241597e+11   1.49201450e+10
  -1.46839054e+11   1.07589807e+11  -2.35236873e+11   2.28390966e+10
   1.49472990e+10  -4.29776018e+10  -5.69657082e+11   2.78750131e+10
  -9.93067630e+10  -1.44071222e+11   3.58557171e+10  -9.85147961e+10
  -1.23753074e+10   1.99387203e+11  -1.04798981e+12  -7.96268791e+11
  -2.80916523e+09  -2.61235083e+11   4.63131702e+10   2.71423658e+11
   9.24160007e+11  -3.73464307e+11   3.59734632e+11  -1.04378652e+11
  -1.57402695e+11   1.11991709e+11  -5.84387355e+10][ -9.72280275e+10   2.18108853e+11   3.83257586e+12   4.99539064e+10
  -4.69168153e+10   9.85763338e+10   4.24994911e+11   7.23974583e+09
   1.30770612e+11  -7.73581946e+09   2.23977232e+11  -1.01558288e+11
   1.18627850e+11  -3.66399643e+11   3.80725906e+11   2.75586694e+10
  -4.26748441e+11  -7.77808031e+11   5.31463060e+10   2.43494452e+11
   7.97564265e+10  -1.68133077e+11  -2.32966706e+11  -2.05800580e+11
  -8.98930445e+09   5.24891507e+11  -1.82719757e+10   3.53331488e+11
  -1.85134843e+09  -1.28707439e+11  -2.26373597e+10  -2.06361229e+11
   2.43254129e+11   2.33998653e+11  -4.05019757e+11   4.08158675e+10
   2.51348386e+11   3.09106992e+11   1.15472786e+12   2.54017472e+10
   1.15564316e+10  -4.99520354e+10   4.60100350e+11   2.79468845e+10
   1.63445656e+11  -3.58979116e+09  -6.66657885e+10   9.52522643e+11
   3.08842160e+11   1.79391885e+11  -2.53068764e+10   2.18675497e+11
  -8.05197325e+10   5.22381123e+10  -5.05336458e+10][ -1.30581664e+11   1.75715241e+11  -7.10064009e+09  -1.87529513e+11
   1.16597956e+11  -1.58588716e+11  -8.58777477e+10  -2.73742396e+11
  -9.42802129e+10  -1.40279785e+11  -5.10590485e+11  -2.53945821e+11
  -4.96714663e+10  -1.30021055e+12  -3.84613022e+11   2.67336504e+10
  -2.21757784e+10  -5.79167971e+11  -2.31412787e+11   5.68764917e+10
   2.76696906e+11   2.27898189e+11   9.61032020e+10   5.46036619e+11
  -1.08981334e+11  -2.56978608e+11  -3.59326266e+09   2.89827610e+11
   9.29227771e+10   4.80675470e+10  -1.86172192e+11  -4.64332320e+11
  -5.76155339e+11  -2.48733048e+11   5.77039785e+10   3.33850739e+10
   5.27106352e+11   1.89354082e+12   2.66909432e+11   5.54901527e+11
  -8.59590910e+10   3.00319644e+11   2.46661720e+11   8.56644951e+10
   3.11698565e+10   1.06829025e+11  -3.49439941e+11   4.10978227e+11
   1.74022668e+12  -1.27350223e+11   6.07216300e+10  -2.61371070e+11
  -1.17868672e+11  -8.23261368e+10   1.96335694e+12][  1.21568058e+11   3.40130144e+10   8.45066030e+11   3.23489749e+10
   5.44060870e+10   1.60644935e+11   1.38727595e+11  -5.25307573e+10
  -2.05600324e+10   3.93151764e+11  -2.21142150e+10  -1.74566348e+11
   4.88379432e+11   7.36251154e+11  -2.67712319e+10  -1.76603563e+10
   7.54914065e+10   7.04630962e+10   9.39596732e+11   1.98835889e+11
  -9.74614639e+11  -4.00949972e+11   9.87577921e+10   1.33442984e+10
  -3.39549265e+11   1.93154898e+10  -5.44742583e+10   3.68562760e+11
   7.92739764e+09   5.65746854e+09   3.33959021e+11  -1.22256638e+11
   6.54937244e+10   8.67222652e+11  -3.62137643e+10  -2.40082914e+11
   3.73909336e+10  -6.32734544e+11   2.17997753e+11   3.60934680e+11
   1.18412641e+11  -5.48339591e+11   3.54560672e+10   2.06548069e+10
  -4.84149241e+10  -1.07363143e+10  -9.54559386e+10   3.56170535e+10
  -3.89706652e+10  -2.92246921e+11   1.71041154e+11   1.01565778e+11
  -1.40714570e+10   1.81644982e+10   3.52148039e+11][ -2.50678094e+12  -5.15454164e+11   4.06103056e+09   1.26466498e+11
   2.70231789e+11   2.11919696e+12  -1.34354810e+11   4.66718122e+10
  -3.42139611e+11  -4.21004075e+10   9.77886614e+10   4.39402187e+11
  -4.95695195e+11   1.14856952e+12   3.03918924e+10   4.26401542e+09
   9.99983685e+11   2.29719088e+11   2.05570275e+10  -5.94012377e+10
   3.62436581e+11   1.84053536e+11   3.97102302e+10  -2.60529034e+10
   5.23325504e+09   9.77865455e+11  -4.14518743e+11  -5.04382920e+11
  -4.45601218e+11   1.06214775e+12  -1.62799349e+09   8.41579074e+10
   7.79711751e+10   1.07243454e+12   7.55657173e+09  -4.27533537e+09
  -2.96164169e+11   1.37022671e+10   1.25994231e+10  -2.42326014e+10
  -3.02887393e+11   7.65400316e+10  -2.04457908e+11   1.30250362e+11
  -2.77579071e+11   1.90073765e+11  -1.99454168e+11   1.95517544e+10
   3.63196776e+10   5.91903439e+11   1.55789309e+11  -1.63932468e+11
   2.89657558e+11   1.46104127e+10  -5.70941864e+10]
 pesos capa salida
[  2.71134323e+12   1.12425630e+12   7.54593567e+11   9.08256373e+10
  -5.13674217e+11   1.29813299e+12   2.64408107e+12  -6.09047162e+11
   3.29489400e+12  -3.54259906e+12  -3.64112070e+11   3.47254894e+12
   1.09229980e+11  -3.36474175e+12   4.67374109e+11   8.81590888e+12
  -1.67663472e+12   2.02577783e+11   8.51531994e+12]
 biasCapaoculta
25527821524.507168
 biasCapaoSalida
636703586622.4277
 mejor error
159.0
 Precision 
0.7237185056472633