
 fecha de inicio Thu, 09 Nov 2017 04:59:21 
 fecha de la generacion Fri, 10 Nov 2017 23:19:35 
 generacion: 849
 pesos capa oculta 1
[ -2.67853419 -12.23139381  -7.85656183  -2.05059219  -0.79944572
   6.22693617  -4.06271755  -9.92820674   4.20841791   3.93808608
   5.9460444   -3.89006659   2.3776734    7.96068724  -9.93244362
  14.14536787  11.73748862  -2.25971547  -6.62604671  -2.06952633
  -1.58312888  18.58766571   6.61933198 -12.58096652   1.73261879
   4.37645595   3.29581362  -0.08696698  -1.47113247  -0.74620564
  10.20804454   0.57669079 -14.78897046   1.28762213  -4.36841771
 -12.43002135   3.07468951  -1.34194397   0.18710469   4.47151679
   1.68174704  -1.60965577  -0.65715022   6.18198427  -2.04413846
   4.09970085  -4.4175048   -4.59215662   3.29677734  -0.23476441
  10.09399073   3.07082026 -18.11619641   3.21459022   5.19428328][  9.05029806  -8.83258709   1.98909832  -6.20585444  -3.73695429
   4.79942363  -2.6677013    0.99176923   4.71557447   3.30958764
  -5.45825649 -11.72419953   8.62734624  -0.9744451    0.41643878
  -7.69749784  -8.64243515  -7.46211161  -1.93612093   1.33958915
  -0.5936702   -0.59101917   2.9467287   -3.19612612  -0.39065629
   0.14144434   5.04884307 -10.06342218   5.87617216   4.62783312
  -3.74686034  10.85924235   6.0695677   -3.69702049   3.97477139
   8.45738788   0.05255132   1.56576473  10.62558001  -6.24708567
   1.19407838   1.4469389    6.376158     0.11695674  12.48637258
   1.39075772   0.73275914   7.46605002  -0.53624694   8.25662678
   2.34049309  -2.09169877  -1.91735467   1.13643937   4.78037217][ -8.44968899  -8.08894065   8.21986046   9.73068296   3.67130481
  -2.65118896   9.05074364  -3.93024986   2.01792094   5.96429208
   4.27284196  16.73394645  -1.16993739  -1.3131679   -4.20154966
  -5.56597892   5.79911166  -6.54315554 -10.59344786  -6.37873675
   6.43217107  -3.47217483   4.33179317   1.37911238   2.88337539
   3.85075328   0.08433003   1.61016109   5.59167864   3.47169442
   3.21399427  -1.93903587   7.98484619  -9.76802189  -0.63701223
  -4.83969686  -5.09932062   9.26770871   2.65332067  -0.41815063
  -0.75968569  -0.93193902  -5.13109588   8.22417462  -3.62874653
 -14.56376789   5.71017425  -3.89142792  -7.46717474  -7.42736134
  -8.50872286   0.25699606   1.54687508   8.06792797   7.71721196][  3.69392775   0.36813276  -4.60097616  -4.25605117  -0.27155282
  -9.51990814  -6.59973538   5.39212697  -5.66794993  -5.36730649
   3.23818998   2.33520242  11.67344073   6.73687281  -3.83711275
  -1.99563955  -5.38942095 -11.2557053    5.48834348   1.94899699
   4.77118054 -14.01851646  -4.94666486  -4.74063035   8.51959114
 -10.16654976  -4.20041895 -10.24882347  -7.12944443   0.88963014
   2.05678624  12.57251301  -5.82876222  -4.33185206  -3.50362857
   9.5338462    5.9131104   -3.98729258  -4.43825906  -3.55781349
  -0.83459379   4.89777522  -5.0690505    6.22416292  -0.27362285
  -4.02874937   3.19003205   7.00427161   7.01071873  -7.74083606
   2.45157643  -1.30234686   5.61238036   1.36388689   5.29916715][ 10.70748159   9.00910614  -3.58359193   2.72787924 -12.20311834
  -1.87993375  -0.76180409  -1.04395644  -1.91746383  -6.03595166
  -2.23315452   3.09263459   4.42898963  -4.53439182   5.40875986
  -0.53970239 -11.41125083 -15.87023713  12.38225737   0.57959442
   3.51372417   1.059182    -1.87520151   5.94979019   8.05036389
   9.08521261  -5.34435019   6.45541485   5.27674339  -1.92464911
   0.38495022  -1.24441405 -13.96560865   2.38461816  -0.60809536
  -5.42398718   2.20957012  10.44783272  -1.29852176  -3.14082097
   5.79941515   0.1810357   -1.17956631  -3.98734794  -8.69066664
  -0.58998184   5.11292738  -5.48547886  -8.75020812  -4.17270398
  -7.3158109  -18.47809235   2.64221507   2.30591442   2.9840299 ][ -0.76518052   1.00829511   9.51606867   2.15993055   8.62067023
  -2.38587094   0.34791623   0.81030779   1.93950348   1.32158312
  -1.51360815  -0.82424115  10.41545729   9.54769927  -2.35934944
  -0.09190549  -2.9959119   -6.01417101   0.57742945   4.32205465
 -10.86715086  -0.97883278   5.08281963   3.31621859   9.1608613
   1.56770619   0.24512574  -1.9165945    6.88984023  -0.28633422
   5.05695964  -2.3205782    5.9821146    4.02166641   9.66402753
  -2.66919934   8.70176115  -5.39498049  -7.82539472  -4.68392823
   0.59678157  -2.88133163  -0.8811791    4.67243786   2.32123638
  -4.46686088   2.34379749   5.60669818   1.48141417   2.58467802
   5.82193721  10.96267659   0.70444772  -2.84142432   3.55975648][ -2.71371121  -4.77005254  -7.31768339   2.51080154  -2.36275477
  10.12999699   0.73593557  -2.00449941  -2.69136628   6.50268967
   1.36068355   0.20627237  -3.05924656  -1.89573275  -0.11301522
 -19.93083282   5.21870479   7.84866735  -0.89269868  -1.72321173
  -3.2488924    7.47490472   4.03884837   9.13768429   6.60795143
  -0.35537164   4.34794715  10.44351961  -5.40472263  -8.53754614
  -0.38892599   2.5413032    0.96620045  -5.75112928  -9.19702425
   3.42133334  -1.78098383  -3.55174197 -15.2104136   -1.91280181
   1.89788025   2.59635348   8.17191038   0.22129991  -0.47291347
  -1.11459783  -3.80132775   7.73988872   7.3472165    1.52269632
   4.76794267  -9.82144406  -0.93600372  11.99718261  -0.45560909][  6.30045919  -7.84002549  26.06002204  -0.9264598    0.49460972
   6.96236358  -5.23956411   3.94407687  -9.20765981 -11.0555405
  11.81379231   0.19483941  -2.4784279   -9.89853416   2.0075038
   9.38686149   2.58754322  12.21646734  -1.96661815  -1.47375948
  -3.79769985   3.63012764   2.4838197    4.87995304  -2.07216605
   8.79386465   0.02841494  -0.24828527   3.57662666  -6.22784394
  -3.10601184  -3.98699441  -4.22347279   4.38355746 -11.19890925
  -0.06323857   9.19683651  10.31092245   8.8898503   -3.49198126
  -4.36621321  13.58815756   4.66821415  -0.67982626 -10.57045392
  -4.95920682   3.33575866  -5.52865985   6.77727529   3.16384716
   0.33132357  -3.48721401   7.50482516 -13.05007271 -11.7589949 ][ -7.89082919 -10.50572933  -3.36144873   9.36279106  -1.53973321
  -3.67354641   0.1920211    1.15992832  -3.67990371 -10.37147339
   5.88753075  -4.74161787   5.18679329   1.04312092 -12.75456881
  -6.88038866   4.26198635  10.61510242   4.76430466  -8.74193599
   3.29272316  -1.77918985  -5.43839486  12.87327591   3.27045601
   1.63040155   0.86910053   2.41113363   1.50428815  -7.51989769
  -1.95218169  -5.98537593  -0.60822437   4.67909911  -6.57266444
  -1.13738826  -1.74118785   3.18146413   3.52123629  -4.9347653
   5.79185457  12.68784646   1.63370398  -9.22253049   3.02996269
   3.39107529  -5.1432667   -3.70541853   9.42248528  -1.20011155
   2.76920224  -1.10078682  -4.27497291  -3.63449656   0.79450403][ -9.67751056e+00  -1.16202255e+01  -4.12943385e+00   1.21760706e+01
   2.21578311e+00  -5.79271757e-01  -2.78163083e+00  -5.98213389e+00
  -6.99757365e+00  -1.60628763e-01  -9.55302520e+00  -2.60141698e+00
  -4.97247587e-01   2.62806612e+00  -6.42769063e+00  -6.18903822e+00
   4.57193428e+00  -1.21025997e+00  -1.69756524e+00  -1.60097274e+00
  -7.43518228e+00   2.66546925e+00  -1.11875998e-01  -4.10522675e+00
   7.03776424e-01   6.34952121e+00  -5.27279892e+00   5.51719968e+00
  -2.03057599e+01  -3.62105468e+00  -7.02056515e+00   2.59107587e+00
  -9.17730084e+00  -4.92987136e+00  -1.44318049e+00  -4.18564346e+00
   5.24463879e+00   6.78097135e+00   8.22606451e+00  -6.81434245e+00
   8.57035135e-01  -1.44986741e+00   9.60358423e+00   2.02204506e+00
  -1.38387524e+00   5.09194456e+00  -4.32253743e+00  -2.55987151e+00
   1.51407503e-02  -4.88955532e+00   5.09797593e+00  -3.28249993e+00
  -8.15118926e+00  -1.39086741e+00  -2.59486301e+00][-12.07601079   5.97831457   2.20229992  -4.7560892   -8.09710086
   0.57589635  -4.6351691   12.38030048  -1.22867056  12.33350015
  -6.5103675   -1.45593576   2.23361317  -6.77305859  -7.09887816
   0.66614176   6.65727219   1.958048    -1.31610295   2.17769302
   2.99292526  -4.70207302  -4.28557346  13.33160066   1.55125764
   7.07553567  -5.41422643 -13.42769952  -6.50160629  -0.73888373
  -7.42942432  -0.86826178  -4.06470424  -3.45697382  -0.7784623
  -2.57638699  -3.43601853   9.66786733  -1.26385206  12.17285422
  -4.6743269   -1.50736688 -16.83366902   1.65804423  -5.25272611
  -2.81822991   6.26569801   5.00387424  -4.33956351   1.71105215
   0.82475291   6.59817449  -4.30183185   4.19848428   7.21834374][ -3.13425763   3.94132617  -6.37494163  -0.37990487   0.34390255
  -8.31000341  24.63634478   4.10091264   1.20441995   0.63739968
   3.51821994  -1.16393232   2.99477689  -4.08569018  10.66895286
  -0.55202606  -1.86828994  -7.32914087  -1.89681571  10.28759713
  -1.73398992   0.20058485   2.88128325   4.24116551  -6.36248698
 -10.81110289  19.66517218   1.06203967  12.36744203  -8.35321819
   6.74720567  -2.03745561  -4.55415411  -0.91323137  -3.76033415
 -10.06154219   3.20087294  -3.66507917 -10.83535447   6.3859396
  -1.66195474  -0.56889288   1.29696859   6.75024118  -1.40939387
  -1.68394947   9.27462395  -5.52820463  -6.11054354   3.56912858
   3.95369539  -6.46134012  -0.22163677  -3.71401867   8.58232733][ -3.83283421   2.93793134   6.24182073   2.18762776   0.1218734
  -2.42673318   5.84475747   2.11654521   8.08723378  -7.18872752
  -2.90466289  -4.9070742  -13.84377611  -9.75001637 -10.34451028
   2.04834238   3.50212     -6.91401174  -1.05242761   2.86860852
  11.29314598   0.0291183  -14.14499254  -3.53235191  -4.28951317
   5.00429188   6.88265073  -1.17292486  -6.58084904  -0.08994707
   2.0267446    0.11760442  10.67435409 -10.34591909 -19.13689123
   6.2313262    4.24291893   2.08265279  -9.91098423   8.88039277
  -8.41884689   2.5513654    6.71052165  -2.82946594  -3.8128985
   0.7747546   -4.2397631   -1.87061245  17.10568688  -0.47925662
   0.12907952  -2.50102989  -0.49024447   2.94125472 -10.23432655][ -6.92289955  -6.08896976  13.82935813  -6.05369664   3.77701144
   2.62346467  -2.40541629  14.77202693   6.01133463  -1.29627634
  -7.6562377    3.37258363   6.84554173   4.24979756  -3.73982164
   3.50549623   6.13183096  -2.22592449   3.97158091   2.13040644
   0.62190121   0.3191265   -5.98117854   2.72396737   1.59834417
   0.0186646   -6.29593582   6.40996747   1.24871896  -2.32603537
  -7.79427057   0.04774174   1.06722627   4.74009654   0.35617735
   0.62675565   7.04430882   5.24102134   6.64316964 -15.83755122
   3.5015404  -15.86885158  -2.65282137   2.75372689  -7.84114492
   4.84211854  14.6393627    1.22621405   6.33819167   2.63133844
   1.74437773  12.04708074   7.21492034   3.10365525   0.09161715][  6.23917557   3.8628033    6.28266041   8.73349712  -6.92475386
  -7.21475327  -4.73607976  -2.0262599  -10.04810372  -3.54484004
  -3.73595514  -3.09384252   1.94741996  -0.17543352  -7.24172689
   6.0625231    3.1689702   -9.05968135  -4.77204098   1.26752643
   2.21057785   1.26236213  11.58117359  -7.3126056    2.69304321
  -9.1665365    3.46746002   7.11026698  -4.99670702  -5.2396959
  -7.21738874 -10.38100331   1.66341529   0.453545     8.82559287
  -2.1980673   -6.75379264   1.95976236  -9.77071224  10.88016337
 -12.06848211   3.76072809   4.16187237   3.09078196   0.0671533
  -3.19284782  -3.29714027   6.27638492   4.69189229  -0.90094575
  -1.80622557  -9.06753059  11.10581093  -4.70165393   5.80164718][ -3.39705418  -6.67917227   7.4227138    0.97117403  -6.23301921
  -2.69968346   8.72462662   5.21920557   4.59536109  -0.22886449
   0.150927    -9.78312332   4.21096914  -4.21432769  -6.29772954
  -4.93053771   3.04154436   4.57038801   7.47737603   1.32041665
  -2.16787263   4.59122894  -2.38617509  -2.70936647  -4.28370421
  10.17120208  -5.04439882   2.54464882   1.8289669    0.25744644
   8.82817931   0.55026288   2.98172864   0.64037568  -0.91015072
  -4.63968256  -1.45937895   3.91335321  -0.51062586   2.07819695
   8.886136     0.35675391   2.05745166   0.17410801   5.42765253
  -0.95299167   2.4065061   -7.36135532   6.5198926    1.30113966
   5.8381585   -6.87280264   5.56519308   4.08989422  -3.09996989][ -6.1555313  -11.44403819   7.33699701   8.31210648   0.24681359
  11.59637334  -5.01347633  -8.4042419   -2.44453441   5.09359085
  -3.89299382   0.71063153 -18.44100288   0.62431351   7.4022524
  -1.60152821  -4.71284259  -0.22004581   0.04844509   6.12352599
   3.53442308   6.64269602  -1.28386463   8.70853391  -7.5220086
  -9.64857853  -8.3573897    9.54489465  -7.94616671  -0.56640713
   9.53324167  -6.08884395   1.65373322   3.20530886  -2.39258556
   2.86661455   1.64170612  -7.89247888   1.90491989  -9.18704954
   0.55292924   6.9516712  -10.11848662   5.76202757  -6.11137639
  -2.19611935  -1.55622445  -0.67176789   3.26686376  15.42434376
   4.14224988   3.83495328  -2.44435668   4.87501861  -1.28010135][ -1.19934254  13.31506656   5.09244569  -9.67192487  -7.08499551
   5.93596915   2.69359877   8.76854494  -2.57175595   2.21516448
   1.79667839  -8.84636249  -2.7484642   -2.14882906  -9.48482169
   5.74622542   1.71168181  -2.73474536  -1.0254101    3.1037047
  -6.79316241  11.59560104  -3.44031093  -0.17770372  -2.69670462
 -11.06742142  10.58599444   9.08509555  -3.52074975  -3.90724489
   8.09621024  11.34535336  -8.98332917  -6.26666681   0.72731965
  -6.49652258  -3.20739043  18.39216549   6.73934594  -3.18665104
  -2.84147495  -8.5774095   -7.50104924  -1.55987784  -3.5571119
  -1.39940388  -4.54232953  -3.28975827   0.02782086  -6.55364683
   8.88499061   0.27860668  -1.92719282  -6.37406202   1.69377675][  7.8061156    7.57741997 -10.21800131 -16.36762758  -1.74188366
  -7.40599433  -8.84649853  11.67343632  -8.68057017  -8.99353685
   4.19172217  -1.91117317   3.13361679  -0.50345579  -4.74579401
  -6.14950205  -5.79651453  -0.34794825   0.79643268   3.39434649
   3.9109732    1.86173864  -4.15412128  -3.98105931  -2.89934212
 -14.11313431  -5.89403163   6.25752221   2.88423276   1.32734136
   3.75682901  -3.97800099  -8.22927583  -3.62036187  -4.00999532
   5.88785245  -5.34805734  -9.70895739  -2.76200554   2.29900621
   9.42807948   3.72155593  -6.35499724  -2.53213185  -0.81482889
  -5.84484357  -1.07960885  -8.37241905   2.92245227 -18.99697943
  -0.08312409   2.24766658  -8.30638901 -13.92846421 -11.6722772 ]
 pesos capa salida
[-0.5249532  -0.46384321 -0.68955783 -0.19725862 -2.73283803  0.56431863
  0.28972665  1.74576872 -0.98477423  0.0817952   1.64281701  1.78569295
 -0.72224498  0.52659494 -0.0397194   5.68119935  2.87940974 -1.18628175
  0.04950662]
 biasCapaoculta
-6.813608996152787
 biasCapaoSalida
1.5005773490664511
 mejor error
113.66976227042073
 Precision 
0.6898349261511729