
 fecha de inicio Thu, 09 Nov 2017 04:59:21 
 fecha de la generacion Fri, 10 Nov 2017 05:58:20 
 generacion: 611
 pesos capa oculta 1
[  6.61260617  -8.11580458  -0.44224419  -5.772311    -5.1355601
   0.40616491  -5.85538368   1.74026993  -7.91899868  -8.06669633
   2.60113685  -4.71981443   4.32107904  -0.47394375   6.53599035
  13.60771225  -4.57060357  -8.17059827  -5.8719988    1.19380135
  -3.20396584   7.74332041   4.58348576  -3.06563275  14.43014655
  -2.1506799   -9.39555158   4.2551233    2.10511137  -4.7578113
   8.12783655  -9.5723149   -8.00062912  -6.13892097   2.97904749
  -0.4207593   12.13870673   1.77821627   6.75724104   4.37300528
   1.24230488   7.34852397  12.07729925  -2.340002    -2.1747947
  -4.23374275   3.02580398  -8.43231894  -1.91575249   8.94802749
  -2.18756686  -3.35006683   1.8829455    8.20332333   7.27933474][ -8.72934798   3.04245867  -6.67282354  -1.44720795  -3.42567358
  -3.86783106  -7.79190061 -19.34532194  10.18158687 -15.78590285
  -8.07428165   6.99901718  -0.08043124  -2.96827985   4.05611026
   3.05724301  -4.04855888   2.29695403  -5.46555888  -5.39981814
   3.4290531    4.99216898  -3.18152836  -7.95942315  -3.37835325
   4.96901008   2.53704936  12.04668966  -6.33777713  -2.7133531
  -7.92032254   5.11735007   3.72808015  -1.93190865   6.06915301
  -1.09119081   4.26766119  -3.07440179  -3.62300302   8.0994274
  -1.8413483   -4.93715996  -9.08300447  -1.24754507   9.53363028
  -3.31889969  -9.96094839   6.2903426    4.39488806  -2.40826175
   6.50650541 -10.03577966  -6.23832243   4.50814605 -13.14446784][ -4.96316234  -5.12558641   0.07715594   6.4480662    8.44420376
  -6.78964445   4.54756161   6.7945504    1.06094964   6.3224541
  -1.55335411  -0.87442625  -3.99536704   4.75137989  10.30897163
  -4.60611559   5.39931553   8.82025568 -12.90472264  13.34578238
  -2.20545879   9.65489036  -5.53438466   2.97553514   3.77934632
   1.50473643  11.20274167   7.84682513   5.41673747   7.54086166
  -3.47789401   2.30252528  10.43715857  -5.28966956   4.40112759
  -3.61300127   3.84760389   0.50763609  -9.59951473   5.00254448
  -5.00357132  -6.36451239   2.17135088  -1.67838897  13.34825697
   3.77757347  -8.38490667  -5.91957145   1.95112002   2.75544084
  16.81234045  -5.38753575 -10.32012414   3.87403415 -14.29258867][  5.91156826   8.53958447  -5.78446001   3.50058494   8.74850967
  -2.74406625   2.49897029 -13.24726874  -0.87647439   5.53984239
  -1.65483543 -14.96210063  -0.11299938   6.43500021 -17.0902646
  -2.25276069  -2.15278554   1.86334956   5.67125918   3.20399781
  -7.64605157  -0.29849828   7.86198363  -2.51395115   0.94331011
   2.33890496  13.07954505  -2.21131849  -7.61497352   5.69143757
   4.97924152  10.71019371   1.79701818   0.43346355  -5.68393314
  -2.68715533   4.62076532   2.74080577 -19.89487873   1.41959866
  10.94485716   0.38451841  -5.52037821  -8.99428332  -2.47945199
 -12.02317662   3.82275481   5.26900547   0.3302408    2.2620058
  -5.56275459 -10.47710819  -1.89666396  -9.77434141  -4.71706799][ -0.4817835    9.52525103  -1.67505838   0.22162955   6.04388143
  -7.47449459  -6.75344871  -0.61877205  10.54969734  -6.95709813
   3.26319193   2.82260733  -6.35759366 -10.36575935   3.44386466
  -2.4003879   -7.24328658  -9.45780963  -4.54420885   2.48631742
   4.96985706 -13.87107254   5.04355136  -5.16354409   5.10371714
  -4.83326196  17.16803149   4.75355659  -4.60301297  -2.49552698
  -0.38075146  -4.73323309  -3.87471099  -9.59302542   8.2509498
   2.08505456   1.67404076  -4.23154293  -4.39586305  -1.13088905
  -2.9718441   -2.16659827   1.1116973   -3.14517201   3.61610817
  15.23844497   5.55710306  -5.46437376  -5.07199292   1.66499923
 -15.73711287  -4.05687536  -3.31244386   4.61404861  -4.80481412][  7.92853684   1.72107021  -2.29237945  -8.6947733  -12.05323481
   6.47899862  -0.03727048  -0.69007048 -13.19213051  -3.79635028
  -1.09196191  17.67710416   3.82047697   2.18495146   9.2062403
  -7.76146122   6.00970316 -19.89895442   5.25114072  -2.65613221
  15.54992502 -12.86563285  -4.27252757  -2.79622271   0.97209109
   7.17257918   7.28115043  -3.21651417   7.03226265   0.30960449
  -0.49179463   1.61258998  -2.05442973   0.5920106  -10.6443021
   4.11948976 -15.15355354   4.89385615   1.72586124  -5.98171274
   0.15110031   1.70438658   2.9073179    7.32659011  -1.83368139
   7.86658576   3.30103057 -10.69080345  11.74799827   1.09425871
  -7.23171293  -6.06018724   3.6169653   -0.16176629  -0.09181291][  4.6243972   11.40898829   6.911739     7.72820109   0.59272797
   6.67384861  -2.7907882   -9.92034957   2.32618168  -7.09650922
   9.97437833 -12.6229663    8.6299614   -6.27822074  10.13338863
  -6.21720488   0.3454963    4.93929821 -10.67721724  -7.01659086
  -3.61777756  11.20383133  -1.69309569   5.8173992   12.94998119
  13.45746831  12.16564554   0.6675348    8.78091328  -4.02358413
   8.87457273   6.73911331  -1.76974319  11.22009551  -5.85478483
  -9.73633261  12.3137824   -2.24962886 -18.9810918    8.06025723
 -10.42948098   7.15183109   5.01357743   2.04653291  -1.64646605
   0.23112755  13.13528127   2.97001526 -13.04279622  14.7667134
   0.88178852  11.82033416  -0.04123575  -8.66365434   0.1149633 ][ -2.93244415  -1.93780633   4.40384013   7.8526946    7.43226479
  -4.47053236  -7.72770403 -13.36317684  -9.9332032   10.60135061
   8.52522805  -0.09944864   3.46831429  -0.35613517  15.71004551
   5.19881341  -3.14492425   8.35460357   2.09355029  17.70125254
  15.65329928  -2.18326293  -2.26826784   1.09372877   3.45582038
   0.48064233  -3.96176331  -7.20114551  -9.28015739   4.25377992
  -6.13028863 -12.5055889  -14.62840906  -5.17329615  -5.66088909
  -1.90426449   0.95813428  19.8038586   -6.18888891   5.0649699
 -11.71388404  -4.46545095  12.85111761  -2.20683076  -7.84750136
   5.91240096   2.50531171   2.39918748  13.14058802   3.44620366
  10.64994382   6.46227965  -0.13608535  -1.90457116  -3.4991934 ][  2.32801162  11.06752779   6.5135762    2.56729037  -5.80506799
  -6.11005778  -6.60411705  -0.32927089   0.61168281  11.61307312
   9.95002839   2.5338019   -3.88549117   5.37957375 -14.23776177
   8.90042179   8.00343368  -0.24734254  -0.8148306    9.27783741
  -5.3896179   -2.59247337  -2.20709965  13.52586471   1.87340898
  -3.56089763   3.72767705   4.65944195   3.79879162   2.34285696
  -4.91405624   2.86454372   6.93250124  -6.26455103   0.60781279
  -4.40745072  -1.87211017   8.37656423  -8.40069438   4.66303121
  -6.19354574  -0.68063562   6.15118493   1.49953189  -4.66330694
   5.98105515  -2.40458043  -3.67333395   7.89967141  -8.3229422
   6.76414338  -1.63526113   3.94476686   2.67971762   4.02304523][  6.18228436   3.8903132    0.0867359   -5.83244537   8.10738627
  -8.82668149   7.35900993   4.43861875   2.48336866   5.96521725
  -1.22771324   2.72907871  -0.71756996 -10.19901998   3.37921753
  -5.74497657  14.83828777  -3.31179623   4.90019428   5.49553114
  -8.62826022   4.01356627  -2.14229595   5.57610507   9.94800041
  -1.94686773   4.7792899    5.9340827  -11.46673565  -6.69253923
   9.39856487  -7.79420193   1.86400473   5.65224141  -4.88903062
   3.28595017  14.18732864   9.57658533  -3.83797155 -10.64733828
  -8.38049305   0.71221839   1.70087441  -0.96839694   8.4550047
  -1.8181222   -0.81448282   5.28289459   4.4663547   -4.03168031
   2.56457441   8.26472258  -0.60393691  -4.7566877  -12.46925426][  4.05371127   0.73060343  -1.48246708   7.09026878   4.05169787
  -5.28552517  -1.62025765 -14.95890975  -1.90884156   4.11149739
 -11.69395367  -5.83226328   7.13809863   2.03760028  -8.59748237
  -7.57399111   1.60572634   1.63469071  -9.33719968   9.15144395
   0.39674254   7.24642619  -0.13723461   0.5951591   -0.32646649
   8.49761013  -3.77934475  -8.88161097  -3.41742678   7.05113713
   9.69524944   7.98219063  19.62231467  10.86488077   5.06663012
  -6.26310707  14.01390537  17.98511317  -0.59288304   2.4439169
   0.72571468   2.20688452  -1.05970411  -5.77307209  -6.9613421
   0.34357918   3.88567443 -10.83442776   5.74681728  -2.48762873
  -3.57313587   7.81316259  -8.35778233   4.04125952   0.0593812 ][  6.6690497  -14.45812217  -2.05183996  -5.35708873  -2.10722945
  -1.55500946  10.86995013  -7.73003958   2.36871364  16.74912109
   0.74864229   2.55018208   2.39475639   1.4578391   -0.50187925
   2.34265278  -2.9994304    1.8531899    5.33708616 -11.71224975
  -5.85154881   4.42305655  -5.44334117   8.78439805  -3.59400705
  -6.34652387   3.88761153   3.06679737  -2.67065751   3.5832238
  11.04623116  -1.87990451   0.09545411  -5.86957908   6.28388072
   7.17747787  -0.76581732   3.38981668  -1.54875189   4.21223159
   7.11485821  -8.58030784   2.11617533   3.30933729  -3.52540886
  -6.13501482  12.17145599   2.95631777   7.06481475  -9.60839901
  10.06231268  -2.86613102  14.2453782    7.72732094   5.27489756][  8.25079223  -3.34801949  15.04936527  -7.95637629   0.33864228
  -9.79456139  -3.87424985  -4.52101275  -5.75498183  -4.96372598
  -8.41654229   4.09935551   1.17101499  15.10034493  14.96510328
   5.60410711  -0.12351284   0.53944847   7.34864347 -10.05472249
  18.0135168   -0.55534385  -3.55850629  -4.73850308  -1.71078727
  -4.00749855  -7.50166165   7.03725325  -3.97490459   7.80593302
   7.77896239   0.24066259  -3.58523695   2.42553422  -4.35397912
   6.51413959   5.59276506  -0.91845501   6.87793092  -4.76625586
   3.88272554   1.18912889   2.83039541   2.35914745 -10.06295776
   2.14783088   2.244269   -13.09729102  -6.55649986   2.92635659
   4.25650519   1.10282481   7.10952894  -5.19924626   2.80535903][  3.4404259   -4.85063273 -14.95553227   8.24731033  -0.98871873
  -5.55969447  -2.29966946  -0.38171984   4.77099143   5.85918085
   2.43255717  18.12101676   0.33032884   5.93490627   0.72409612
  -6.09369198  12.72353665  -7.20405727   5.19864647 -12.18859228
  -9.78010175   4.71638757  -3.13854226  -0.81412036  -5.13768864
  -5.164325   -12.09798086   2.7544653   -3.28322103  -3.59081818
  -3.41076621  -0.83651868   1.69567384 -12.5718655   -0.15515773
  -1.72292415  -3.99769272   3.54358605 -15.13226331   8.22977604
  -5.23400106   4.99792967  15.40836673  -8.58155343  -1.42458512
  -5.00809117  -0.90529397  -9.08456879  13.3546281   12.33240739
   2.56024691  -0.5999262   -4.7225333  -11.76682799   6.88332617][ -7.22576304 -14.35505734   4.71680962  -1.44728486   4.70933948
   2.79327473  -0.5452101    4.83917943 -10.13435323  -2.52549391
   1.3444742   -6.05543575  -3.07615023   3.54347359   4.41205183
   2.54857445  -3.86667601   2.95466925   1.51093794  -6.16551262
  -5.35085414  -4.72954373  -3.65827276   5.44210627   3.59318176
  -1.12680434   1.83803691  -0.13253642   2.38849541  -9.94309768
  11.05949277   4.71369879   1.12237517   5.61380386 -11.8718827
  -7.19839951  -1.03968167  -8.45503571  -3.05765831   4.71797382
 -13.47624912  -0.1571607   -1.72909712  -1.34955338  -2.44390017
   1.1471794    9.14426873   0.83441415  -2.95450245   9.59667931
   3.50222418   2.011302   -13.28684045  -0.12758517   0.75941631][ 11.3150818   -5.57049689  -1.4920578   -5.27750248   9.10794817
   5.41509601  -8.8175506    9.61472419  -0.1429133   -3.43871836
  -3.6098474   -5.66868141  19.67408633   1.67318332   8.4048121
  -4.05592389  -1.13140641   1.36785985  -9.25540326   5.01142237
   0.86885287  12.69816255  12.29989297   1.93415206  -0.59294307
  -1.57352872   3.05387911  -7.91821306  -0.64127864   9.48277595
   7.31299978  -8.15367258  -3.3939046   -0.52198403 -10.23758042
   1.59760964  -5.22928099   4.36166744   2.70731773  -4.98444348
  -1.56232077  -9.79213515  -0.66162281 -15.42094773  -5.51088911
   7.31076204   8.27001569 -10.92408955   6.89338341   2.8716098
  24.25389428   3.66019962  -2.50575162   2.46187504  -2.39969674][-11.10411693  -2.60479782  -0.48999269   6.54346974  -0.6019006
  -0.32868608   8.14663146  10.77776714   2.3163906   -1.38122185
  11.20764346   0.86224445  16.02147791   2.08894159   0.07848133
  -1.43785889  -2.52116683   4.89980565  -0.15292925  -0.7436507
 -11.67376189   3.12339831  -0.17002655   4.63373099  -6.13249578
   6.00943622   6.15026814  -0.56349374  -2.40608243  -0.84052058
  10.89877491   2.28620002   1.84053791   6.23677606  -0.92993404
  -0.89576762   8.62092959  -6.59287892   6.85453998  -4.20194619
  -1.58768028   1.19742612  -4.30014843   3.20373571  -4.67341144
   7.69722582   2.48354275   2.14622401   3.83483303   2.7304161
  -4.96021622   2.12440784  -3.96136951  -2.54825687   9.14096539][ -2.82109098 -10.79180704  15.55218114   0.61137131   3.63279811
  -6.43905417   1.55677994   5.23462168   3.58799137  -2.93049854
  -6.92076931   4.27846056   3.31332098   0.3349913   -0.05077465
   4.69345378  27.66413232   0.95035093  -5.91576567  -3.23745367
  -8.56202179  -8.90532011 -20.58251413   4.43494979  -4.27815713
   2.31704785   0.16741771   3.07320802   1.25260517 -14.06709769
  11.04399489   1.12591625   1.72406172   4.71558745   5.81915129
  -5.32685936  -2.91560791   2.07282827 -10.55591744   5.48298932
   0.09706992   2.32226439  -8.22692359  -5.56643009   5.87455578
  -2.42839397   5.32963358  -4.72397063   2.37463301  -0.54650014
   2.52435855   5.22454953   7.33600535  -1.80312033   2.55228024][ -1.24466947 -10.50987611  -9.34728097   2.34610349   4.15368874
   0.54870052   0.08895836  -9.95552599   5.22892234  10.69925194
   5.601096    18.71734987  13.83096691  -1.93023316   0.28599749
   6.91189286 -10.39698374   3.92658331   0.9965982    7.49188865
  -6.79450155  -7.19231547   3.38946703  -9.68252675   3.41492195
  11.99024576  -6.31648328   1.23685952  -5.89962556   7.15900188
  -5.25544698  -6.49114352  -0.4243926   -8.66564573  -4.98798779
 -11.0773216   -5.03635841  -6.32990008  -9.02527988   0.23046827
  -5.6863241   30.16333892  -1.88733739  -7.35271408  -6.59209506
  -0.89575576  -1.6622385   -0.57323805  -2.44031467 -11.06133725
  -4.71896534  -4.61435537  -5.88454609   4.18508353   0.27595452]
 pesos capa salida
[ -9.41984892e-01  -5.76000098e-03  -2.41952383e-01  -9.99306534e-01
  -2.43005629e+00   1.07826620e+00   9.94789674e-02   1.38242407e+01
   2.31848339e+00   2.38434689e+00  -1.39092278e+00   3.90231463e+00
  -2.25236006e-01  -8.59287446e-01   6.56986856e+00  -6.26707536e-01
   2.47900752e+00   9.47783254e+00   2.27396710e-02]
 biasCapaoculta
-22.554970389277198
 biasCapaoSalida
1.9373407067342752
 mejor error
118.43756091858768
 Precision 
0.7158992180712423