
 fecha de inicio Thu, 09 Nov 2017 04:59:21 
 fecha de la generacion Fri, 10 Nov 2017 19:12:45 
 generacion: 789
 pesos capa oculta 1
[  8.86099433e+23   2.51978852e+23  -9.96389591e+25  -1.32980944e+24
   1.09273406e+25  -7.81404122e+23  -1.15784229e+25  -6.60701130e+24
  -1.78125849e+25  -3.72050903e+24  -2.38400381e+24  -1.55646319e+24
   6.86449917e+23  -2.47463129e+26  -9.37104832e+24   1.07576829e+25
  -8.69271996e+24  -4.41182554e+22   7.43391850e+24   1.23800453e+24
  -2.74276675e+24  -3.91189550e+24  -8.64216118e+24   1.05026218e+25
  -3.36520253e+24  -6.13930041e+23   1.14829344e+23  -2.39560827e+24
  -4.36184053e+24   9.05234205e+21   1.67826968e+25   5.54628580e+24
   3.75065743e+25   2.27217873e+23   7.03023535e+21   1.08885530e+24
   1.47877102e+25  -1.92085969e+25   2.72412889e+24   2.16414486e+25
   4.95346911e+24  -3.92173034e+24  -1.86908008e+24   2.00578762e+26
   7.49432479e+23   1.45401785e+23   9.72279749e+24  -5.33751212e+24
   9.13973791e+24  -5.09385629e+24  -1.09588926e+25  -5.15001990e+23
  -2.45757198e+24  -4.73171950e+24   6.21722059e+23][ -6.25306923e+24   7.70226992e+23  -1.18578456e+23  -3.53923967e+25
   2.16469559e+24   1.76690171e+24  -8.93249502e+24  -2.25451752e+25
  -3.20928944e+23  -3.06513786e+24   2.11012066e+24  -1.08360632e+24
  -1.34690547e+25   8.49823529e+23   1.80730172e+24  -4.01799631e+24
   2.52786702e+24   4.17579335e+24   7.07935739e+23   1.54591705e+25
  -3.67661376e+24  -7.18140081e+23  -8.09314139e+23   8.57952671e+24
  -5.21808486e+24   1.90637246e+23   3.32648632e+24   3.36292380e+24
  -1.46680179e+24  -4.36118689e+23  -3.83553074e+24   5.47687203e+25
  -1.37891907e+25  -4.06429985e+25  -1.41543704e+24  -3.38070185e+25
  -8.99326189e+24   6.85358196e+23  -2.42980415e+25   2.97227793e+23
  -3.61672295e+24   1.13344740e+24   7.65426064e+24   4.71088894e+24
   5.18297873e+23  -5.74393031e+24   2.10606812e+24   1.73015974e+25
   4.80332002e+24  -2.65069439e+25  -1.65590888e+24  -1.26684102e+25
   5.90771361e+23   1.62269290e+24   2.32555809e+25][ -3.24381377e+24  -5.35735484e+24   2.59302257e+24  -1.33662711e+23
   1.12790484e+24  -2.05812182e+23   8.90980393e+25  -5.40958939e+23
   1.28069227e+24   1.63736160e+24   6.15697492e+24  -8.63634497e+24
  -3.59803497e+25  -2.36774078e+25   2.58158889e+25   1.80714393e+25
   7.72445659e+24  -2.36623128e+24  -2.62881360e+25   2.38142541e+24
  -4.86933923e+23  -1.76883311e+24   6.33949131e+24  -1.39957753e+25
   2.31107327e+24   4.98089907e+24  -1.19640518e+25   3.10895488e+25
   1.05091096e+25  -3.66550806e+24  -1.70986804e+24   9.51899299e+24
   3.11314559e+23  -6.77934909e+24  -2.52958540e+25   2.60914113e+25
   7.15341378e+24   2.25098740e+25  -2.54124778e+23   5.86962496e+23
  -1.74763653e+24   2.18579147e+24   4.24995545e+25   7.07998043e+23
   8.18118448e+23   1.77392441e+25  -8.34530288e+24   2.56667258e+25
  -2.68692971e+25  -8.27239367e+24   3.19475497e+23   1.79043442e+24
  -1.94827414e+25  -5.71865700e+24   1.10963704e+25][ -6.29896269e+23  -7.61163251e+23   5.77361575e+24   5.20507276e+24
   4.02330934e+25  -1.92234881e+25   5.06288394e+24   8.47522805e+25
  -3.01610736e+25   2.40402582e+24   3.26910292e+24   1.69769999e+25
  -1.59792221e+24   6.29732112e+24  -7.74959254e+23   1.20228749e+25
  -8.72439659e+23   2.82198208e+25  -5.15267151e+22   1.42296831e+25
  -4.84219878e+25   1.68443233e+24  -9.25306825e+24   1.05777131e+25
   8.22802824e+24  -5.03455029e+23  -1.14612331e+25   1.66737291e+24
  -5.21630782e+24  -4.00960942e+25  -4.20682182e+24   1.85086289e+25
   5.18535809e+24  -2.27122629e+24  -3.05039920e+24   3.41198687e+24
   1.99183470e+24   4.40937535e+24  -1.93788084e+24   1.68773851e+24
  -1.90581926e+25  -1.75860445e+23  -6.10092999e+23  -6.52019835e+23
  -1.52393442e+24   2.77926654e+25  -3.52546233e+25   9.23152534e+23
   3.06858165e+25  -7.97973362e+24  -8.88142114e+23  -3.38680619e+24
  -8.15205256e+24  -1.43184061e+24  -4.40311684e+25][ -4.47323795e+24  -2.97054219e+24   4.29848645e+25   3.29823116e+23
   1.02091364e+24  -1.89905066e+24  -1.09648367e+24   3.62690501e+24
   1.60402739e+24   3.92422339e+22   4.13102598e+23   1.94480949e+24
  -8.52731013e+24   1.13246178e+25   2.01818695e+24  -1.24246248e+25
   1.23306697e+24  -4.20724253e+24   6.90334952e+24  -1.27509013e+23
   2.18372529e+23  -1.29649698e+25   1.33555037e+24   2.88872566e+25
   6.91687632e+24   2.32780074e+24  -7.02374633e+24   1.00899375e+25
   2.52642181e+24   2.69649019e+23   1.55028975e+24  -3.55381680e+24
  -3.61419289e+24   1.13253492e+25  -4.85416340e+24  -1.34331168e+24
  -6.13330004e+23  -9.74775312e+24   7.07405694e+23   2.76789649e+24
   1.33670707e+25  -7.94793869e+23  -5.34242958e+24  -2.71402805e+23
  -3.09884926e+24   1.83982728e+24  -1.20738150e+24   5.81956665e+23
   7.34299959e+24   4.70571249e+23   1.89669436e+25   5.78921039e+24
   1.50554797e+25  -7.51490702e+24  -3.67208645e+23][ -1.61587083e+22   9.44615780e+23   1.62067646e+24  -2.29359605e+24
   1.26651103e+22  -5.86513897e+24   2.31201599e+23  -1.90116026e+25
  -3.89170239e+24  -6.58324434e+23   5.25660320e+24   5.05269282e+24
  -5.93958414e+24   1.66052800e+24   2.58033673e+24  -3.95678617e+24
  -9.02833972e+24  -3.84550025e+24   2.71669808e+23   5.41657966e+23
   9.23396340e+23  -2.50569433e+25  -1.83727590e+24   1.71164838e+24
  -4.45978554e+23   5.04733889e+25  -1.09941151e+24  -3.17104913e+24
  -4.08261402e+25   3.66581727e+24  -2.01612467e+25   8.47701890e+24
   2.80833374e+25  -9.62872025e+23  -4.83822689e+23  -3.47264390e+24
   4.13040741e+24   4.18486403e+25  -1.03197088e+25  -2.88521983e+24
  -1.27959096e+24  -5.00572209e+23  -1.39452853e+25  -3.08281279e+24
  -1.21152033e+25   2.96660265e+23   6.77481291e+25  -1.81613495e+25
   2.06734705e+24   1.68431677e+23  -2.49600145e+24   1.81785136e+24
  -1.03523754e+24  -3.14444498e+23   1.36694473e+24][ -6.76879758e+23  -1.38182298e+24   5.47788419e+23  -2.96838040e+23
   5.53124263e+24  -5.11085274e+24  -1.06915939e+24  -4.52744604e+23
   1.08150364e+25   1.20465415e+25   7.23593223e+24   1.60056888e+25
  -1.63078829e+25   5.46849370e+24   1.67648220e+24  -1.74635488e+25
   1.59104677e+24   1.39556817e+26  -5.09092924e+24  -4.39868176e+24
  -1.39388381e+25  -1.58162728e+25   4.38534224e+23   2.36604678e+23
   3.99524847e+24  -2.34667077e+24   4.62164155e+24  -2.02036617e+23
  -4.04763922e+24   6.47121940e+23  -2.26727269e+25  -1.37509570e+24
  -2.38063631e+25   3.14161912e+24  -1.97867704e+24  -1.21144660e+25
   4.47317300e+23  -6.33126617e+22   3.25180217e+24  -8.72412228e+24
  -2.80591798e+25   7.62002755e+24   1.82533713e+24  -1.10834171e+23
  -1.01769673e+25   1.00395245e+25  -2.51913545e+24   5.16794080e+23
   6.60096190e+24  -1.66227079e+23   3.50984731e+23   3.27952205e+25
  -1.50654645e+25  -5.22686098e+24  -3.90465054e+24][ -1.40789810e+24  -3.15757118e+25  -5.53362280e+25  -6.56411438e+23
   1.29154854e+24   9.09634634e+23  -1.30234669e+23   8.86749412e+24
  -2.84199057e+24  -1.85487562e+26   1.58871844e+24   2.74296183e+24
  -1.01819695e+25   2.43570507e+24  -8.53158021e+23   4.89679575e+23
  -1.19914105e+23  -1.08698128e+26   2.19740444e+25   4.54442325e+23
   6.62827390e+24   1.43345276e+25  -1.64966001e+24  -2.55400784e+23
  -2.12910178e+25  -4.31680254e+24  -4.99201181e+24  -3.60376759e+24
   6.22231288e+25   3.83832390e+23  -1.30504943e+25   1.09081709e+26
  -3.63253855e+25   1.43851183e+24  -1.24386151e+25  -1.00513651e+25
   3.20395610e+24  -5.49290968e+24  -1.88318729e+24   1.51371141e+25
   4.74243778e+24   1.40101338e+24   7.02077743e+24  -9.86226563e+24
  -1.23849439e+25   5.65599902e+24  -1.63968921e+24   2.66200596e+24
   2.96723099e+24  -1.07053795e+24  -1.62734544e+24  -8.67458373e+23
  -5.52827734e+24   2.96854363e+23  -1.48593052e+24][  5.49070223e+24   4.29986262e+23   4.43870456e+25   2.82999202e+24
   1.79847462e+24  -1.98713413e+25   5.00774649e+24   1.22633158e+26
   6.92004957e+23   4.27691011e+23   4.06138166e+25   1.20247761e+25
  -7.20060355e+24   3.45629362e+25   1.14573883e+25  -1.92822675e+24
  -2.82334294e+24   6.48178100e+24   4.15857933e+23   9.33470137e+24
   2.07849981e+25   2.18428646e+23  -2.76482595e+24   5.00673767e+23
   1.73729763e+25   2.46717493e+25  -1.30727622e+24  -2.42848704e+25
  -8.50739528e+23   2.80423418e+23  -3.38144800e+24   2.89930068e+23
  -4.39920086e+24  -1.53665201e+24   1.09040346e+23   2.04997112e+25
  -8.57781892e+24   5.89005096e+24   1.75209643e+24  -5.06904633e+25
   2.35846729e+25  -2.60526773e+21   1.68492264e+24   4.68384320e+25
  -2.52759986e+23  -7.61417820e+23  -9.16066459e+23  -1.83908014e+25
   1.10579669e+25  -1.55905158e+24   4.13796278e+23   1.32240152e+24
  -5.22468370e+24  -1.91470473e+25   9.49090351e+24][  2.80786205e+25  -2.38030214e+24   3.83006976e+23  -9.88473933e+24
   8.56383219e+22   4.14295170e+22  -1.46141495e+25   7.19414982e+25
   4.56489725e+24   1.06647039e+24   3.88241410e+25  -2.32327689e+24
   1.46870542e+24   7.50813398e+24  -2.14133372e+25   2.38389838e+24
   7.74420587e+25  -1.39443414e+25   6.94124420e+24  -1.50443713e+24
  -1.08317376e+25  -2.39049957e+24  -5.34048442e+25   6.57313546e+25
  -7.76963769e+23   5.69680080e+23   1.40929070e+22  -1.88807522e+24
  -1.47814358e+24  -3.06348769e+24   1.59993578e+25  -6.96017412e+24
   4.84827371e+24   2.77132093e+25   1.80956269e+24  -5.62937301e+24
  -3.87695613e+24   1.31283974e+24  -3.26179160e+23   1.59421954e+24
   1.04283802e+23   1.89057844e+24  -4.63855123e+25  -2.81260875e+25
  -1.67453974e+25  -5.61647912e+23  -1.43838088e+23  -3.05647551e+24
   3.24566463e+25   3.36648675e+24  -9.60071602e+24   2.65448900e+26
   2.18243032e+24  -4.07043056e+25   1.87988235e+22][ -5.87655818e+23   4.31513372e+24  -1.63058378e+26   1.14912215e+24
   5.84727389e+23  -2.36564428e+24   1.19898472e+23   1.08450618e+24
   5.27872056e+23  -2.88967700e+24   3.91218327e+24   8.17353282e+24
   6.36143499e+24  -8.13706008e+23  -7.22958770e+24   5.11688771e+24
  -4.02353281e+23  -1.66615836e+25   3.21958419e+23  -7.08453570e+24
   3.54855505e+24  -7.90504199e+23  -1.84658156e+24   5.73363944e+23
   2.35810407e+24   1.20508902e+25   1.17798815e+25  -2.11824423e+25
   3.38683520e+24   1.54404306e+24   6.67032100e+24  -8.23103373e+24
  -4.18531585e+23  -1.83368502e+25  -1.48513644e+24  -2.31359534e+24
   5.03885291e+23   5.41564479e+23  -2.80034921e+24  -6.24024422e+25
   7.99119455e+23  -1.08062093e+25  -6.98597065e+23   1.22405373e+23
  -1.04645115e+25   3.82483010e+22  -3.35175040e+25   2.01205236e+24
  -1.35823368e+24   6.44081661e+24  -1.07133421e+24  -7.96765050e+24
  -3.72472660e+24   1.01297894e+26   7.05830103e+24][ -1.54782362e+24  -1.72551310e+25  -7.72095719e+23  -4.75597324e+25
   7.69853121e+25  -8.87477027e+24   7.69834721e+23   9.88577568e+23
  -6.75993513e+24   8.72341373e+24  -3.68585396e+23   3.20995870e+25
   2.62539400e+24   1.71009304e+25   4.05468793e+23  -4.03470782e+25
   2.00964236e+24  -1.61195962e+24   1.43090915e+24   2.28115946e+25
   1.30495078e+25   8.66675568e+24   7.79512129e+23  -6.94901853e+24
  -5.87280816e+24  -1.17743303e+26  -2.63338587e+23  -6.74854507e+24
   6.14377350e+24  -2.37061198e+24   6.57159311e+25   3.91410489e+24
  -7.27728640e+23  -1.30367707e+25  -5.89659560e+24  -3.56183406e+25
  -2.22091353e+24   1.11411187e+25   8.69054099e+24  -5.09010304e+23
   1.05983761e+24  -5.17385306e+24  -1.57330159e+24   8.89012484e+23
   3.00744821e+23  -6.83757689e+25  -2.19036401e+26  -1.13087944e+24
   4.08853892e+25  -7.85739187e+24   3.88238424e+23   4.26517302e+24
   1.49426237e+24  -7.64831463e+22  -4.08535656e+24][  1.96550694e+24  -1.60472149e+25   4.94745645e+24   1.15281872e+24
   3.05937392e+25   2.72939581e+24  -7.73488649e+25   1.89457150e+25
  -1.60642666e+25   8.54505233e+23  -7.63049355e+23   6.17400293e+23
   5.58329865e+24   1.35627476e+24  -7.98657989e+25   5.61694749e+22
  -9.73314006e+22   1.59827302e+23   8.55924908e+24  -6.73766370e+24
  -7.24863738e+24  -2.44211579e+23   7.12121499e+24   3.32855077e+24
   2.47950730e+24   3.59391431e+24   9.84668489e+24   3.74996090e+24
  -3.05356321e+24  -1.01578768e+24  -3.41975897e+24  -4.68298847e+24
   1.88417890e+24  -1.60901622e+25  -7.68251205e+23  -5.54537771e+22
  -1.16151450e+25  -8.30408995e+24   2.90057715e+24  -1.98035559e+24
  -1.28508949e+25  -1.42240556e+25  -1.04572517e+25  -5.54325521e+25
   2.45073491e+24   1.90145523e+25  -3.18048513e+25   1.30448563e+25
   3.79091681e+24  -9.11061820e+23   9.39743860e+23  -1.64951391e+24
  -1.78435947e+24   9.45967059e+23  -9.20187100e+24][  6.91784330e+24  -2.25517976e+24   1.88075010e+24  -9.05506772e+23
   7.79679824e+23  -4.74526802e+24  -2.63231000e+22   1.64717732e+25
  -4.95861386e+22  -6.65523283e+24  -2.76999625e+23   8.29835103e+24
   4.20573895e+25   1.00286540e+24   3.11950168e+23   1.33513374e+24
  -4.61897501e+23   1.64477782e+25  -1.77469276e+26   4.28723189e+24
  -1.52163401e+25   3.36980599e+24  -4.89894257e+23   1.42229088e+24
  -2.76065814e+24   1.10599293e+24   6.40922611e+24   4.85222840e+24
  -1.25541210e+25   9.68792728e+24   3.22018152e+25  -6.23253186e+23
  -2.23438526e+25   2.47690692e+23  -4.20945966e+23   6.19663318e+23
   2.47714795e+24   7.17052557e+23  -9.77713993e+23  -6.03263514e+24
   1.96075570e+25  -3.83391557e+24  -1.62271313e+24   3.25074044e+24
  -7.45461376e+23  -7.54517143e+22   1.92759802e+24  -8.68239317e+23
   2.94496033e+24   4.18413624e+24  -7.85723883e+23  -1.68969582e+23
   4.52680915e+24  -7.02542930e+24   2.12262667e+24][  1.90472243e+25   2.49927646e+24   1.37147322e+25   3.01967255e+24
   3.01525838e+24  -2.67450166e+24   1.54466948e+24  -7.91051052e+23
   9.80804085e+23   8.63216553e+24   4.34490214e+25   4.85109462e+24
  -1.62612609e+24  -3.13618092e+24   4.07034394e+24   1.77815593e+24
   1.17003741e+26  -1.97280667e+24   1.24494221e+23  -2.78969397e+22
   6.72919779e+22   9.87072351e+23   4.06212253e+23   1.74907595e+24
   9.54567312e+23   4.84792427e+24  -8.41480691e+23  -2.69513326e+24
   1.06052628e+25   5.37383137e+23  -1.90743949e+25   4.41404546e+24
   2.57422256e+24   6.80250808e+24  -3.56817563e+24  -5.31219828e+24
  -9.63163613e+24   3.10556722e+23  -1.30487091e+25  -2.04947128e+24
   2.91504776e+24   1.51569715e+24  -1.87955940e+24  -6.69556278e+22
   6.88021648e+25   6.56584362e+23  -9.78619235e+23  -9.51586524e+25
   4.56493286e+24  -5.02887632e+24  -1.40783185e+24   4.82272283e+25
   5.58892454e+24   5.24208871e+24   1.69342114e+23][ -1.02355792e+24  -1.02839841e+24  -1.65608734e+25  -1.03960255e+24
  -9.77397708e+24   2.04600880e+25   4.28215534e+24  -6.00580413e+24
   2.14671316e+24   1.00992653e+25  -3.06937917e+24  -4.66948107e+23
  -1.27584831e+25  -5.63780295e+24  -5.33362851e+23   2.72749562e+24
  -8.45827883e+23   3.75265053e+24  -8.22547426e+23   4.42539870e+24
   5.17062886e+24  -1.68913052e+24   7.80162022e+24  -7.61548234e+23
  -1.37945129e+25  -5.90530324e+23   1.37805124e+24  -1.95053842e+25
   3.24231824e+25   8.00093472e+22   2.76769846e+23  -1.73558654e+25
   7.53767502e+24  -2.70887896e+22  -3.21979526e+23   1.26128166e+25
  -3.17981298e+25  -2.95764798e+24  -5.17550724e+24   1.51855775e+24
   4.62506478e+22   1.33234644e+24   2.25465644e+23  -2.05735298e+24
   2.82255684e+25  -1.14582808e+24  -1.02495003e+24  -6.85842934e+24
   9.72067770e+24   2.10383558e+24   3.08225119e+25  -8.45193291e+22
   7.86423014e+24  -1.78230269e+24   4.79606557e+23][ -3.25617227e+24   2.94665971e+24   9.42409769e+23   1.58950927e+24
   9.28460579e+23  -4.70551174e+24  -1.56517232e+25   8.51350853e+24
   2.13844035e+24   1.22486117e+25   2.38638071e+24  -1.88470279e+25
   8.19043486e+23  -6.52543853e+24   1.59573388e+25  -2.22937367e+24
   3.76856644e+24  -2.77813496e+25   3.63159565e+24   5.58130522e+25
  -4.26632915e+25  -5.13906646e+24   3.76872082e+24   2.32284632e+24
  -4.71577055e+23  -6.14666531e+23   2.89793687e+24  -2.04181948e+24
  -2.97222218e+25  -2.63526104e+23  -3.20897273e+24   1.99803978e+23
   7.64431924e+25  -2.02743065e+24  -6.53850310e+24   2.89910638e+24
   1.41207156e+25  -3.05042494e+25   1.20623074e+23  -4.78376732e+24
   6.35021628e+24   1.14447730e+24  -2.20680438e+24  -3.35052047e+23
  -4.90366037e+24  -4.19838618e+24  -3.19688532e+25  -5.41625083e+24
  -2.50291876e+25  -8.45890132e+23  -9.31101190e+23   9.17493135e+23
   4.92650652e+24  -2.27192432e+22   2.77276122e+24][  1.70068212e+24   1.55853344e+24  -7.73257025e+24   8.93246395e+25
  -1.50519410e+25   1.05153918e+25   6.47007478e+24   4.09207073e+25
   3.35644935e+23  -6.79034796e+24  -6.07014891e+21  -3.11862514e+24
  -6.66808134e+23  -1.79809342e+25  -1.45197288e+24   7.63274615e+24
   2.53719152e+24   1.32896429e+24  -3.08861645e+25   1.75769401e+24
   3.16946339e+24   6.38588958e+24  -5.42567819e+23   3.70989936e+24
   8.90760715e+23  -2.64894306e+23   5.77661843e+23   1.43761418e+25
  -1.12203652e+22   1.51316129e+25   8.11239734e+24   1.26290613e+24
  -1.11394628e+24  -2.34531456e+24   4.55182458e+23  -1.04429645e+25
   1.41776774e+23   6.14522899e+25   6.47068963e+25  -5.71354685e+23
  -5.09767113e+22   1.96380433e+23  -1.04275627e+25   5.30880704e+24
  -7.09677658e+24   4.55899768e+24   1.17526969e+25   2.33981243e+23
  -2.23055849e+24  -4.85967173e+25   3.97650322e+22   8.58383043e+23
   7.40201067e+24   2.69942780e+24  -1.15415339e+25][ -8.39389586e+24   1.00314250e+25  -1.99936532e+25  -5.74284806e+24
   3.70002420e+24  -5.21765117e+24  -2.35628647e+24   4.04976701e+24
   3.46590315e+24  -7.77090536e+24  -3.16756778e+25  -3.33861544e+24
  -7.10609242e+24  -5.15805294e+23  -4.79736896e+25   3.40768646e+24
   2.91051517e+24   4.89480042e+22   3.47681187e+24   2.89759866e+25
  -2.23011623e+23  -2.30597096e+24  -1.15856881e+25  -1.10300844e+25
   3.38819229e+24  -1.14627631e+25  -4.06754697e+24   2.86616734e+22
  -4.36366487e+24  -5.79533054e+23   6.69170882e+24  -2.23052038e+25
  -1.41123824e+24  -9.67222206e+24  -4.30822805e+24  -1.81142730e+25
   1.37236081e+24   2.40202156e+25  -7.36051813e+23   5.22040826e+24
  -6.37890686e+23   4.42292459e+22   2.04411004e+25  -4.70203591e+23
   2.12838069e+25   3.92436202e+24   5.50965753e+23  -2.88220925e+25
   6.38278224e+24   6.58374691e+23  -3.15682941e+23  -7.91976293e+23
   1.85366298e+24   4.67565624e+24  -4.18290989e+24]
 pesos capa salida
[  3.91979715e+25  -1.67615410e+26   4.22508640e+24   1.27364450e+26
   9.05960054e+24  -1.60025743e+23   6.26072433e+25  -1.02258337e+26
   7.42563491e+25   1.29800477e+26  -3.78642285e+25   2.99988200e+26
   2.52536557e+25   2.42200627e+24   3.82590079e+26  -1.95472480e+25
   6.34469970e+25  -4.30166361e+25  -5.89114095e+25]
 biasCapaoculta
6.043666510402859e+24
 biasCapaoSalida
6.056073636576865e+24
 mejor error
158.5
 Precision 
0.7245873153779322