
 fecha de inicio Thu, 09 Nov 2017 04:59:21 
 fecha de la generacion Fri, 10 Nov 2017 19:11:35 
 generacion: 786
 pesos capa oculta 1
[ 2.93443317 -3.23832399 -2.6029702  -3.96593204  2.67012901  2.24141782
  0.21580498  7.44208    -5.19699762  1.00029888  1.68909167  3.74023753
  1.38854853  3.22509047  6.66235508 -5.18154807  4.41142837 -6.90713912
  0.01945428  1.87183024  6.53527628 -2.02931642  0.24137095  3.35024076
 -4.84355134  1.47091931  2.21240736 -1.70658929  2.88648678  4.14743885
 -2.37953911 -6.69399376  3.28922132 -1.64196887  6.95366808  1.39068922
 -2.48884898 -3.74135627 -0.05810416 -0.58993446 -1.36594629  2.04393001
  0.1455341   3.97118893  2.06133965 -7.53199576 -3.48007299  6.0362846
  0.80317661  2.76920207 -1.41515474 -2.42894659  4.755841    2.3969582
 -3.1684193 ][  2.35001108e+00  -1.90423822e+00  -2.29522964e+00   5.10494325e+00
   2.67080796e+00   6.56658221e-01  -3.62051185e+00   2.48290408e-01
  -2.35762356e+00   4.60200886e+00  -2.07399928e+00   4.25695340e+00
   2.32390932e-03  -1.62371347e+00  -6.90590975e-01   3.20987536e+00
   3.72625400e+00  -1.20995773e+00   4.69660678e+00  -1.50154115e+00
  -5.57333415e-01  -3.79636527e-01   1.89180981e+00   2.94737270e+00
  -4.67898520e+00  -2.54857447e+00  -2.87729561e+00  -1.06077410e+00
  -1.73574241e-01  -6.35629836e-01   7.11489038e-01   9.35291132e-01
  -8.45068269e+00   4.88036440e+00   1.02038205e-01   2.98440337e+00
   3.86549702e+00  -4.65029941e+00   3.37126901e+00   5.28782281e+00
  -3.05528527e+00   2.59560256e+00  -2.72881871e+00   5.73818142e+00
   6.27641689e+00   1.26833001e+00  -9.14507306e-01  -1.27258867e+01
   3.51207768e-01   3.85889498e-01   3.67082458e+00   4.53043952e+00
  -2.69688855e+00   3.08563741e+00  -4.95500915e+00][-2.57533828 -1.98408324 -0.18931279 -0.90396863 -2.4469875  -3.70539883
  3.75826436 -2.73649895  1.20493221  2.79853437  0.2437131  -0.46968314
  2.35296481 -8.84982837  2.37833678  1.37781926  4.35457568  7.87720046
  0.60235054  3.60659966  7.68052352  3.47212581 -2.7802339   0.69431885
  6.54119904 -2.00269251 -2.30036953 -5.6527008  -2.9789195   6.40155227
  0.60188572 -1.11903555  6.15312223 -0.95804096 -3.52981306  3.76148782
  0.51417832  4.17931352  1.76469197  1.32374329 -0.15762057  1.3744111
  0.16888365 -1.82593362 -7.22628894  0.67349056 -4.51066064  3.22485421
  1.94239787  0.39237559  2.29145569 -0.42367682 -1.0422841  -1.65075771
 -7.24516372][ 3.38793038 -1.80708037  1.72108843  0.4821585   1.69382104  2.43954585
 -4.41874602  3.48864249  0.51034325  6.04942584  1.32691456  0.34338241
 -1.93531063  1.35736932  3.61836659 -0.46468868  1.16318986  2.96492772
  4.92876462 -4.82234143  0.28622871  0.61992192  5.56275032 -6.66363653
  3.00263758 -3.18478313 -1.74468083 -3.8409285  -0.87950439 -3.54937524
  8.83746551  3.80888455 -1.82345666  5.48982918  1.53844321  3.77058434
 -0.93922848 -3.19015656 -1.51775344  3.0946448  -1.36184307  2.69415521
  2.4564904  -1.31154204 -4.39013942 -0.44904946  0.75247867  1.83824326
  1.51609678  4.05475806  6.2873909  -5.03124767  3.32802104 -6.87982653
  6.16090248][  3.21537790e+00  -6.14444559e+00   1.76510415e+00  -3.76010205e+00
   7.32349680e-01   8.86475913e-01  -2.52532519e+00   2.92068118e+00
   2.35751689e+00   5.72416078e+00  -2.01049508e+00  -1.54894556e+00
  -5.01465061e+00   1.45852837e-01   1.07122856e+00  -1.50550749e+00
   1.52227985e+00   3.32412189e+00   1.08153184e+00  -1.98679412e+00
  -1.31981298e-01   6.05268814e-01  -7.25839125e-01  -1.82045681e-02
  -1.44449791e+00  -6.97478305e+00  -1.60536946e+00   2.39586600e+00
  -4.11440740e+00  -6.66731809e-01  -9.77615062e-01   6.95852994e-01
  -6.74641592e-01   1.77478829e+00   5.17118469e+00   6.25979966e-03
  -7.95096739e-02   4.13195121e+00  -2.73250409e-01   1.19734753e+00
  -3.72724381e+00   4.67613740e+00  -2.52658718e-01   5.29987088e-01
   4.75617970e+00   7.19427373e-01   6.33470515e-01   6.97455511e+00
   5.16824753e+00   2.96501455e+00  -2.00255740e+00  -1.63039646e+00
   3.04672083e+00  -1.74524532e+00   9.32776412e-01][-3.55049406 -0.87031963  2.65319164  2.76397627  0.15531223 -0.27243759
  3.0004148  -0.17200219 -0.75450038  5.38196341  2.34659943  0.86542955
 -2.71164733  3.54508753 -2.04297431 -1.59274517 -0.25696544  1.51299513
  0.43378359 -1.39954305 -5.65475033 -2.15685085  7.20444979 -1.38298789
  4.57718517  5.320591   -0.55794282  1.12595026  4.51400223  0.02775161
 -7.78785112 -2.31136061  0.56009321  5.70128124 -1.55864171  2.05214838
  2.6248572   1.56100739 -0.92207776  3.82390755 -2.59082103  3.06005609
 -0.44542806  2.34547     4.42590194  2.08974781 -1.93555722 -1.79251423
  1.00650524  0.53198173  6.48249406 -2.73827733  4.90945674  0.51180529
 -0.74913746][  2.59576799   4.34528072  -1.47687349  -0.8259426    3.09534665
  -1.13880667   0.61475186   2.5171625   -8.28932731   6.62302988
  -1.17847164  -3.2792342   -4.62335182   0.80254741  -2.01048585
  -2.21216944   0.85057292  -5.13124099 -10.16195764   1.03160062
  -5.29147489   6.12392466  -0.39284009   3.20305423  -0.18803971
  -2.50261865  -0.23685759  -4.1346282    7.50168492   0.82384695
   2.22569228  -3.70343175  -3.85140773  -2.67848818  -1.08414208
   3.09040782   0.09307755  -0.3191188   -3.04198871  -7.00307916
   1.61264487   1.79720713   3.1948944   -4.32982336   0.95958349
   4.18574337  -2.36630312  -1.94323109  -2.04069727  -2.99473326
   0.78435316  -0.56296653   2.79446121  -0.37225571   5.39323993][-0.76021458  2.69436768 -2.87052402  0.39923137  2.48916213  0.86886991
  1.87575199  0.03925471 -1.80706098  5.51085716  2.67381366  3.31261745
 -3.02230661  3.52170362  3.28705402  2.03959826  3.81660526 -0.06504571
  0.61357086  0.84609891 -4.51060589 -4.96274375  2.37672459 -4.61107889
  1.08173209  3.29853335 -2.47378513 -3.35379431 -5.64091885  0.55228722
 -1.59273977 -9.55396394  4.81611225 -0.40597964 -3.51444802 -2.61200416
  0.46364789 -1.41649474  2.06635979 -1.08704323  2.64655717 -5.05974267
  7.29708778  5.57641296 -0.35838369  0.60996979  3.08835594 -3.52442511
 -1.12453587 -0.11574779 -1.77378309  0.34170441 -1.55906555 -2.98784945
 -5.91487713][ 1.07217678  0.90119203 -0.91019338  3.73759784 -4.16768646 -0.29202883
  0.10629388 -0.38917792 -1.38250013 -0.49183951 -0.24059026 -3.48776523
 -1.94193397  0.3638646  -0.69101972  0.66615678  3.20506907  0.68993493
  1.95390332 -0.98914428  4.694086   -6.27822339  0.01720273 -6.5314989
 -2.01192081  1.54328759 -4.02661866 -3.49724993 -1.03324439 -0.73368974
  0.7976484  -5.8580529  -3.84940586  1.88591009 -4.04776748 -1.88316364
  1.60875016 -2.43115802  3.13767822 -5.90608128  5.81126827  0.65301572
  4.67618481  0.98518456  1.9736579  -2.15241501 -5.95439915  2.95444129
 -0.61391145  1.8133143  -2.11185723 -2.87574782  5.61090912 -0.12106827
 -0.29769971][ 3.03438854  0.11405918 -2.81024867 -4.30814291 -2.64401484  0.26953022
 -0.05658129 -1.76958692 -1.56069177  1.58429301  2.63525289  0.05585119
 -1.5757415   0.89907589  1.80722025 -3.65998888 -3.32974203  0.7616886
  1.57870033 -0.41903045 -1.84651802  4.90799819  3.18152599 -4.76924985
 -1.07839904 -5.30815701 -2.70591856  0.87413252  0.59023764 -6.82573305
 -2.74736845  0.83633963 -0.76516586 -0.60992903 -0.89241682  3.50731253
  2.60748119 -1.53586846  4.16324919 -7.16688796  3.79908199 -4.20522355
  0.21240231 -1.59404277 -0.69309002  0.72738236 -0.47020922  7.50588249
  6.60927004  0.44016518 -5.15914425 -1.8627878  -1.80499015  0.24428287
 -5.29879787][-0.21234312  1.72011504  4.87979837 -9.35787173  4.75279698  1.51259994
 -6.35696985  0.65709583 -3.47684508 -1.60533955 -1.26840781  3.43116788
  3.1372394   1.04038782  1.10602863 -4.16791548  0.97697382 -1.09963644
 -2.66435637 -5.41996669 -1.32671614 -3.30046217 -1.7976876   4.35916984
 -5.28047673  6.04784644  0.49383867 -1.34989396  6.11306594 -1.01861595
 -4.34127553  0.89917978  3.32188259 -2.50072261 -1.36887215 -6.98489378
 -5.22071538  0.04626878  4.26202414  2.19637862 -0.67415831 -1.61521646
  2.75299288 -1.03482521  1.29278719  3.90240112  0.90466147  0.90381438
  2.41413163  1.04714205  3.38177608  0.32119238  4.85147235  0.78146776
 -0.95204032][-0.17322957 -1.97956543  4.9973132   9.30176677 -3.44187567  2.82531095
  2.88413264 -2.99515642 -1.73663335  3.3088977  -4.84817192  0.10191392
  4.32761985 -2.49134685 -1.33272635  3.95220094  2.99550381  4.96521551
  4.39288816  1.51902604 -3.65174641  1.15407693 -2.98899167  2.86153462
  2.33497918 -1.13880182 -9.22753495  1.36742327 -2.9463237  -0.70293223
  6.49803426  0.49443652  4.68742684  4.27731839 -0.5345167  -3.12622083
 -0.51963861  1.52670742 -2.31530601 -0.86204864  3.26722991 -0.44121265
 -3.06717754  4.11361936  5.2178645   3.03873958  9.7405482  -2.95146375
 -3.23625271  4.64324103  4.89668035 -1.0633187  -1.04728294  6.31006332
  3.74670642][-0.3033508   2.88953422  4.20778232  1.38114138  0.0755945   0.2898156
  1.29395826  1.82465104  5.73067046 -0.47983739  3.84739077  6.28037746
  4.57423658  0.30578165  3.36626697  1.25329492  0.04917581  2.80164664
  3.8730023  -2.58132966  4.09938279 -8.34665432 -3.23315833  8.36591627
  5.64858699  3.25837247  2.65690237  2.315188   -6.79029434 -4.73442473
  0.97870077 -3.8945872   2.07105509  0.36121933 -4.69784871 -1.92382887
 -0.28541747  0.71325333 -3.65471861 -4.99976041  0.34105544 -2.41430366
  2.08820448  1.67416076  7.31736686 -6.05408372 -7.39444306 -1.18904114
  4.73952071  0.22960157  0.19796501 -5.5790385   1.44784958 -0.86781381
 -1.86117427][ 2.05917094 -1.20913307  2.56974962 -1.53422741  6.60548757 -7.65851093
  3.80697037 -1.44391424  0.15473858 -0.49693064  0.86659727 -2.65735914
  3.47235127 -4.21721073  2.68063844 -3.03266007 -7.54893807  3.73807786
  3.83579506  3.92519214 -1.8217038   7.8246539   0.6226228   1.01515458
 -1.69436771  6.48977508 -8.3534345  -0.66123976 -8.90255369 -3.88010577
  2.14883728 -3.46486843 -0.63603873  4.69496631  7.31814511  4.63661196
 -0.54203027 -0.82767118 -1.86579723  1.50771608  5.26613262 -1.07997588
 -4.01560165 -3.21075873 -2.92581164 -4.14363134  4.43549259 -5.60951017
 -2.05398032 -2.05004108  0.95785407 -0.15343928  3.10135106  3.97192718
  3.38950064][-1.77057353 -1.79069379 -1.5977095  -1.71889546  0.82683872  1.34831945
 -5.60822473  0.07205961 -4.25753128  3.14202446 -8.68949974 -3.77845033
 -1.0292188  -1.54341452  6.76083832 -4.90882156 -0.90986383  5.83025868
  5.22899437  3.46701124 -4.27785873  2.03516539  2.60887948  6.27582001
  1.66692433 -0.06099269  2.14400809 -1.54026351  2.62604125 -0.89653443
  0.31284611  0.71185585  1.35445135 -0.73623401 -5.09169513 -4.63595656
 -2.69201522 -0.89840986  2.84956757  1.05126237 -3.70068315  1.4083738
 -2.46689786  3.93384281 -3.04757889 -0.99726374  0.87967682 -1.53024594
  6.37593418 -1.4457227   0.26358451  0.98284079  1.36974055 -2.52764664
 -0.01353654][-0.71077924  1.26903389 -2.76051744 -7.20999668  3.95533533  0.88312716
  1.06700557 -2.08638706 -7.79288106 -3.40888352  2.66226337  0.71731359
 -2.92146823 -5.59534165  2.95426069  2.55607454 -1.01860443 -1.66832388
  2.78794975 -0.94896556 -1.40992811 -0.5827718   5.03647472 -1.29156063
  2.63909008  7.52632008 -5.83598937 -4.62678703  2.42252981 -2.77495083
 -8.68581458  4.6448336   3.48036328 -0.87732204 -0.77680946  4.84220515
  4.57898299  1.97254927  4.40537241  0.51049467 -0.52995508  6.70893621
 -2.88965914 -4.46673686 -5.64897618 -3.27539335  0.33515195 -4.3115374
 -2.97493973  1.42460625 -7.86522115  1.35496986  2.06465532 -1.09737033
  4.70332073][ -4.68044031e-01   2.01699847e-01   2.52094875e+00  -1.41914339e+00
  -5.12170495e+00   1.43734462e+00  -5.65755284e-01  -2.76437500e+00
   4.50059420e+00   6.37180328e+00   1.85958641e+00  -2.87199717e+00
   6.64543794e-03  -3.90706664e+00   3.63732534e+00   4.87600045e-01
   2.23846832e-01   3.08005956e+00   1.92535235e+00   2.35355656e+00
  -1.59679597e+00   1.39452452e-01  -3.70336906e+00  -4.12388213e+00
  -3.28486264e+00   4.52152586e+00   1.35189982e-01   6.83722912e-01
   1.74056938e+00  -1.80587343e+00   2.90319498e+00   1.34559809e+00
   7.95150724e+00  -3.13868955e+00   3.11925458e-01  -7.03540291e-01
   4.65315297e+00   9.58595055e+00   3.56332565e+00  -1.21864208e+00
   1.12728208e+00   1.93681701e+00  -4.66004936e+00  -4.86656731e+00
   3.18020088e+00  -5.86409949e+00  -5.13105889e-01   4.65420425e+00
  -2.79442813e+00   1.12855223e+00   1.32676026e+00   3.48756249e+00
   2.51509984e+00   1.67144700e+00   6.09380667e-01][-4.69040504 -1.27157168  3.64593228 -5.38233516  1.31247704  3.04606267
  2.44236838 -1.39174935  0.61292735  2.47501782 -2.66468917  6.40545333
 -0.47149685  0.94171514 -2.23627736 -4.91333303  5.34776367 -1.04689615
  0.23693072 -3.08794671 -0.98082286  1.33305866 -0.91357714  5.48563953
 -3.4338547  -5.39436971  0.13350038 -7.16661379 -2.20432638 -2.06705656
 -2.00312562  0.23719242  2.17928715 -3.86863857  0.33547715  1.04151563
  3.13660851  3.10552331  8.48850748  1.58314531  5.86982653 -0.56914563
  0.40571121 -2.50894547 -2.89914511 -3.09458929 -3.19398453 -1.35392055
  2.19366689  2.50826085  2.40917358  0.89333907  0.42812203  5.45796255
  2.3546305 ][ 2.58109094  3.12383215 -5.11108702  2.42774261 -0.527103   -3.91387032
  7.00718413 -0.1222873   4.75418816 -1.25864277 -0.66842372 -1.25682644
  2.6477163  -0.19316954  2.94526439 -4.40347901 -5.19817144  2.0675026
  5.13926003  4.30795374 -6.64269358  3.5656953   3.35364447 -7.59630777
 -1.3215377   0.23412403 -0.42257117 -0.53842113 -3.70734977 -0.56342753
 -1.41781116 -2.32200248  3.205152   -0.40272092  0.9523887   1.13898749
 -1.14927032  5.92700532  0.54250525  0.01487252  2.27432419 -1.0819631
 -2.02453423 -0.93953683 -1.03515074  2.49322905 -3.95329939  5.08379482
  0.77494254 -5.5637886  -0.25426642 -1.04795471 -2.18350951 -1.11445193
  1.03606914]
 pesos capa salida
[ 0.92805488  0.79121984  2.07240132 -0.54370056  0.12981819  1.56053484
  1.77854271  0.96677451 -0.51345837 -1.26503012  0.41811561  2.16825735
 -0.17271348  0.61543785 -0.59493602 -1.1188586   2.51005171 -1.219235
 -3.07642351]
 biasCapaoculta
-0.35960469187485783
 biasCapaoSalida
1.1230158312987912
 mejor error
107.04859512076837
 Precision 
0.7480451781059948