
 fecha de inicio Tue, 14 Nov 2017 04:42:18 
 fecha de la generacion Thu, 16 Nov 2017 00:28:07 
 generacion: 13758
 pesos capa oculta 1
[ 6.47253481  0.28186148 -5.96247985  1.91193899 -0.76160525 -5.37724128
 -0.88381097 -2.16844786 -1.35841057 -0.79523901 -0.071622   -1.09756677
  2.2782871  -4.99919799 -8.10782126  1.59585593  2.6819898   0.53116993
  0.32966596 -4.54334434 -0.74102095 -3.97289376  1.64224561  5.69260215
  2.49781129 -0.52776176 -3.94361707 -5.52182536 -1.38905697  1.59261096
 -3.4321228  -2.88810965  7.11112617  2.54163614  6.70582283 -3.18069839
 -0.1686513   5.02612266  1.08130516  2.48848738 -3.17585601 -2.67421911
 -1.40471739  0.45946009 -4.70349019  0.34641763 -3.81649802 -0.29408338
 -1.21837446 -4.95162856 -6.15702556 -0.31635003  4.09691815 -0.66404829
  5.5394192 ][ 4.81979833  2.92024301 -4.39676647  1.68138227 -3.55940287 -2.14048384
 -0.13653581  0.88650351  3.71268288 -3.41521624 -1.58867372 -0.35238297
 -8.19932364  7.8187511   2.69209205  0.05773465  1.94927885 -5.2653111
  2.10554858 -3.16586079 -5.24947923  0.83757645  4.83241651  1.56025769
  2.45035145 -4.80764685 -3.48337583  6.24270784 -6.50289807 -0.55329826
  5.65934453 -2.14717297  0.9222077   0.09363752 -1.28112165  0.29844305
 -0.30018953  1.53024473  3.2785285  -3.43677358 -1.68374549  3.79556079
 -0.14778185  1.41824591 -3.79741654  2.17658718  2.03915998 -0.47188674
  1.72279724 -0.44981462 -0.98622774  5.61993028  1.15204626  0.02723495
  2.61301637][ 0.95450852 -0.520652   -6.95399723  3.40443321  0.86297582 -0.76957957
 -1.33486851 -3.83241706  3.82438254  1.33285582  2.79698275 -0.40595646
  3.26134976 -4.84282643  0.29901913  1.60554195 -3.32245242  2.46288117
  2.57889691  0.97120734 -1.92951173  3.44535605  0.81361544  2.81279764
 -0.03796885 -6.56537186  1.7728497  -3.10818066 -2.06201254 -6.43037127
 -0.38131822  3.90501657 -3.45257094 -9.11301111  5.54344316 -5.80868476
 -2.926285    3.88488294 -0.40909154  3.34364431 -1.32697646  4.15093638
 -3.34912931 -0.42303636  2.27598884  4.61962382  4.41402873 -2.10249862
  4.30098301  0.62458367  3.9274374  -1.55130271 -2.18742187  1.56817706
 -0.82147863][ 2.23099928 -0.89737287 -2.34525786 -1.49895834  3.28939271  3.6819879
 -6.42529203 -0.8803815   4.8263913  -3.13124711  0.59296435 -1.49113592
 -1.85074895 -9.00968762  3.98372874  0.18684213 -4.55711842  0.48696929
  4.38507042  0.12127873 -0.29377793  2.94131888 -1.58061563  4.23857001
 -2.18270131 -2.75410612  2.5548997   0.53194287 -0.80612911  1.7115373
 -4.71152387  2.91657716 -5.77866438 -5.14220174 -0.71817915 -0.0823614
  4.0134642  -2.05153439 -3.5185781   0.24195648  0.24876791  3.17027597
  0.71125151 -3.27669015  1.98142108 -1.83143896 -3.34323169  2.78643808
 -4.40362469 -2.78354257 -4.90974998  1.13292561  2.55201033  7.05887723
 -6.59004044][-2.41149874 -4.32727825 -3.45549583  1.62456177  2.09942652  1.09709082
  1.76092781 -4.0984768  -1.30764194  1.63781458  1.81872356 -1.73200091
  2.12296432  4.05022765  2.83025687  3.65315687  0.14134689 -0.68631466
  1.98821329 -4.87909962 -7.97375553 -0.56868905  1.87155918  3.53847878
 -2.14027093 -0.32955643 -1.27869268 -3.93510292  1.88521601  5.16841273
  0.76516095 -5.53320665 -0.02438219  1.91274908 -6.09490313 -2.81553729
 -1.79732803  3.04552788  3.18187794 -2.38743589 -0.34851528  3.09820712
 -0.65706689 -0.88660971  4.79018897 -0.16529381  4.78861603 -2.20228668
  3.81924954 -1.0319559   4.357866    3.51280631  0.79036827  1.19540087
 -0.79944236][-0.74753888 -0.90072088 -5.53589519 -6.11051142  7.26772507  1.64468469
  5.89230126 -5.38825135  1.35043129 -1.71776356 -0.75459019  3.55787611
  6.06379869 -6.28838228  3.32553551 -0.61815398  2.33382619  0.41089095
 -2.90399126  3.50803791 -4.28139263 -0.67480646 -0.65507449 -0.18431713
  6.77751455  1.50708521 -7.32185349 -4.65177456  1.66954383  1.04599549
  8.38651279  3.58145333  0.61585101 -8.56076529  4.02810119  0.80583103
 -6.99369012  2.2356305   1.68222586 -7.10974441 -2.34790578 -2.95081067
 -1.16415368 -6.03594706  0.09980942 -0.90586785 -1.5328754   0.77372866
  0.31659369  2.37551005 -5.49427079  2.30771062  3.93693191  0.14221056
  0.07728246][  1.17964601e+01  -1.64365627e+00   3.06887729e+00   6.80940576e+00
   2.36690354e+00  -3.44360907e+00   2.39792616e+00  -3.42927558e+00
  -1.29954826e+00   1.44783444e+00   3.33577779e+00   2.02899137e+00
  -4.13438582e+00  -1.42152450e+00   9.59804707e-02  -4.87914874e+00
   1.15635244e-01   1.17397641e+00   1.01846250e+00  -1.94764916e-01
  -1.11202997e+00  -2.24481161e+00  -9.33454194e-01  -3.02328854e+00
  -5.46070833e-01   3.02700187e+00  -2.59353590e+00  -6.04720023e-03
  -2.39488547e+00  -3.17740924e+00  -7.66628483e+00  -3.75871857e+00
  -4.64888501e+00   3.43314536e+00  -1.03217699e-01  -1.75641277e+00
  -2.53130993e+00   3.81131614e+00  -1.79752766e+00  -2.65488488e+00
   9.96819957e-02  -3.37392323e+00  -3.41453775e+00   1.06217589e+00
   4.28120315e+00  -2.46250797e+00   2.78978265e+00   3.95261179e+00
  -6.01420832e-01  -2.64271170e+00   5.79757032e-01  -9.55487560e-01
  -1.50191638e+00  -4.58191849e+00  -4.52222542e+00][ 0.9634555  -3.31324511  4.16433803  0.7308098   3.75092208 -0.2396981
  6.88511311  1.40161247  2.11591177  0.30352177  4.68490903  2.53451222
  3.12764323 -0.20302585  0.77876801  1.65830798 -6.16521946 -5.12325115
 -1.03562036  3.47081817  1.59314746  3.06847148  1.6387632   2.92433166
  1.13796859 -8.0800222   4.28043964  5.90640986 -0.97998905  0.08240303
 -4.61112547  0.12128881  3.68916371  1.47450597 -0.04769834 -4.60383296
 -0.43169771  2.65516797  1.0831328   1.21540049  4.9119928  -3.43968948
 -0.14231928  0.18922994  4.1168926   3.63205435 -3.36908036 -3.2342059
 -6.15865304  0.15432112  1.71170275  6.84306523 -2.10490587 -1.41373405
  0.27515369][-0.69130935 -6.11462994  8.3065362  -0.36209     6.57215984 -0.84654827
  1.30755148 -2.00875335 -0.26379736 -2.48430296 -2.86842508 -3.78971587
  5.36226974 -1.82143967 -1.60130392 -3.37075326  1.67593123  0.57325452
 -2.97949598  1.72043023  1.32823452  2.27277014  5.4591968   2.47471986
  6.18706813  0.81528446 -2.10690028  0.32222424 -0.81083603  1.74743403
  5.99556609  0.53603247 -1.87586623 -0.40393518  1.21774835  0.51921306
  0.40051762  3.04158427 -0.96759653  0.65624193 -3.67464175  8.23679715
  1.63658136  1.64052412  1.58816694  5.49434152  2.09675998  1.20624445
 -2.05954214  0.28253966 -0.07983174  3.58252709  2.58170924  1.54421096
  2.01686803][ 3.98202727  0.29104489 -0.34100807  5.98526064  2.78133485  5.34860866
 -3.205594    0.50441661  0.47955512  2.2559167  -3.34554692  0.53592781
 -4.30957829  2.42776908 -0.57541919 -2.11904124  0.40581635 -1.03907754
  1.67509128  0.67189475 -1.76005219  1.31945774  0.0745964   2.10286643
  2.49340412 -0.37191673 -4.70383348 -0.92603421  2.28548145 -0.94729209
  0.44485463 -3.11324467  4.10766486  0.82703783  1.37101489 -4.15429532
  1.59464429 -0.3026184   2.52117148 -2.693422   -3.48176733  5.24308928
 -6.4373329   3.38365642 -3.61001943  5.73181398  0.44496409  0.70551152
  3.52642399 -0.06987747  1.27714959 -2.06942315  5.0714459   0.4392735
  0.99462314][-3.28705114  0.97802676  1.6996015   0.56188397  2.47394028 -4.59791373
  3.43443143 -1.050531   -6.05701845 -2.87034374  0.55356547  4.87152448
 -5.98396749  0.6536442  -9.47477963  0.50557942 -1.09264617 -5.37359031
  1.61278621 -3.18878972  0.15742479  0.56108729  1.46680004  2.50102744
 -5.87859804 -0.13219692  0.35909663 -2.80819341  1.32154389 -1.28722583
  0.82865104 -1.28841418 -1.7949383   0.6048021  -1.59078752  0.88611142
 -1.96528771  5.06037863 -2.86063883 -1.00493124 -2.4933761   0.69921737
  2.06990264  0.11773726  7.32633104  5.73199413  2.06576924  2.89475923
  1.49841844  3.25226379  1.07830038  1.61178468  4.43280603  2.98630254
  1.61649118][-5.93986361  2.84446955  1.39547966  2.45897787 -1.16338498 -2.85232629
  1.31197808 -0.63154602  0.045677   -3.3063523   2.03295336  0.90727782
  0.94940854  1.2229966  -3.02977584 -2.35277485 -1.23574101 -0.42992853
 -3.47202591  0.77519871  0.3575907  -0.28117656  5.37968667  4.07875026
  0.41932932 -5.13227556  0.88507383 -3.07846897  0.39520028  1.77192074
  2.13835589  2.40924581 -2.48080692  3.42125774 -3.35126297 -4.60554777
 -1.06544582 -1.51451345  3.37734671 -1.97240129  0.86597345  1.03421833
 -4.78490668 -2.96259695 -0.04067441 -1.56619791  1.28006899 -2.69530737
  2.49438637 -7.89923872  3.57101709 -0.72400825 -0.3309274  -0.44534294
 -1.08159837][-0.83643063 -3.2328929  -2.39118315  0.69718038  2.56952223 -3.12745697
  1.14605709 -5.97141627  1.92557417  6.82428414  0.94286369  0.34096616
  2.4803802   2.60075663 -4.68613814  1.30509567 -4.36884502  1.5182843
  3.96339054 -2.90865934 -1.22062763  5.43773052 -3.60518027  0.14840599
  1.07358484 -0.53225249 -6.02320602  1.04243337 -1.22075059  2.31108099
  0.27608539 -4.60941965 -1.16747234  1.17870348 -1.5234489   0.42321385
 -3.36889192 -0.58426641 -2.04475208 -0.9978573  -6.90880617  3.26451756
  0.43379225  2.07532078  3.55059625 -2.20745457 -0.11039815 -3.39618305
 -2.52330763  1.08571527  1.17398956  1.32323266  0.61982797  2.94141963
  5.37104701][  2.66611704  -3.67196967  -1.63110432   9.54639362  -4.3894777
   6.99820943   0.11734257   5.0301342    1.57376785  -2.05635642
  -2.99377581   1.64291378   1.98948993  -1.20586899   4.33290888
   0.88848542  -4.87308608   0.57748735   3.10609615   6.62330708
   2.1490311   -2.27550424  -0.50974706  -3.4355016    0.73784073
   0.76509948  -2.98542918  -2.84725388   4.32807996  -1.56934437
   0.62612842  -0.20017783   0.25709217  -5.4302187    2.56966672
  -0.13651453   3.90809641   3.02037394  -0.0977335    7.47973051
   2.18113943  -4.21015411  12.18820557   4.1365674   -3.38866719
   2.22674366  -0.26263026  -3.16474685   3.71761951  -1.43284081
   2.64485378   4.04437489  -4.14853283  -1.77142918   1.66391467][ 6.52705433  0.47327068  0.8548992  -4.66530328  1.5845467   2.46248271
 -0.05615033 -1.18810085  4.29201189 -2.97937664 -3.11385251 -1.50552046
 -1.53808107 -0.20691699 -4.59378116 -6.58938851 -0.13727883  2.7402821
 -0.38274902 -5.44379615  0.23532577  6.47118825 -6.40053557 -2.03819121
  2.29373624 -3.0531508  -1.2591093   3.50761234  5.07772253 -0.65390593
 -0.05604426 -0.3446146  -1.83520774 -1.81007849 -0.85755294  2.22554665
 -5.0886881   5.18547267  1.30840204 -0.66039947 -5.28193764  0.36916439
 -0.61058924  3.70370917  3.08203854 -0.65522933  1.98239222 -0.31169131
  0.12324687 -0.44274905 -2.69924989 -2.3065079   3.69940547  3.69525993
 -2.04823385][ -3.24950666  -1.34095656   7.14158746   2.20643134  -0.59984606
   3.9658547    2.46893251  -0.66635953  -6.51448864   2.75327908
   5.01394295   0.62659784  -3.18315933  -1.46208742  -1.60312531
   2.39013761   6.69651128   3.25326224   6.13017467   0.02562578
   0.12680299  -6.52330086  -0.56618872   5.17659712  -0.82516001
  -2.91492891   5.29900508   1.85542938   0.8940018    2.30666571
   1.3537313  -10.58664151  -2.89600069  -4.52523461   1.41755338
   0.85770167  -0.27771851  -3.03606178   3.54999515   2.70933297
   2.53795979   5.26677304   0.45154516   0.08488985   1.29035121
   1.80771332   0.46992896   0.74833725   4.00325421  -0.86911773
   2.63385973  -3.90494925  -2.11855529  -2.3906989   -1.89965353][  4.46911551e-01  -3.93705507e-02   4.95972309e+00   4.52241042e+00
   3.10905091e+00   2.25231165e+00   8.69046180e-01   3.23535764e+00
  -9.77733735e-01  -1.74574460e+00   2.23088937e+00  -2.55639981e+00
  -3.24097262e+00  -3.30963915e+00  -3.33697522e+00   1.24245050e+00
  -5.99981505e+00   2.23097752e+00   7.77961074e+00   7.12206868e-01
  -1.94899671e+00   2.61847967e+00   3.37443305e+00   5.90664935e-01
  -7.46033886e+00  -4.55811363e+00  -1.31929742e+01   4.33960918e+00
  -3.28049144e+00  -2.68608237e+00   3.74053267e-01   3.11362261e+00
  -2.66384966e+00   1.85979058e-01   2.18010430e+00   3.11646631e+00
   1.91440832e+00  -4.15719843e+00  -3.42266828e+00   2.56155480e+00
  -2.97204608e+00  -4.16842416e+00  -1.61486083e+00  -1.33706664e+00
  -1.50975950e+00  -3.92698121e+00   2.98179669e+00  -6.15617648e+00
   1.73128551e+00  -1.92519391e+00   8.15955642e-02  -1.67642523e+00
   1.03340588e+00   5.90640875e+00   6.09026077e-03][ 2.96921043 -0.29037747 -3.86105912  1.47866647  2.09861902  4.55305088
 -3.36788953 -2.50108084 -0.20677461  2.08116125  3.45684655  0.59629737
 -3.37168577 -2.66526112 -0.075293   -6.02450595 -9.30803974  2.23778389
  5.22465084 -5.01003881  1.10827831  1.69285748  2.32726573 -0.11228444
 -3.32738362 -2.78619783 -4.12353847  5.4193129  -3.37234916  1.3257023
 -0.0097408   3.51697836 -3.71405517  5.4243855   4.94387909 -2.94615421
  0.97218231 -2.70202905 -6.58861703 -1.10495124  0.58519862 -1.89163793
 -2.44805862 -2.35961777  2.10284742 -1.17363965  3.96424987 -4.17620373
 -6.06018409  8.06261792 -4.71006551 -2.99831645  0.94505141 -1.44739232
  0.55946163][ 5.37712751  1.68271181  5.82269155  2.57530134 -6.68425186 -2.60238462
  0.3810901  -1.70108151 -1.74715148  3.35892732 -1.42592099 -4.69958516
 -3.13835257  4.28841276  3.75343941 -3.0623768   0.9219632   3.49551964
 -9.37456131 -0.39885305  2.93071333  0.33552073  1.69958381  2.09081638
 -6.46276397  2.98961408  4.8711607   1.04981619 -3.94399147 -2.6803527
  2.6504864  -5.16116137 -3.9235446  -1.23948466  2.69547641 -1.26373583
 -3.17659055  0.06297422 -1.72040622  1.50883999  0.68536242 -8.38132937
  3.9608084   3.20187525  4.5620215  -7.29319865 -0.61129418  0.85458033
  1.86259898  0.26737155 -1.60833201 -2.14769458  4.29612381 -6.76020628
 -2.2282656 ]
 pesos capa salida
[-1.54991577 -1.86141441 -0.47827759 -0.90224637  2.2992752  -0.47673701
  4.44171233  2.11351026  3.73534341  2.60676272 -1.16927601 -2.59155408
 -0.03908626 -0.77250486 -2.07228217  2.6489241   3.22723444 -4.82399116
  1.59013699]
 biasCapaoculta
1.1134248076503468
 biasCapaoSalida
0.8536677189423002
 mejor error
112.89778988609889
 Precision 
0.738488271068636