
 fecha de inicio Sat, 25 Nov 2017 05:59:17 
 fecha de la generacion Mon, 27 Nov 2017 05:38:21 
 generacion: 25251
 pesos capa oculta 1
[  2.09624123   0.32005683   2.6027096    0.58780167   3.8488191
  -2.94717975  -2.94813371   1.5936402  -11.7097518    0.16708527
   2.50465936   0.80151358  -4.12109746 -10.7409533   -0.05332638
   1.7293024    0.25629744   5.37418807   0.01609719   2.09725009
  -7.44625479  -1.02656054  -0.5297799   -4.51579739  10.03028018
  -2.01320553  -8.11642424  -1.20468551   1.94017362   8.90760915
   3.79276608   8.6115556    3.40224511  -2.64728685   2.11836438
  -3.42998827   2.4264855    1.04159861   5.00537342  -2.12814153
  11.1507225    0.96145527  -4.42859566  -0.824178    -0.16101674
  -3.81464344   2.94737661  -2.20651171  -0.54772267 -10.56101829
  -4.53839843   2.25910459   1.48123153  -5.32833447  -2.61586965][ -2.89622789e+00  -4.24945955e-01   1.15016480e+01   2.51138183e+00
   5.54427314e+00   4.44543688e+00   2.92973610e+00   2.21885297e+00
  -7.90984821e+00  -3.26875924e+00  -9.33806642e+00   2.07080899e+00
  -1.78514313e-02   1.76739611e+00   6.71265295e+00   4.19122213e+00
   2.22259235e+00  -2.40721678e+00   3.47493941e+00  -3.58443053e+00
   1.07194728e+00  -1.17332634e+01   2.77037575e+00   7.36188855e+00
  -2.50072587e+00  -8.09236113e+00  -2.73265760e+00  -2.31880875e+00
   4.29934777e+00  -1.50472242e-02   8.97724512e+00  -5.29321751e+00
  -1.58376488e+00   4.12292515e+00   2.42202613e+00   1.76098066e+00
  -2.82137885e+00  -1.60253059e+00  -5.26297377e+00   1.28297947e+00
   4.69266734e-01  -1.91701947e+00   5.47641702e-01   2.97482925e+00
   1.24047300e+00  -2.38716261e+00   2.17856963e+00   4.73133661e+00
  -4.21917573e+00  -7.36913765e-03   4.68190012e+00  -3.41423979e+00
   6.52536598e+00  -1.00288846e+00  -5.41763854e+00][  9.98915971   1.30940727   3.22417897   5.39078812   8.77566531
  -1.13924317   3.54526443   0.65967453   9.02285121   3.98591417
   9.67355978   1.24471814  -2.32666802   1.64479425  -2.57658095
 -10.28595062   8.87178103  -9.51714274  -1.02810835   7.66037462
   0.86648702  -3.07919044   3.82309167   5.88657757   6.7426466
  -2.40408471  -0.80176284   7.04861537 -10.24175849  -3.17954182
  -5.12410961  -0.39891437  -1.87780627  -2.52948787   4.13265858
  -3.98854513   4.41330722   6.37223353   1.19451067  -0.51750299
  -4.17668266   5.49584823   6.82610227   6.82093432  -0.94859956
   2.72508859  -4.2000435    0.58757407   0.5613413    2.33398363
   9.92624453   4.50387163  -1.34932059  -6.35111236   0.34013361][ -5.99022717  -3.98301853   0.08180963   8.65908875  -5.0459124
   2.70951924   7.1296101    5.41384825  -6.65441527   7.6949813
   1.7576734   -4.31134451  -4.95206861  -2.98124328  -1.1706332
   8.29056437  -0.77138122   7.46598339  -4.30560971   6.21722907
  -6.74314964  -0.96601655  -3.67213921  -4.49306973   0.86208612
  11.33420849 -10.37002513  -2.60239121  -3.53150479  -6.08923967
   9.05044053 -10.38339189   3.73030227  -2.80247716   1.51889683
  -1.96003859   3.88046082   5.95072246   4.81460246  -0.88693395
   4.44312098   8.72786522   2.49061671   5.10713352   1.11311144
  -6.67897185   4.23641886  11.29226258  -6.08726213   4.82623569
  -2.48506611  -1.69997515  -0.42718727  -1.83226386   9.12117626][ -0.35596637   8.49407023  -0.33881226  10.05652644  -6.22379814
   1.58747119  -2.18017086   1.04708648   2.56588812  -5.53690588
 -10.44704708   4.36918353  -6.51841583   5.35142655   5.10334073
  -5.74672968  -4.95972885  -3.47961873  -2.8525734   -0.73415545
  -5.53568834  -9.60878109   4.48754675  -4.47837194 -12.00470863
  -6.55000889  -2.5759266    6.17420673   1.06721488  -6.88033375
  -9.61648448  -3.74103133  -8.47845315  -2.17210026  -3.34034577
  -3.75580379  -3.27437889  -4.31038347   1.90134044   4.83549145
  -4.59807482   1.348017    -0.44961627  -0.39619229  -5.22129209
   1.69104635  -5.61427177  -1.41231257  -3.69126966   8.25537523
  -3.13783071 -12.01896554  -2.39086882   2.67548679  -5.54933298][ -7.71706393e-01  -5.73914138e-03   1.28184401e+01   3.17886367e+00
   4.13838098e-01  -1.33509842e+00  -3.32944570e-01   4.35666204e+00
   1.37204755e+00   8.60582505e-01   1.73332443e+00  -6.67606981e+00
   1.27809333e+01   6.22110464e+00  -6.22112418e+00  -1.03812925e+00
   2.39671312e+00   8.44349319e+00  -1.68078944e+00  -2.08542897e+00
  -3.27566572e+00  -1.88140809e+00   3.28156068e-01  -9.28836208e+00
  -1.36970662e+00   4.52028841e+00   1.70723302e+00   3.80907239e+00
  -2.93791095e+00  -6.42875038e+00   4.95497640e+00  -7.16709393e+00
   5.53850921e+00  -2.33087774e+00   9.00065709e-01   3.29379852e+00
   1.01610497e-01  -8.07445992e-01   4.72116593e+00   2.83506964e+00
   3.64752481e+00  -3.20106232e+00   2.70187274e+00  -1.38784653e+00
   8.58186848e+00  -1.94256732e+00  -4.78205806e+00   5.33114893e+00
   3.51426086e+00   6.65008578e-01  -1.79525136e+00   8.23631611e+00
   6.83357747e+00  -6.84147701e+00   3.78696464e+00][  4.79382334  -0.23237544   3.07749278   6.84566187  -5.16513516
   6.05767028  -4.16535707   0.27238916  -5.20076515   7.9086435   -4.539019
  -1.47905624   6.33625225  -3.35998995   3.14067265  -0.99798767
   8.50909966   0.3116141    3.21972814   5.014972     6.94575726
   6.96511496   0.08954614   1.34526573   0.5452151    1.73130744
   9.3362873    0.39844965 -10.03522583  -2.82473985  -0.83966188
   0.3361017    3.92644961  -9.88351468  -5.11260851   0.88369795
  -1.30857596   2.1154999   -2.54081898   7.16497365   3.36038246
  -2.7978428   -1.09289835  10.14463575   2.96589858   0.95696209
  -4.44609907  -2.03063369  -3.61510213  -1.10872108  -9.86841468
   3.94378163   4.93191225   4.71542375  -2.17224549][ 7.02383538 -3.14383748 -0.9058294   2.55558281  7.44453887  3.63512163
  8.35179182 -4.77427102  9.99415099  0.13629882  4.42558149  3.62660285
  7.04488321  8.68704936  2.46133171 -1.99880201  0.97107785  1.81913231
  8.94547974 -0.48892613  0.0359678  -5.67314032 -3.61509091  4.09588982
 -6.15814711  6.67659907 -3.20749537  4.9490042  -4.3143469   9.46914375
 -5.04619485 -4.39756063  7.27701091  3.3329483  -4.1469072  -5.06746436
 -1.95351989  1.00828255 -8.55932109 -3.24165336 -5.87681248 -3.61933312
  0.10248929  1.82193719  5.50568634  4.30235837  3.216407   -9.90137417
 -3.60925979 -1.48840537 -3.99054458 -1.7506832   0.22019889 -0.69872171
  0.98668036][  5.05382745   4.35356956   3.36377866   0.40568365  -1.25801892
 -15.0851136    4.21385661  -3.83336338   0.31599826  -1.51218177
   4.77710745   7.85280593  -5.4401594   -1.99124128   0.21393604
   0.49591692   1.04736765   5.85195266  -2.98328801   6.30451219
  -3.05312987  10.20288194  -4.38667264  13.56635701  -0.64638897
  -1.44572636   0.99137303   0.97896343  -5.65987954   5.83618519
   6.16513505 -10.00169479   3.41627032   3.22785637   1.60268466
  -2.00621133   2.36290751   0.35828799  -1.04950175   3.34246571
   0.1221816    1.8839742   -0.41166612   2.09059699  -1.71101508
  -6.12425348  -1.17534863  -3.98778278  -2.4197748   -2.89484267
  -4.68024357  -0.2439347   -0.3060276   -2.61470659   2.2459086 ][ -5.72171586   0.556488     6.25336488  -1.76162464  -8.39627022
   4.22363792  -9.15419441  -4.67426676  -1.62619678   2.83205257
  -5.3284035   -3.75275835  -1.04189789  -2.6886682    3.08034677
   8.29422551  -0.1161287   -2.94239262   0.11068463  -4.12732929
  -2.40146647  -2.46740313   4.04079334  -2.09418075   0.95107878
  -0.14210163   0.18457129   2.05703657   9.42171248  -5.90250721
   1.98875582  -1.47636745 -13.86314935  -5.33703739  -4.16749994
  -0.83300278   0.50177736   6.05786223  -4.40696342  -3.85971852
   3.75169471   7.43796373   3.70123981   1.00189525   2.13466675
   2.02011927   4.13773084  -0.88703199   7.97650336   3.95172548
  -5.3256223   -2.23984727   7.02811697  -2.76852209   5.31420299][ -9.74581925  -5.16672035  13.60400014  -0.35064848  -1.56676876
  -5.4531046   -0.94218216   3.63025288   5.22954096  -1.47012235
  -0.58788222   3.88401863   2.02164091  -8.17595698   3.5188342
   4.37873825   8.60817633  -3.10855285   2.66621468   6.44171443
   4.58846962   2.15971545  -8.85920374  -2.43420252   3.42251676
   2.74348523   0.16503542   3.66162563  -5.49076958  -1.6803567
  -0.94985803   1.89987139  -3.51950563  -3.20983025   4.09557791
   4.54587283  -0.66575918   0.6701092   -2.30429002  -8.15319291
  -1.4232185    0.4923455   -2.54095949  -4.36238983   6.23201744
   1.67129789  -4.0922994   10.6045119    4.64804584   5.6553931
   7.09528966  14.89250001   2.37586547   1.7902704   -1.6472159 ][ -7.36947562  -1.81963957  -4.29070783   1.2996107    2.13616668
  -6.5601924   -0.80471773   5.03503897  -7.81957061   0.56344025
  -1.88839931  -2.86681438  13.59634804  11.32039675  -5.05159028
   5.21723817  -1.20811315   0.9935561    5.71407847   4.98042129
  -4.35939984  -5.52221244 -10.40248667  -1.17826487  12.97259023
  -2.08740141  -2.29778798  -1.23733445   7.1516518   -0.39729051
  11.22863958  -4.61189834  -1.07501728  -4.54807116   0.43555157
   5.68958208   6.83843096   9.02878606   1.42399241   3.62337578
  -3.51820308   0.46471507   5.35170974   2.42854941   0.03294388
  -5.48256565  -1.09477722  -0.2285147   -7.15053752  -1.87856489
   1.01096522  -3.9507368   -5.92411574  -1.88951779   4.55362777][-12.21580728 -20.28480684  -3.59391758   3.46447825  -2.44020037
   6.32951011   2.55006236  -6.46855953   3.67091851   4.47732173
  -0.53834856   0.12340019   5.33949106   5.30238996   3.82184965
   0.93259637  -4.95499842   2.18744445   3.28362543  -2.93683773
  -3.07867954  -0.35372876  -3.07555212  -3.80337688   0.0664678
   9.09389828   4.86878232   1.54411455   8.56719092  -3.83760045
  -4.41055507   4.42939306  -8.37894728  -9.10624096   3.4854161
  -5.89896688  -7.28616288   8.97765094  -0.61183815  -2.84198306
  -1.35214351   8.86667423  -1.08012591   0.11672548  -3.41958888
  -1.60113914   2.47550206  -4.30224717  -3.98178694   4.95252018
   8.09683961  -0.1060951    4.02578256  -5.5819686   12.65446139][  0.04735413   3.44541154   3.3371499    2.69805464 -13.84282272
  -3.14026457   4.20251753  -9.75446159  -4.98774427  -3.16315707
  -4.01026198  -4.06263313   2.39587598  -0.74186203 -11.93916998
   1.45195714  -4.38573748  -6.79546987   1.86669743  -3.2473884
   8.31330196  -1.49114496  -2.30768695  -8.32384755  -4.32436702
   0.04651155   0.83614345   4.61810114   0.6758204   -2.65771868
   1.83918364   5.63034815   8.53623201   1.78372464   6.90510718
   4.91182052  -1.01982222  -1.57166798   5.62836756  -6.24545992
  -0.89240471  -5.53810443   1.81610193  -2.29414932  -5.974654
  -1.59067171  -0.82741268   4.65514972   0.82937034   6.02043229
   4.38042335   9.895222    -1.29020465   3.9805232    9.43720657][  7.75485201e+00   2.70742699e+00  -2.47474338e+00   4.15935387e+00
  -2.19204986e+00   5.55199510e+00   5.43139622e+00  -8.23070191e+00
   4.64836636e+00  -6.00353996e+00   9.14009714e+00  -2.13347375e+00
   5.24924565e-01   1.90955584e-02  -1.92649363e+00   6.50526715e+00
  -3.31682339e-01   4.37624647e+00  -1.61412240e+00   6.07332792e+00
  -1.47164543e+00   6.73077135e+00   5.31718746e+00  -2.98666255e+00
  -8.22635934e+00   5.16334926e+00  -1.57175668e+00   1.70062207e+00
   1.21386029e+00  -2.37903857e+00   1.00477185e+01  -3.29694280e+00
   6.76463516e-01  -9.46474413e+00   6.18388581e-01  -4.36621059e+00
  -4.58499651e+00  -1.02330080e+00  -9.31592196e-03   1.48220769e+00
   7.52160463e+00  -9.88699915e+00   7.88912738e-01   3.05261424e+00
   2.91487097e+00  -5.46484165e-01   6.22281433e-01   1.68385913e+00
   3.00517147e+00  -6.51653012e-01   7.23166574e-01   2.63213229e+00
  -4.61298133e-01  -4.68625449e+00   4.88886474e+00][ -1.79190851  -0.87223063   2.50926871  -3.44717887  -1.30624133
  -5.11606978   0.44323823   6.88391748   5.78484238  -5.13192525
   1.09573482   2.99215418 -10.12816899  -1.11598348  -4.18824282
   1.62826684  11.89119306   2.55576067   2.85502112  -6.21025266
  -4.36076598  -8.25045449   0.14645184   3.97247788   2.27732159
  -1.87995701  -0.95243404  -5.76203663   1.55373566  -1.82164851
  -1.30725695   5.52394005   4.5271741    4.26520243  -2.46647359
   2.7371643    2.14744053  -3.48989864   2.17648837   2.21186528
   2.14602621  -3.71651662  -0.38415169  -2.49415242   2.31262551
  -7.00540396  -3.67973794   5.90809571   3.12495033  -0.5095602
   2.63685938  -1.59720328  -2.75676648   3.13714969   5.36375053][ -2.32508251  -2.09946535   5.70065131  -3.24717036  -4.91748555
   6.35472231   1.0267401    1.75759199  -0.4213964    3.5493473
  -1.4319649   -2.89228112  -2.7870782   -1.3073925   -6.25032734
  -3.88439583  -8.04352097   2.39301497   8.5317153    0.36350425
   3.99233198   4.9412229    5.41753539   1.59260095  -4.61971774
   1.17139821  -2.14744908  -4.31378421   2.36333004   0.89537367
  -0.45993309  -3.30624097  -6.88561236   4.80151585   4.46010275
  -2.11180839  -4.49503974  -2.91630283  -4.31144458  -0.57587654
  -2.4492841    1.48867879  -7.68241783   1.99380316   8.88854688
   1.74804969  -0.54095511  -6.19766783   2.45538379  11.18572483
   3.78355778   2.79728088  -2.7432081   -1.37528526  -4.08842147][  4.76549116   0.30810394  18.35537946   4.38007654   5.0561746
   3.26194701   4.95340443   4.15167808  -0.28425916   8.13296036
   3.41706046   0.11484647  -4.48239023  -2.4272019   -5.26401428
   0.87572764   2.33249887   4.2196933   -3.38715567  -1.16535494
  -4.95706132  -2.65964119  -0.5634739    2.23364641  -1.05979998
  -3.9086633    3.50547439   0.4066766    6.58271657  -1.3278109
  -4.74214852  -3.61733231   0.50226877  -1.06304144 -10.64583558
  -6.04393188   2.32088052   3.0999053    4.66457823   0.59798414
   1.72096415   1.1498374   -1.71024969  -0.55630912   4.34926586
 -10.18949046   1.01478128   8.97695909   3.56054197  -3.62717055
   0.67086649   1.92376541   0.72506586   1.21507249   7.13973041][  2.85831606   9.70305037  -4.06486211 -11.04235003  -5.18720546
 -11.80513561   2.58766445   9.99400731   8.60899703  -5.01139357
  -6.83752552   6.1195976   -4.46134678  -2.89420427  -1.34491527
  -6.55811693  -5.46926996   5.80622045   2.14825115   8.48628517
   5.66239958  -9.16689498   1.95269413  -0.74919771  -1.8990805
  -0.67405903   7.5232897    1.62772949  -5.2711759   -3.84733231
  -0.02996805   3.46562315   1.65930131  -1.7509505    2.49754035
  -1.49109119   0.19544521   2.30928037  -0.97539869  -2.32075349
   0.62265525   3.00380185  -4.97949973  -4.4671499    4.81064897
   4.68101312  -4.63150516   8.66633322   2.43608929  -9.90762554
 -10.22463367   2.73423872  -4.27139355  -3.04104028   1.81302945]
 pesos capa salida
[-0.27858934  0.84495741  0.42556802  1.94231269 -1.09394522  1.23593272
 -0.35905206  0.57744429  0.83688001  0.2401432   2.75479886  1.13238295
  1.30149556 -0.76668536 -0.2923849  -0.54601193  0.55060533  2.14267982
 -0.82355708]
 biasCapaoculta
-10.797730190784462
 biasCapaoSalida
0.8223232769369786
 mejor error
92.5114701556998
 Precision 
0.7758470894874022