
 fecha de inicio Sat, 18 Nov 2017 04:32:24 
 fecha de la generacion Mon, 20 Nov 2017 04:18:23 
 generacion: 28071
 pesos capa oculta 1
[-1.95600872  7.47774003 -1.62184941 -5.58216527 -9.92357409  2.468413
 -4.58704873 -4.39727308  0.5097789  -2.9868731  -5.41231727 -5.74286126
  2.87357645 -1.03873759  3.92256186 -4.50425464 -4.36812546 -0.36488038
  2.48330647  3.47072023 -0.3548492   3.98133582  0.10779161  1.11450438
 -1.81901791  2.06899586  2.74363286  4.62125989 -2.67987426 -0.6156208
 -5.48452097  1.51019292  3.3730369  -0.15538528  0.98588375  0.7383675
 -2.2223557   4.08128982  4.98623404  1.56844431  2.45160537 -0.91054521
 -3.16485481 -5.99908061 -5.02493897  1.10290712 -4.82356013  4.18329277
  1.30027609 -1.07040053 -1.54164215 -0.96144093 -1.02321854  2.64570787
  6.87924621][-0.10440093  0.87460564  1.63096174 -2.16578573  7.48818752  5.35896205
  0.67065022 -1.46825081 -6.37784973 -3.84534638 -2.047247    0.5039149
  3.0928253  -0.27601831  0.10418559  1.53261155  0.43456226  1.91679448
  3.09121482  0.73705793  2.00983737 -1.60696824 -2.53840401 -4.26255351
 -4.44623714 -1.55693383  0.32282833  5.36488933 -1.02362423  0.44569775
 -5.03326892 -3.73095858 -1.6577335  -2.56949091 -4.26864331  4.09572448
 -3.50985757  4.0256148  -7.3411748   3.81685061  0.26866916 -3.0072068
 -2.87215716  3.94759682  2.55862266 -6.0090773  -5.54075684 -7.90110605
  0.52077991  1.20529801  2.33951764  1.26736762  0.06038254  2.90768419
 -1.02276   ][ 0.29387972 -0.07879731  7.71038411  0.53537546  1.13521094  5.70660522
 -0.24133807  1.66611101  1.62267768  8.32355945  0.70243815  1.54423061
 -2.49491012  4.73979369  4.11557337  1.19708651  0.24996621  0.48870607
  1.1596205   1.72512211 -4.19214712 -4.95114295 -2.26647966  0.96809957
  9.71082825  0.88574783  3.66957465 -1.27875024  2.64588202 -1.40915501
 -2.39998289  2.99416369  0.86299472  1.40869389 -1.98920021 -1.8908125
  6.90541916  1.44951922  2.88207555  2.38276847  0.69881588 -0.39761685
  0.909394    0.24811243 -2.18709049 -5.36529234  1.87680563  1.18743947
  3.26246147 -0.37182335  0.72278073  2.7062518  -3.75019033  1.7264881
  8.90909412][-3.74985104 -0.74286478  5.1940004   0.90101695  0.23681668 -3.41012109
 -4.26882105 -1.74407998 -2.6809994  -0.83118125  6.0723672   0.92403007
 -0.20510027 -0.84562549 -1.26105762  1.75730763  2.24951969  1.14073663
 -0.61387538  1.6047521   1.48226961 -1.86589757 -0.48862413 -6.4376478
 -1.88397155 -1.99052264  3.47051894 -1.1433005   0.78266009 -5.61927821
  0.21344575 -3.72237912  0.20001065 -2.15883188 -4.93590849 -0.63411321
  1.80167743 -3.52073783  1.00244001 -2.77310552 -5.37734781  3.81540989
  4.50019029 -0.95674312 -0.12582809 -0.8437468  -0.29059034 -1.82497341
  4.54827209  2.4972009  -0.79559286  2.58236283  1.73546735  1.09920256
  0.8389395 ][-4.54762934 -1.04643532  2.62321769  6.51621374  2.30421104  2.16115561
  3.64409769 -4.87213507  3.84283971  3.56977381  1.950192   -3.15074201
  0.19689518 -3.66293112  0.60025169 -0.53804286  3.42155625  2.57903781
 -1.01158246 -2.32435648  1.33715335  7.63563947 -5.11809877 -1.68783276
 -1.41972266 -1.35613046 -0.75428772 -4.7874762  -2.20138502 -0.38899162
 -0.6995503  -3.84141225  2.21414458  2.15005854  3.67317238  0.38365209
  5.00523109  1.08921758 -2.33677024 -6.91613318  2.84910457 -1.633004
 -2.84221    -5.415277   -0.20224648 -1.77854405 -0.34257249 -2.01063186
 -5.54074069 -1.06153128 -2.56143443  2.80182927  4.24421936 -2.80488647
 -4.05044061][ 5.91134549 -1.57980017  5.99607744 -1.25445321 -1.61004936  4.61697001
 -0.55837597  2.56451842 -3.13824203 -2.85969981 -3.89169534  3.44811906
  6.468255   -2.05545844  1.76674078 -8.70375487  6.60844047  1.37498522
 -2.38393555  8.97381391 -0.52659132  3.24507697 -1.2879396  -8.86077341
  0.28825068 -1.97708401 -1.621223    3.82715479  3.18675552 -3.79425663
 -2.59190202  3.78510762 -0.2823777  -1.26517479  3.27708339  1.16339864
 -0.89484486 -0.96323822  2.1277334  -0.10797954  0.42512756  0.61778379
 -1.37915304  0.2624976   4.37181233 -5.98083998  6.66125741  1.85143659
 -4.77626567  1.33356878 -9.055338    0.55703579 -6.00436876 -3.52254077
  0.28255138][-1.72350803 -0.77123282 -5.12093659 -6.20289115 -9.94928657  3.23500721
 -3.78793951 -1.62936944 -0.27696732 -5.75357663 -6.62422245 -1.3062308
 -7.63684214 -2.69367812  1.35809124  0.77835906 -0.73389419 -4.07504171
  8.63505816  3.10574452  1.34727168  2.79709789 -5.19967267 -4.53551402
  5.29621406 -0.14296047  2.18882315  0.06638811  1.74403108 -2.03306407
 -4.78801091  1.35979859 -1.32524271 -1.64307749 -3.69307736  1.75695966
  0.35090573 -4.46632568  4.11652174 -0.20922187  1.9588099  -2.12431545
 -3.43596965 -0.71604656 -0.7603439  -1.36817527  0.83867065  2.97468089
  2.95900448  6.24694672 -2.22498378 -4.96977859  5.33794677  1.81108286
 -4.30841573][ -1.14724066e+01  -1.60616714e+00   1.18431426e+00  -1.51085786e+00
  -1.98246012e+00  -1.07498705e+00  -2.06973303e+00   1.53285895e+00
   1.18171960e+00   1.40249780e+00  -1.86603418e+00   5.80807003e+00
   8.30341738e-01  -1.65392312e+00   7.82452759e+00   3.88270233e+00
   1.03079164e+00   9.26808598e-01  -1.12636622e-01   2.33389742e+00
  -4.15126778e+00   2.89122836e+00  -4.44594705e+00  -8.61966447e-01
  -4.10693742e+00  -2.51388357e+00   1.41507395e-02  -5.98498694e-01
  -3.71447137e-01  -1.27674963e+00  -1.44769503e+00  -5.28737403e+00
  -5.10436958e-01   1.85237219e+00  -7.99187720e+00   2.70952549e+00
  -1.62627628e+00  -6.98848794e+00  -9.33337434e-03   3.19956423e+00
  -6.16189074e-01  -3.39908616e+00   2.10218819e+00  -2.13802653e+00
   2.64222852e-01   1.06704173e+00  -1.17229337e+00  -1.21137686e+00
   3.35452610e+00  -3.32234642e+00  -2.60823084e+00   3.24319843e+00
  -3.41787107e+00   3.17962153e+00  -2.93083008e+00][-3.89396687  1.23782645 -3.38765854 -0.80897356  1.10647225 -7.5638924
  0.06735188 -2.43241926  1.95449249  3.00864367  8.62316139 -0.30185197
 -2.16415581 -1.32124339  2.65725845  3.33065338  7.06584854  0.09124755
 -2.12511772 -0.71233818 -0.74721272 -1.04548874  0.91890405 -1.32418529
  2.84310392 -3.15171444 -1.09803518  3.22728009  2.70770248 -3.33253587
  3.14581148  5.3903129  -2.84756492  1.69836753  6.85234944 -0.58226993
 -1.9625086   0.57154664  0.04409041  1.22527364  5.22476472 -1.09567306
 -3.36213544 -5.21537073 -3.67732644  2.80765372  2.13693157  0.41107605
  1.93953729 -1.79980093 -4.62793225  1.36124993 -2.30724635  5.06783675
 -4.19182276][  1.81839566   2.36109159  -4.7393035    0.06296103   0.67198764
  -4.87205341  -3.42440833  -2.4797516    3.30653221  -2.32220534
   0.497881     1.38669666   7.89548564  -1.96038938  -0.21273651
  -1.93580386   2.27854606   4.91176012  -0.95650639  -1.4462404
  -1.8985605    4.34575482   5.03288544  -1.00778976   6.3853392
   1.82192167   3.08474271  -4.54970503  -0.4305835   -1.47275936
   3.41851949   2.68661972  -2.08939136  -5.18068944   0.36911308
  -4.19178728   4.73553714  -1.72994218   0.85975025   4.06278705
  -2.35717486   1.70477299   1.30219654  -0.08618604  -1.02670825
   0.64619877   1.36760159  -1.97933293   6.28157419 -11.78959976
  -2.96298099   5.29533861   2.0178429   -1.48016705   0.96830211][ -5.05510362e+00  -2.14768231e+00   3.80710868e+00   1.68892618e+00
   1.22896314e+00  -3.97158556e-01   3.38500347e+00  -3.96059940e+00
   5.50726435e-02   1.02424819e+01   1.69822833e+00  -2.42376140e+00
   3.93198865e+00   1.50799006e+00   6.38406200e-01   3.66204179e+00
   2.28119085e+00   3.60727853e+00   5.08851954e-02   3.77500679e+00
  -4.39915808e+00   2.19008470e+00  -3.21044397e-01   5.79499758e+00
   2.18953702e+00   3.04800016e+00   1.23105576e-01   9.25511857e-01
  -3.72156630e+00  -6.20501505e+00  -2.33724554e-01  -3.59066791e+00
   2.99389761e+00  -4.66889942e-01   6.33604173e+00   6.68408345e+00
   5.43244354e+00   8.79308142e-02  -9.04597098e-01  -1.58051799e+00
  -7.49003935e+00   3.19464188e+00  -3.30675897e+00  -3.57891968e+00
   1.41173888e+00  -3.74035137e+00   2.27205835e+00   1.11669654e-01
   2.54482583e-01   5.92698810e+00  -2.10194482e-03   5.00108581e+00
  -4.37639878e+00  -5.30035734e-01  -4.92191694e-01][ 1.73408643  5.0683746   2.65939163  0.23376645 -2.2885545   3.91121641
  3.57919172 -1.73291025  7.26527899 -4.2615414   6.68394946 -3.36273104
  0.3966491  -3.90850315 -0.75552916  1.46394203 -5.79497704 -0.3627587
 -0.35813969 -2.79698516 -1.28864305 -2.64625279 -1.61691283 -0.32651893
 -0.16262618  1.48935629 -6.78583042 -2.05833496 -0.32835386  1.65083705
 -3.20466939  2.18889549  0.14964432 -1.29854502  1.2544001  -1.29229384
 -1.19643518 -1.05926278  8.21171268 -0.94611814  1.57144397  2.72934228
  0.57184252 -0.41848675  0.3150001   3.83595776 -0.07214962  3.17040851
 -8.94142959  3.18856723 -0.71713623  1.81058343 -0.63258202 -7.51073402
 -3.59641416][ -7.07977406   2.42208755   3.47959359  -1.64907447  -5.37776142
  -1.16402667   2.26887735   0.86159079   1.25250468  -8.39718473
  -5.22281728   0.72266046  -0.11166471  -1.54424143  -2.94308388
   0.42485565   2.82696679   2.99592857   5.15153151  -5.11068215
  -3.68779473   0.32109793  -4.68859491   3.52615287  -1.62131607
   1.46170253   2.34992254   5.02775902  -6.32716021  -3.66790087
   3.75967505  -3.04068985  -2.09787342   0.29264937   2.44771035
   5.09716188  -0.16671118  -5.24473764  -3.49158414   1.61685948
  -0.86469345  -3.08239232  -3.69812066  -0.48208061  -1.81508666
  -1.20262479  -3.8125464   -0.35887063  -0.80601088   2.09706484
   4.41111952 -10.06626546   4.1318783   -4.97860278   1.82450725][ -0.55008703  -0.58008804   5.12685481  -1.68336251   4.10122493
  -2.03913255  -4.13040322  -5.42690252  -2.91812771   0.86093471
  -3.25668782   2.12659805   1.37586601  -2.32497683   0.57677433
   3.92683254   2.15198814   1.28227479  -1.51642857   2.57306133
  -3.32773208  -1.14292673  -1.4984165    1.97690354  -1.00068257
   3.29027569  -1.00343745  -8.87196816  -2.16044928  -8.11908786
  -1.03367509  -4.75524491   4.06296768  -7.95112389  -2.68190685
   2.24139696   2.70512036  -0.28521324  -1.57740386  -5.24652307
  -0.06084239  -0.12540805   4.10344955  -3.94264907   1.48826726
   1.62815717 -10.30087919   1.7651416   -0.84641522   1.4482597
  -1.58310971   2.47864938   0.19969287   6.12317195  -3.33939139][ -1.37605528  -4.94862044   0.76076618  -1.62963021  -0.03848576
   3.45404897  -4.9577832    2.26323191 -10.26275494   4.80004286
   3.28535377  -2.51595586   3.34375688   0.67300633   2.7503227
   5.78457275  -0.78340148  -2.98001085   1.07568115  -3.60347957
   0.97079977  -5.88277632   0.10912991  -0.33521189   4.68800386
   5.52008023  -1.47058741  -7.58185179   0.76238966  -2.95266055
   8.20425351  -2.95410615   1.33892497  -1.96347914   4.10949249
  -2.12838081  -0.30262944  -1.63615269  -2.8296302    2.3477185
  -2.64374725   6.84929009  -3.4855693    2.12517319  -3.15411137
  -2.33186675   4.17144348   9.33875716   1.67889138  -0.51954948
   7.13137713  -3.04736743   2.61404864   2.66579048  -1.68561632][ 2.92866166 -3.45087353 -2.56391162 -2.85315878 -2.59371137 -0.68227385
 -3.71394559 -0.51746564 -5.7472865  -2.18444175 -1.21672652  3.82731481
 -2.38999379  3.42999547  0.92933158 -3.92813253  5.3193512  -1.5684005
  7.09982227  4.89641425  0.63180217  2.27466939  2.70696072  3.98909879
 -2.65342147  4.41192746 -5.9136072   2.60637941  3.55705622  2.79254578
  1.04365787 -2.07549879  1.92731391  2.25582395 -0.55591156  6.18344975
 -1.83766853  3.23167693  6.3471861  -1.58413277  2.54793945 -2.2805063
 -4.67801239 -0.89386098  2.82034681 -4.14186794 -6.2629611  -0.28167185
 -0.4976421  -4.82997449 -0.65712271  1.8036271   2.11178357  2.77565119
  4.00886397][-1.74465308 -5.29643217 -0.21700516 -6.59813826  1.22108859  0.34051673
 -6.37753567 -2.2174592   2.28597218 -1.10087482  4.91005915 -3.79345538
 -2.87449977 -0.18669756  7.10579056  2.62944716 -1.83974674  0.33889146
 -6.06442497  5.49112266  2.66467086 -4.85951811 -2.87861229  4.62405819
 -0.93015266  1.87282855 -2.85189502  1.76149495  1.64578789  1.90057417
  3.13358788 -0.87163396 -1.06322834 -1.6106235  -1.42823974 -1.79275812
 -2.85164596 -1.50398308  3.61869401 -2.3021066   0.3874414   0.0223849
 -1.93686575 -0.94566686 -4.7465653  -1.13557975  4.49807526 -5.5436035
  0.59670985  0.73227695 -0.13729344  5.09084837 -1.3635504  -0.29503272
 -1.02998489][-5.2441211  -2.64925266  8.65460794  2.91667584 -2.68651398  0.69245903
  4.66929909 -6.36764481  0.73229899 -1.55591124  9.8297488   4.19460595
 -2.4905198   1.70046585  5.16556477  5.39429057 -1.43504969 -2.61597055
  7.36385935  6.92153066 -5.7065848   5.75608013 -3.33953681 -2.14202123
 -0.80991008 -0.31547551 -2.22352885  0.05606993 -5.3827671   4.8003027
  5.8449494  -1.7867893  -3.37433127 -0.71439018  1.33963101  3.3891799
 -6.94947071  5.0529757  -5.44056887  2.86703789  3.41983657  0.94579369
 -6.32343781  0.45903774  4.27976188 -6.38354983  3.24422183  2.22613439
 -0.73316992  4.79200728 -4.88112743  1.00212619 -3.18901187  6.47668236
  2.2173712 ][ 0.62310067 -5.84470943  3.60552103  9.00517245 -0.97427889  1.86615697
  1.12296568  1.90637547  3.88740821  2.92700172 -1.92170036 -4.67891905
 -0.03483686 -0.0748344  -6.03483115 -0.22662837 -0.57608648  3.11527
  0.7223713  -0.80070265 -3.8421516   1.1699608  -0.57186316 -2.81914238
  0.1945468   4.22174978 -0.45738545  4.09580638  1.91276901 -3.54754334
  5.23600805 -8.22706984  0.0829816  -1.19556034  0.50295137 -1.91705838
 -0.55887798  0.01536505 -0.81931737 -5.5127182   2.74949798 -0.03092602
  0.12835919  0.49259813  4.39696531 -3.01733956 -2.08262278  4.70131456
  2.98562224  2.2378282  -2.94776126  2.23964563 -3.76337211  3.8321526
 -1.12994243]
 pesos capa salida
[-1.24010649  0.73342366  2.94284978  0.19460515  1.05719854  0.3523644
 -1.48112156  0.30581539 -0.86886878 -0.26854834  2.28292205 -0.27674617
 -0.02360059 -0.09604841  0.80985744 -0.01492198  1.57348483  0.91258597
  1.72342855]
 biasCapaoculta
-4.966711683422938
 biasCapaoSalida
0.7897731023299851
 mejor error
80.2986753661989
 Precision 
0.8105994787141616