
 fecha de inicio Tue, 14 Nov 2017 04:44:07 
 fecha de la generacion Tue, 14 Nov 2017 11:34:42 
 generacion: 7308
 pesos capa oculta 1
[ -1.19713032e+283   4.99792158e+282   2.76563852e+282   1.14129034e+282
   3.00626715e+282   5.11816690e+282   1.84157795e+283   1.54603505e+283
  -8.61483198e+282   2.87078136e+282   7.18145710e+282  -8.62061401e+282
  -6.95633421e+282  -4.55704813e+282  -1.36845334e+283  -5.60869996e+282
   1.60964262e+283   1.09266618e+283   3.09315469e+282   1.09305285e+283
   6.42310868e+282   6.83313983e+282  -9.52644526e+282  -1.69049685e+283
   7.34109035e+282   2.83607343e+282   9.03339677e+282  -3.30833164e+283
  -1.13855809e+282   2.72337029e+283  -3.76167432e+282  -2.20034366e+283
  -5.00084643e+283  -6.47201076e+282  -7.29028431e+282  -9.64227855e+281
   5.91577919e+282   7.73140839e+281  -1.26308289e+283   1.27971334e+283
  -3.37216519e+281  -3.68936758e+283   6.31852356e+282  -5.20174179e+281
   1.85628253e+283  -5.34428281e+282   1.11555521e+283   5.94771854e+282
   2.11108419e+283  -7.66992901e+282  -9.92124215e+282  -1.26347418e+283
   8.34391138e+282  -2.13821101e+283  -3.72529344e+282][  1.36820772e+283  -5.16792603e+281  -1.58643467e+283   3.25015959e+282
   1.73316324e+283   1.18061625e+282  -6.14023566e+282   3.41825028e+282
   1.63287840e+283  -2.28094495e+283   4.57579971e+282  -1.82504936e+283
   6.85249834e+281  -6.35504463e+282   2.32339900e+283   1.99060800e+283
   1.43617414e+283   6.03380231e+282   2.30224151e+283   1.58409504e+282
   2.40209543e+283   1.31334249e+283  -2.07046599e+283  -5.56574151e+282
  -2.56240545e+283  -5.15362439e+282  -1.04199046e+283  -3.37074621e+282
   5.78906433e+282  -3.96995325e+282  -2.31271529e+282   1.08486636e+283
  -2.98379506e+283  -2.16046492e+283   5.18354426e+283   1.63625481e+283
  -3.10415822e+283  -2.26199385e+282   2.67686403e+283   7.30621465e+282
   2.81148340e+283   1.00085097e+283   1.30520046e+283  -1.43890651e+282
   5.05064598e+282  -3.52120306e+283   8.97844565e+282  -7.39218237e+282
   1.30696445e+283  -5.18866119e+283  -3.25793852e+282   2.50378565e+282
  -1.58437007e+282  -1.14594564e+282   1.14823621e+283][ -1.16994273e+283   2.77676510e+283   1.37959661e+283  -5.65887440e+283
  -7.10684899e+282  -8.71106066e+282  -1.12866767e+283   1.02350981e+283
   3.62229489e+281  -4.46434751e+282  -2.60124753e+282   1.35199580e+282
   4.29980977e+282  -1.30117544e+283   2.56281948e+282  -5.42161149e+282
  -1.31266361e+283  -1.88175454e+283   5.24445753e+281  -4.82883501e+282
  -3.82024620e+282  -2.80707473e+283   1.86772451e+283  -1.00393960e+283
   2.66196918e+283   5.75981552e+283  -1.01027998e+283  -2.92739178e+282
   6.79625954e+283   6.69706160e+282   2.73732901e+283  -1.58697166e+281
   3.51993331e+283   7.11966714e+281  -1.63226268e+283  -1.42964882e+283
   2.34164257e+281  -1.47769986e+283   1.97079481e+283  -8.48339692e+282
   8.72358969e+282  -1.95500030e+283  -6.77279639e+282   7.35556511e+282
  -1.61726515e+283   5.57437624e+282   1.44432439e+283  -2.87644225e+281
   5.29181038e+282   2.90681796e+283   4.24936587e+282   4.09929820e+282
  -2.61907884e+282  -6.75382368e+282   2.88115013e+283][  3.13030121e+282   1.60914406e+283   1.78213313e+282  -2.85248771e+282
   1.36430321e+283  -9.24333414e+282  -3.64135543e+282  -9.78292122e+282
  -6.26673387e+282   4.21484395e+283   3.05067019e+283  -1.04340918e+283
   1.63844161e+283  -6.13727287e+282  -8.16116401e+282  -6.31500709e+282
  -3.72332184e+282   2.30197216e+283  -9.61966730e+282   5.28103006e+281
   3.74289699e+283  -3.24279985e+282  -3.42316240e+283   1.74812859e+283
  -3.15761504e+282   4.92898769e+282   7.86898021e+280  -1.04244765e+283
   2.36736824e+283  -1.81700696e+283   5.51221547e+282   1.00251267e+283
   7.84536630e+283   4.81961625e+282  -2.02360771e+283  -1.74136627e+283
  -1.26279366e+283  -3.44830767e+282  -4.31657656e+282  -3.14779456e+282
  -2.55636043e+283   3.98809235e+283   4.64750594e+282   6.14716744e+282
  -1.88601695e+282   1.70099786e+283   3.19596952e+281   6.03458132e+282
   1.35464282e+283  -3.65001805e+282   9.82781805e+282  -8.19893406e+282
  -5.28337295e+282   5.42738767e+282  -2.00921826e+283][ -1.94113465e+283   1.23291983e+281  -9.67358223e+282   1.36840198e+283
   1.28708327e+283   8.40556086e+282  -1.93827565e+283   3.59300380e+282
   4.89055533e+282   9.11268950e+282   8.99194669e+282  -3.16918373e+283
   2.93034982e+282  -3.95870122e+283  -4.95227141e+283   9.42855074e+281
  -2.33071188e+282   1.03394941e+283  -1.25455960e+283  -4.79981340e+282
   1.53332923e+283   2.52457959e+283  -1.06188529e+283  -3.69079517e+281
  -1.23679887e+283   3.01717531e+282  -1.51837883e+283  -1.42510010e+282
   5.65290773e+282   1.12846829e+283   9.74142779e+282  -4.48678314e+282
  -3.80463938e+282  -1.31993297e+282   1.41013510e+283   6.41157996e+280
   2.67892523e+282  -1.18020766e+283   5.56077647e+282   8.59964661e+282
   2.89897398e+282   4.91742664e+283   1.66936525e+283   7.48619035e+282
  -1.40341707e+283   5.42934429e+282  -6.04149769e+281   2.47815442e+282
  -3.87819594e+282  -4.87736471e+282   7.54259244e+282   1.40868874e+283
   7.10172506e+281   7.14365923e+281  -1.28046568e+283][  3.84642677e+282  -3.98124528e+282   4.50894281e+283  -8.31238332e+282
   2.10147908e+283  -7.50743289e+282   1.59455015e+282   2.81582344e+282
  -8.30485501e+282  -5.22942827e+282   3.15208313e+282   1.85673012e+283
   4.51734818e+282   1.60655791e+282  -7.02940304e+282  -1.99725370e+282
   1.34636273e+283   1.26173809e+282  -7.18207900e+282   5.27091150e+282
  -1.28071615e+283   2.52070042e+282   1.57085804e+282  -9.95850032e+282
   4.33744777e+281   2.83467345e+282  -7.10526432e+281   2.09421092e+283
   6.80421629e+282   8.85574905e+282  -1.73086769e+283  -3.33369360e+282
   2.32587594e+283   1.97735399e+283   7.30812848e+282  -1.34156558e+282
   1.58166882e+283  -1.26178495e+283  -1.57991537e+283   3.24630682e+283
  -2.19828454e+283   8.46724394e+282  -2.15999667e+283   1.26007043e+283
   9.79069279e+282  -2.38422163e+282   1.78421512e+283  -4.66145741e+283
   1.11595013e+283   4.04668809e+282   7.49929243e+282   3.39673229e+282
   2.81362515e+283   3.33426390e+282  -1.14511223e+283][ -3.91443659e+282  -4.91778057e+282  -1.11042377e+282  -4.41177757e+282
   2.04987063e+282  -4.00377495e+283   2.84944886e+283  -2.88522015e+282
   6.86005781e+282   1.29054408e+282   4.33236765e+282   9.72232812e+282
   2.12900432e+283  -1.77127619e+281   1.89749159e+283   5.49803574e+282
  -5.41689236e+282   1.17827729e+283  -8.08775086e+282   6.73833738e+282
  -2.56875960e+283  -3.11712970e+283   1.88697219e+283  -4.07140679e+282
   3.35382450e+282  -1.58657240e+283   5.58637901e+281   1.87128831e+283
  -3.34676059e+282   1.34743998e+283   3.19950256e+282  -4.14140805e+282
   5.36964076e+281  -5.06874417e+283   4.40028219e+282  -2.37072809e+283
   2.91418548e+281  -6.98759492e+282  -1.09860121e+283  -1.53840792e+283
   2.07185931e+283  -2.11172500e+283  -1.76801338e+283   2.01316074e+283
   6.67805876e+282  -4.66226443e+282  -1.32036678e+283   2.05623084e+283
   1.86061742e+282   1.08998761e+283   4.28319050e+282  -3.64032820e+283
  -1.69228009e+283   1.78801995e+282   2.19913233e+283][ -2.20097053e+283  -1.67808194e+283  -1.95800801e+282  -1.96047625e+282
   4.05735109e+283   4.66267979e+282   2.65875760e+283   2.08361891e+283
   1.31370421e+283  -1.65915389e+282  -1.17679659e+283   2.99877792e+283
   1.46482345e+283  -6.38975004e+283  -3.93412207e+282  -6.54131199e+282
   5.47318485e+282   1.84195131e+283   9.22768841e+281   1.01989370e+283
   3.11281013e+282   6.69478491e+282   1.11763083e+283  -2.04086791e+283
  -1.14010663e+283  -9.88031782e+282  -7.24768993e+283  -1.62524681e+283
   6.78888988e+282   6.01317932e+282   3.07932025e+283   5.70844899e+282
   8.07882965e+282   3.43473644e+282   7.95581355e+282  -2.26807334e+283
  -1.90613666e+283  -1.08979148e+283  -3.00657128e+283  -1.15160803e+283
  -1.89094061e+282  -1.17148752e+283   2.81496033e+282  -5.75274321e+282
  -1.50247702e+283   9.21997467e+282  -1.42896907e+283  -1.05329826e+283
  -2.10274197e+282   1.94068377e+283   1.01732966e+283   1.60571277e+283
  -1.04339971e+283   2.48016200e+283  -9.22352623e+282][ -1.30006705e+283   7.44504241e+282   2.70784901e+282  -4.38402698e+283
  -2.82883994e+282  -9.38009311e+281  -5.94316829e+281  -5.70322221e+282
  -3.43856594e+283   2.23336053e+283  -2.56994170e+283  -4.83022370e+283
   1.93313567e+282   1.97953922e+282   1.68744852e+283   9.54620006e+282
  -4.51153287e+283  -1.45255262e+283   1.26907982e+283  -1.02143708e+283
  -2.63400775e+282   4.41276477e+283   4.16242994e+282   5.59036992e+283
   2.42106805e+283  -1.09193746e+282   1.18931057e+283   2.02381163e+282
   1.63682259e+283   3.78111936e+282  -4.64996757e+282   3.57396077e+283
   8.69189734e+282   2.06384592e+283  -6.95893443e+282  -1.36825455e+283
  -1.27057669e+283  -7.33844496e+282  -1.28370131e+283   1.09441956e+283
  -3.40755803e+283   6.97883342e+282  -6.64265583e+282  -4.59298057e+282
   1.35888253e+283  -8.45371344e+282   9.05245085e+282   9.96258784e+282
   1.15020035e+283   8.48929742e+282   1.88386459e+283  -1.72295666e+282
  -8.50541539e+282   1.69635497e+283  -1.06409240e+283][  2.54478009e+282  -2.04246091e+282  -2.98292182e+283  -3.48671100e+281
   1.92854371e+283   4.22724669e+282  -4.22412894e+283  -1.13151533e+283
   8.35052658e+282  -5.22808886e+282  -8.63763359e+282   1.40076328e+282
   5.66156438e+281  -2.42345665e+283   4.44675358e+283   4.02865354e+283
  -2.18511298e+283   3.18743005e+282  -4.69239813e+283   3.47468579e+282
   5.21349775e+282   1.97722245e+283   1.28288704e+283  -5.02981889e+282
   2.91224105e+283   5.88992998e+282  -1.00310775e+283  -1.51122180e+282
  -1.94282925e+282   3.49582346e+283  -9.81765319e+282  -4.10631265e+282
   8.37351364e+282   1.85664468e+283   1.11673252e+283   3.52885698e+283
  -2.54039568e+283   5.33084377e+281   1.49826262e+282   1.06461029e+283
  -6.83795560e+282  -6.55593422e+282   4.26333953e+282  -6.55623277e+282
   1.08768674e+283   4.59268608e+283  -6.49698316e+282  -1.13346794e+283
   3.08920046e+282  -5.51563147e+282   1.39444943e+282  -1.87580786e+283
   1.95495758e+283   2.71705957e+282   2.73545687e+283][  3.61112974e+283  -3.51957145e+282   1.98141169e+283  -7.13832166e+281
   3.80295208e+283   3.95952646e+282   1.43251578e+283  -2.60404212e+283
   7.90390536e+282  -1.75496895e+283   1.27481357e+282   1.76478690e+281
   1.84658033e+283  -8.04245865e+282   4.27296988e+283   2.19798317e+282
   6.02908860e+283  -2.28849034e+283   4.63221769e+283   2.13952753e+282
  -3.76909837e+282   1.08778266e+283   1.51275367e+282   1.70441299e+282
   5.56927984e+282   8.70885105e+282   1.46321712e+283   1.08274991e+283
  -5.13308767e+282  -1.92363823e+280   3.31578111e+283   5.43439468e+282
  -2.81776004e+282   1.60194451e+282   7.83456726e+282   9.77798345e+282
  -8.72284549e+282   8.04734235e+282  -4.01164720e+283  -1.16137320e+283
  -7.73973485e+282   2.78409015e+282  -1.96201307e+283  -1.44020037e+283
   1.17779842e+283   6.38283777e+282   3.10424053e+282  -6.67014527e+282
   6.25551059e+282   4.82956124e+283  -3.43518931e+282   1.49582934e+283
   2.70460980e+283   1.02733883e+283  -1.32006867e+282][ -3.80036983e+283  -2.11199252e+283   1.79687860e+283   3.23818557e+282
   3.84624201e+282  -1.24149140e+283   2.96922490e+283  -2.29703372e+283
  -3.40226574e+283   2.42229375e+283   1.25564505e+283  -6.29848253e+282
  -2.31366847e+283  -2.10462686e+283  -2.27465472e+283   6.55600021e+282
   3.03742471e+282   9.16271556e+283   3.80796531e+283  -8.97045854e+282
  -1.54478906e+283   3.34968547e+282   5.37811368e+282   1.17145667e+282
   2.17178185e+282   1.97353275e+283   8.71482897e+282   1.01980538e+283
  -2.59773632e+281  -1.42247217e+283  -1.60973609e+282  -1.00024142e+283
  -1.07915454e+283  -8.96718709e+282   9.49687819e+281  -7.33947088e+282
  -2.91517896e+282   1.00991386e+283   3.18036958e+282   2.35174889e+283
  -2.86556727e+282   1.41501787e+283   1.67227095e+283  -6.82658970e+282
   2.57514764e+282   7.18190079e+282  -1.55394389e+283   1.16819039e+283
   1.22435003e+283  -1.13087071e+283   2.41508229e+283  -7.10706878e+282
  -1.46590396e+281  -4.05274358e+282   5.23322455e+283][  3.32922250e+283   8.80133713e+282   7.24259261e+282  -2.31482555e+283
   3.01726861e+282   4.40501335e+282   6.69983741e+282   2.80934101e+282
  -2.45647414e+282   2.73952907e+283   5.06239625e+282  -3.75713276e+282
  -1.61148483e+283   5.32653673e+282   1.28886908e+283   2.09193418e+282
  -2.23526973e+282   2.60355961e+282  -5.86586304e+282   1.22507156e+283
  -2.17420571e+283   2.41799357e+282  -3.70976558e+283   2.05958692e+283
  -8.93793128e+282  -1.36077973e+283  -1.12772860e+283   1.72949100e+283
   1.26251779e+283   3.93260370e+281  -1.38385591e+283  -7.80753486e+282
   5.07840744e+282  -2.21693745e+283   1.62226278e+283   1.05194516e+283
   1.46967449e+283   9.35277994e+282  -1.11772298e+283   3.36403770e+282
   7.90745087e+282  -1.93000372e+283  -1.26595285e+283  -4.25105892e+282
   1.75555446e+283  -2.41005858e+283   1.41112914e+283   1.05658640e+282
   2.00904038e+282  -1.38017314e+283   2.45011974e+283   3.83122481e+281
   5.40413849e+282   1.50261239e+283  -2.10907295e+283][  6.35364105e+282  -1.25062310e+283  -1.56486680e+283  -5.36407088e+282
  -4.69125810e+282   8.05422622e+282   3.99214141e+282  -4.09491939e+282
  -2.85302503e+283  -9.50831489e+282  -7.28893728e+282   5.74125896e+282
   1.67295656e+282  -1.19923708e+283   1.75646723e+283   1.77186901e+283
   7.37613772e+282  -3.15297635e+282   1.02429027e+283   2.66394767e+283
   2.94875843e+282   1.20185985e+282  -8.08468373e+282   3.86258513e+283
   9.47370313e+282   4.70658987e+283  -1.51593594e+283   9.84870783e+282
  -8.53797328e+282  -1.14056372e+283  -3.81658513e+283  -2.09993844e+282
   3.62521419e+283  -4.78036500e+282   2.81557663e+283  -6.34747580e+282
  -1.18788145e+283  -2.95986409e+282   2.97348906e+283   1.87071110e+283
   6.32084918e+282   1.99751115e+283   2.84175268e+282   2.37346114e+282
   2.04802494e+283  -1.23641524e+283  -3.55105442e+282  -1.46715859e+283
   9.60646631e+282   5.47611831e+282   2.29550005e+283   1.42638278e+283
  -9.97394028e+282   2.09058682e+283   7.89678441e+282][ -6.62369444e+282  -5.00541193e+282   1.04530600e+283   9.88267788e+282
   9.77891110e+281   1.32472906e+282  -1.06359794e+283  -3.52340286e+283
  -6.32961903e+281  -3.48466389e+282  -4.70551474e+283  -1.41874110e+283
  -6.84992285e+282  -1.90257905e+283  -1.11570263e+283  -7.08788031e+282
   7.48857413e+282  -7.16969449e+282  -8.76718209e+282  -6.62977145e+282
  -4.27770977e+282  -1.11204423e+283   1.81936694e+283  -1.05990531e+283
   3.98062853e+282  -2.99150569e+282  -8.91253493e+282  -6.51968844e+282
   1.37848134e+280  -4.72830630e+282  -3.83126933e+283   6.52125136e+282
   4.49752733e+282  -1.25584271e+282  -1.29172273e+283   1.24080943e+283
  -2.31528891e+283   4.79285834e+282   1.80032091e+281  -9.66420797e+282
   1.69681676e+281  -3.20179611e+283   2.39740340e+282   1.47104806e+283
   2.11396031e+282  -2.62542944e+283  -1.57291620e+282  -8.49082286e+282
  -2.82238128e+283   1.43930231e+283   3.01128838e+281  -6.17341246e+282
   1.11219085e+282   1.72464210e+283  -1.90206991e+283][ -1.55866568e+283  -1.03814604e+283   6.82437390e+283  -4.06799830e+283
  -2.72086869e+282  -4.00761452e+282   1.06327328e+283  -2.98997726e+282
   1.75444130e+283   1.10277231e+283   1.32273591e+283   1.31234312e+283
  -6.47582238e+281   1.03286581e+283  -1.76410304e+283  -7.17994317e+282
   2.80604529e+283   1.06759711e+283  -2.23467078e+283  -1.54055067e+283
  -3.18318297e+282  -6.61117737e+282   1.56824361e+283   9.42790785e+282
  -8.75472148e+282   8.27836285e+282   3.75609817e+283  -2.99259100e+283
  -8.79565900e+283   1.71927034e+282   7.77660617e+282   2.51485337e+283
  -1.39972358e+283  -5.36042669e+282   7.03627510e+282  -1.88341127e+283
  -4.02089874e+282  -6.10191567e+283   5.63893165e+282   9.12477280e+282
  -4.63173102e+282   5.11887150e+283  -7.86428644e+282   5.90645922e+283
   6.66105926e+281  -4.69071274e+282  -1.59808241e+282  -2.87599029e+282
   8.86978759e+282   2.57898736e+283  -1.21698512e+283  -4.29991179e+282
   3.90218344e+283   4.15612500e+283   2.68201192e+283][ -4.37342548e+282  -6.18262260e+282   3.00216531e+283  -2.84850629e+283
   1.32659438e+283  -2.22741083e+283  -6.57381709e+281  -1.06215827e+283
   1.04890761e+283   1.66525154e+283   4.58489999e+282   9.99167429e+282
  -8.87680772e+282  -8.43705795e+282   1.22557839e+283   1.18842686e+282
  -1.59028635e+283   2.14041782e+283   9.06480252e+282   1.34525072e+283
   4.00151129e+282   2.68791323e+283  -1.97523927e+283  -1.23805221e+283
  -2.24517421e+283  -1.72774986e+283   1.03143120e+283  -2.73729906e+283
  -2.81996456e+282  -1.42260269e+283  -8.88458502e+282  -4.46389100e+282
  -3.03850705e+281   4.38042380e+281   2.00220509e+283  -1.79084673e+282
   4.92611897e+282   1.94052118e+283   5.33643844e+282   8.34797073e+282
  -6.71875795e+282   5.12353521e+282   1.18178952e+283   1.79842876e+282
   3.81433516e+282  -1.27269401e+283   4.15300531e+282   2.76095659e+282
   2.44726372e+282  -9.06370478e+281  -5.01454731e+281   1.47181172e+282
  -6.25807676e+282  -9.07782241e+282  -5.33501344e+282][ -8.75154167e+282   6.70797196e+282  -4.59257411e+282  -1.26077659e+283
   2.60629471e+281   6.48522233e+282  -9.29251375e+282   1.60358965e+283
  -3.04220523e+283  -1.14770811e+283   3.18580851e+282   2.85112056e+283
  -2.03715355e+283   1.14577390e+283   1.79231453e+283   3.73152759e+283
  -1.68484902e+283   4.33706208e+282  -3.69686127e+281  -1.02211226e+283
   4.33306933e+282   4.88797716e+282   1.65797954e+283  -7.40553050e+282
  -5.41366310e+282   6.49438249e+282   1.38269069e+283   3.10016824e+282
   2.74594216e+282   2.93469262e+282  -2.61588271e+283  -1.05334480e+283
  -1.98700550e+283   3.88693589e+282   7.93190834e+282   8.49592864e+282
   9.41894000e+282  -8.05054680e+282  -1.88247472e+283  -1.11457357e+283
  -1.14308788e+283  -8.79754954e+282  -9.40965184e+282  -1.92421696e+283
  -8.19046918e+282   9.41243141e+282  -1.15952120e+282   1.00372038e+283
   8.32436186e+282  -8.21354641e+282  -1.20338867e+283   1.35299055e+283
  -4.46789494e+282   2.12906454e+282   1.44291808e+281][  1.02658622e+282  -9.89711716e+282  -1.56218356e+282   1.13873601e+283
  -2.46261277e+283  -3.90450878e+282  -1.34833374e+283   8.42246205e+282
   2.65394962e+283  -8.82395886e+282   2.04632058e+283   1.24872284e+283
   1.67777222e+282   1.10842781e+283   9.65829226e+282   3.05043720e+282
   1.65146928e+282  -6.36059709e+282   6.10611792e+282   1.26567483e+283
   6.77213992e+282  -4.10728822e+282   1.88912878e+282   9.14918729e+282
  -3.53304919e+283  -1.12949970e+283  -6.47055332e+282   1.59385465e+282
  -1.55118361e+283  -4.00297235e+282  -8.87664559e+282   1.69802225e+283
  -9.54770308e+282   1.10862506e+283  -2.32623420e+283   3.14530925e+283
  -5.20782027e+282   9.69111328e+282   4.25146622e+282   1.55630458e+281
  -2.17044254e+281   1.89231141e+283   8.76056889e+282   1.34536288e+283
  -3.49640898e+283  -2.21252767e+281   3.11972695e+283   2.03594342e+283
  -1.83645288e+282  -1.66143388e+283  -1.20278941e+283  -1.39387161e+282
  -1.79006935e+283  -8.00492696e+282  -6.66233012e+281]
 pesos capa salida
[ -6.75991767e+283  -4.36172096e+283   9.28922063e+282   6.52650223e+283
  -2.93963622e+283   1.26128102e+284  -6.28970174e+283   5.77227796e+283
   4.59002882e+283  -4.04920546e+283   5.88182882e+283  -2.04574621e+282
   8.60007061e+283   1.77778964e+284  -5.31318140e+283   9.80979149e+283
   5.97562344e+283  -7.99052173e+283  -3.04069010e+283]
 biasCapaoculta
-1.9657143273522225e+282
 biasCapaoSalida
1.9751135218428213e+283
 mejor error
181.4999998280002
 Precision 
0.684622067767159