
 fecha de inicio Thu, 16 Nov 2017 04:59:47 
 fecha de la generacion Sat, 18 Nov 2017 01:04:56 
 generacion: 8147
 pesos capa oculta 1
[ -0.54994295  -9.26545358   0.7927977    2.81595986   1.54056048
   3.20527211   3.21423206  -8.40146819  -2.63077047   8.43677104
   3.28179218   0.76842778  -5.52026652  -1.16211792   6.9146652
   4.64883795  -5.25209559   3.6589086   -2.5711136    4.20901382
   2.50960748   2.02105601 -11.58014521   6.30649284  -6.15796809
  -0.40582441   4.13035945  -5.7708502    3.37222031  -3.05218049
   5.46009608 -11.66055651   3.08386865  -0.39297613  -4.37179878
   1.10050646  -2.67413772  -4.29427193   1.64153381   1.35366509
   1.40691396   3.98574204   9.32638307   1.11400821   2.32132051
   9.57238322   8.26900072  -1.18644451   8.52890562   3.1871499
   3.94766629   3.68411319   5.10669632  -0.04819165   1.59929285][  2.19627466   4.72854862   3.22133666  -3.2862667   -7.41315495
   1.96874688   1.81631827  -3.46496595  -0.41837592   8.14930746
  -0.41921746  -4.06738862  -0.09912617  -7.90134321  -6.2152663
   7.40428202   8.41027701   1.4110995    1.39232039   4.96908037
   7.40828979   5.45865512  -4.81314818  -6.22979361   5.13000045
  -3.41321994  -5.74430229   8.35790011   2.34733615  -5.38594623
  12.82453557  -3.64710097 -11.4574714   -0.89448643  -0.46345536
  -0.88119116   0.97600081   1.86990591   3.92096715   6.18594249
  -8.41198738  -3.59210333   0.28050709  -5.552671     4.09655905
  -2.02959599  -0.32114553  -0.23760217  -4.18105596   5.53662301
  -3.10551934   4.60474682  -3.80395905   4.18280378   2.78427933][ -8.94529723  -4.05575719   3.47739819  -1.42682126  -5.23445607
   1.32358634  -1.40659768  -2.25634412   5.97560479  -3.97848881
   3.82194411  -0.31327261   0.3756632    3.7045195   -0.68807016
  -0.22252595   2.0017346    0.61980307  -0.355371    -3.59793036
  -4.44138478   4.34279354  -5.53278399   1.14184537   1.97255991
   2.61735209  -3.35128672  -0.79169268   4.83492559 -13.37147684
   1.05387804  -1.20277436  -1.42349118   1.22207055  -2.53520688
  -5.15912484   6.07050634   1.94128466  -3.0531018    8.62361705
  -8.50685167  -9.40942142  -1.8392158   -6.04534839   4.34405462
   0.29872099  -4.91638994   2.83180138  -0.41014491   0.07310372
   1.66154635   2.47602261  10.66755588 -12.89885747   4.34661496][-7.89370693 -0.59323802  1.6343933   0.46142527  0.48793    -7.0025748
 -1.02995873 -5.56322692  0.22970816  2.23096971 -0.06429658  3.20486164
 -4.05334325 -3.87015619 -8.12389839  2.35234443 -2.96874696  3.95563726
  0.31182194 -2.86112116 -8.66539518 -5.33192466  5.67558084  1.92622732
  5.90799709  1.77144031  1.44240998  3.20095733  9.44485046  1.45926907
  4.15727113  5.1893126  -0.53571577 -0.96815183  4.72318301 -0.38484573
  7.85257873 -0.34048646 -4.10570859 -5.32486767  2.51760147  1.34832949
 -4.39503525  1.63094737 -0.21902544  5.01463732  0.40936182  7.87758465
  2.53073437 -1.38934001  0.33462614  4.51186242 -0.13055925  4.19973697
  4.73631128][  5.71520617   5.15531972  11.5108992   -0.0756239    9.60589163
   4.6975491   -0.71706388   0.52761371  -2.62730254  -3.82831615
   8.14092771  -8.75685768   3.47334439   6.52889652   0.550706
  -3.55312453  -3.12463931   1.97678395   1.80477433  -8.65502503
  -3.39092298  -2.32660208   4.19712362  -2.36289798  -3.49421748
   1.52055623   0.24351149   1.21529273   4.33764805   0.48113348
   4.60345004  -1.40990258  -0.64333828  -1.31581771   2.88873723
   7.12907469   2.46339641   7.87829607   1.16334959   2.57941261
  -0.32032757  -4.56657394   0.79426656   1.66997197  10.47352689
  -6.30163397  -1.94855537  -0.13633963  -2.10269689  -5.05687823
  -2.98305997  -2.07160405  -3.37341349   4.68530198   2.61283578][ -3.13647527  -5.51813737  -3.62021074  -3.19084441  -0.96068909
   4.48137084  -4.46839065  -3.30468654   4.48866726  -3.39982899
  -4.25686463  -1.09728459  -3.30996213   2.83266007  -0.13018979
   0.50112603  -0.61951014  14.1788527    4.50547314  10.21935733
  -4.58051344  -4.14168243  -1.08171624   1.71589905   4.19709144
  -0.09577059  -1.12485653   0.27955192   3.0858549    0.37167605
  -2.88699242  -1.62340896   8.31542593   2.12107745  -4.43215161
  -3.65268864   4.70960884  -1.48586126   5.16658085   4.38385925
  -0.47692143   6.5417923   -1.55717478   3.25755983   2.06426997
   2.48590146  -4.19548653   6.62606392  -4.86346669  -1.99414143
  -1.94540687  -3.18943488  -1.19299114  -0.12467713   5.36342927][ -6.53245771  -4.60988429   6.60624446  -1.63090991  -1.32373957
  -1.25913284  10.42070465   6.53323842  -1.3900802    9.07258821
   6.71020749  -2.25899722  -3.80341548  -8.59687925  -4.36408757
   3.01802591  -4.82337179 -10.79850518  -0.11183287   2.59112696
   2.76951916   4.05455018  -3.9063005   -6.99409658   4.50449388
   1.59206355  -4.00105437  -2.03257895   2.38157026   0.8400002
   1.58165262  -2.06971486  -1.78382273  -1.51876636  -0.20429832
  -5.4390921    6.41672542 -11.21621311  -3.19473734  -2.63255271
   1.08589759  -3.45734375   1.66229709   0.5195933   -0.90701309
   6.90573627 -10.30736032  -8.39056313  -0.41105505   7.83052039
   0.85684113   3.37227825  -0.18557464   3.15286431  -1.17482612][-5.12456674  2.0616248  -5.39394576 -8.13345341 -7.05623675  3.90340311
  0.95530224 -1.37358585 -5.48124342 -4.56407414 -7.18178459  0.96163037
  3.98803138  1.26485988 -1.12343559  0.13325481  3.55885318 -1.96165144
 -1.76248905 -0.20109136  6.40867776  3.85488261  0.25432385 -9.05698752
 -2.06363367 -1.90535799  6.51505035 -9.29076517  0.57184521  2.35265482
 -1.57875209 -0.62680873 -2.3723489  -4.36812556 -5.10786898 -7.51585944
 -0.05772252  1.48679996 -3.91569152  6.497371   -1.30978638 -3.19371968
  6.56207013 -5.13942556 -6.70467628 -0.66766403 -6.0249835   1.97210483
 -1.85891768  0.52398358 -3.07226785 -2.02847609  0.74371703  0.80704272
  5.13239218][ 5.63920181  2.42031886 -0.24704197  5.38594169 -1.77367093  1.43960548
  4.3676112  -0.74707414 -4.92898863  1.93504141 -2.84335929 -7.23879465
  2.18545689 -3.41672482 -3.0987502   4.64022743  8.55323381 -1.69795178
  7.32529734 -1.64087791 -0.86471204  5.37694029 -3.77193495  2.52048276
 -2.12983718  0.55974127  0.4312078   1.01013159  2.65834508 -3.51266104
  2.67884753 -8.97084289 -0.5619209  -0.87488245 -2.76893922 -3.74513415
  3.61749845  4.82030541  3.40481443 -5.18437921 -0.82227846  0.51385216
 -1.47235568 -2.74628042 -6.06753818  1.20105488  6.75597551 -0.81973207
 -3.00974014  2.8183843  -3.11089915  5.02912046 -5.15332339 -0.14305661
 -4.42626029][-3.80702435 -8.42938284  3.99379187 -3.0612706   3.62056197 -2.26224161
  0.27602144 -4.88299579 -4.58877982 -1.94630944 -2.12474766 -0.97537057
 -2.90647206 -2.52992803 -1.30630233 -4.29308618  0.48515195  8.93683491
 -5.51684399 -3.53881909 -0.25953861  4.72358326 -0.30581377  9.15525397
 -0.30220657 -4.58361398  1.21215434 -1.65915824 -2.06344701 -0.04578812
  5.95889754  5.72828041  4.7788178   2.28156628 -1.12304061 -2.48964825
  0.72034265  4.71935384 -1.74753672 -0.81122825  4.36576768  0.30625298
 -4.54347319  8.65603004  4.11858484  0.78444207 -1.70715167  3.04954789
 -4.02160819  0.06904986  1.81770915  6.10131107  1.23136277 -4.92281049
  4.96312367][ -1.8229756   -0.97681622   2.85894079  -3.98178442   8.66410654
   1.6996181    5.52762108  -8.73054205  -2.54777004   5.22429386
  -5.71779012  -3.68834991  -1.78210896   5.57453017  -1.46426197
   8.74811726  11.16542559  -2.41081941   0.77565395  -0.98597562
   7.61794742  -8.70023654  -8.48694512  -3.79723455   1.13833904
   3.63586938   9.68304059   3.51503394  -3.66107528  -7.09895443
   8.0045502   -3.44198469  -1.43882895  -5.47952684   4.24728529
  -3.37940251  -0.7360981   -0.52901844   0.2878418    6.21316953
   4.38930626  -3.40126583   1.71851683  -0.11087719   1.47326335
  -7.53571412   0.74360335   2.29459873  -1.25320798   9.27880843
  10.95222447   8.63514871  -2.05667426  -4.72792112  -0.62956043][  3.80312969  -5.62495082   2.8125628    2.56267621   1.28998319
  -4.77764819  -4.51081581   2.76344508   1.61390255   2.68614968
  -0.28462513   9.40351281   6.32631904  14.36983397   1.58836016
   3.19561933   8.66776627  -2.25964789  -7.60310025   0.97118157
  -8.47649302  -5.9790452   -5.58540683   2.07931599  -2.17028167
  -3.94519133   4.31950596  -1.24218644   0.43570342   3.38440039
  -6.97062903   1.63203923   3.76273699   0.38135338   3.10998981
  -0.72701975  -3.30446799  -3.90484291  -2.8483181    0.445829
  -3.90554586   9.37242644  -4.05518561   2.00883662  -3.49061261
   1.43349331   7.30305671   3.73329062   5.91193536   5.00259934
   9.85680105   5.82156989   4.81116836   1.32726127  -2.62260341][ -0.81678012   3.26570084  -8.21009741   2.27749701  -2.49969379
  -4.3798928   -3.60238508   1.040716     6.77628048  -1.22490145
  -5.85785968   1.89612981   0.04047968  -0.28253097   0.3727108
   0.88433047  -1.59648014   7.87974703  -3.08297295  -2.33517155
  -0.30873936   1.26201877   7.18994486  -2.09483871   3.80629885
  -0.65835287 -10.99759761  -1.27224262  -3.99242648  -2.51807854
   2.943821     8.81909929  -4.82018015  -3.36099018  -4.69237851
  -0.69417578  -3.09785153   8.40838881   2.12902402  -2.02864508
  -6.3930066   -4.22128855   1.68810577   0.11682262   1.07751677
  -1.47098746  -0.18520719   4.60776459   4.33569439  -5.99299744
   5.38550595  -1.67640385  -9.92036404   1.58536264  -3.98944857][  8.62302459   0.01618757   3.19458525   0.03767189   2.58652053
  -2.610724     1.43382925  -7.83161686   1.31489431  -7.46511046
  -3.71714976   6.86033899  -2.29414913  -6.22528326  -2.90443263
   9.24342091  -2.40367417   0.05897277  -2.22625354   7.57956219
   2.96791374  -2.90458147  -5.23007915   2.91243744  -3.82440628
  -4.61276855  -1.9476437   -0.98853144 -11.91942894   2.82535298
   2.26886513   0.10506879   2.98942221  -0.86741728   0.14774872
 -11.10337866  -1.9667509   -2.70704648   8.03770768  -0.38025522
   5.59269339  -6.39109049  -0.51917274  -0.6953118   -3.22026105
   3.85525795 -10.23953605   1.08342498   8.12543168  -4.39706485
   7.03984966  -2.8874608    3.69314144  -3.85917804   5.84599228][ -5.46760420e-02   4.84090903e+00   3.27333489e+00  -9.89595065e+00
   2.71798869e+00  -6.81095677e+00   1.74096772e+00   1.13680627e+00
  -1.65199447e-02   9.43499409e-01   6.35512316e+00   1.06101069e+01
  -5.59093461e+00  -4.13642249e+00   1.89888663e+00   6.56201112e-02
   1.01013131e+01  -3.45162369e+00  -2.82302920e+00  -2.40607121e+00
   6.15748114e-01   4.72005403e+00   7.87282882e-01   3.67975084e+00
   5.49945442e+00  -2.30985329e+00  -6.40767804e+00   4.50873035e+00
   8.20764509e+00  -5.16625746e-01  -4.94254806e+00  -4.68693197e+00
   1.30293083e+00   1.63483266e+00  -1.11687871e+00  -1.49826799e+00
  -1.02566025e+01  -7.85492374e+00  -2.36967560e+00  -1.01542026e+00
  -1.52545002e+00   5.53405386e+00  -3.75236792e+00   4.02576121e-01
  -1.20102256e+01  -2.15223416e+00   2.07142553e+00  -7.79030474e-01
  -7.25057151e+00   2.91970813e+00   2.22136349e-01   7.46646652e+00
  -2.31270941e+00   8.18246836e-03  -7.12080099e-01][ -5.26228643   7.35534179  -3.66062374  -6.05322024  -0.88277558
   0.70524393   6.21276566  -0.39875878   3.80473795   2.59462944
   4.02926849  -8.7891542    1.30621184   6.50281891   7.0787401
   2.14233586   2.30450454  10.00020707  -0.09778758  -6.5363114
  -6.38267805   7.37713496  -1.83289036   4.19281828   2.76099611
   5.43301504   2.84727378  -3.36441684   2.09761869  -0.57937569
   5.33895696  -6.06450565   9.58504799   3.63340942  -2.44469475
  -2.88121849  -2.45874759   2.82581321   3.28256933  -2.24986173
   5.78402333   0.95210593  -0.84217013   3.70288712  -1.98108221
  -2.32113969   0.07089358   6.92699552  -0.81424758   1.56013567
   8.8866098    8.42841185  -3.3018663   -2.622142     2.38846622][  0.81545405   1.80159563  -2.49248812  -2.21306108   0.09465076
   2.06328892   1.53042249  -4.16207096   2.94386019   4.50566328
   4.79275964  -5.91815069   1.84974423  -6.3779612    0.86295     -2.33886787
   1.30181693  -2.39345083   2.8647179   -0.5259705   -0.89866638
   1.35376066  -0.92843701  -2.89266083  -0.76510806   4.24386805
   1.89276818  -1.39992625  -7.43931482 -10.81631026   3.36021129
  -0.95230057  -5.04710715  -0.61372943  -1.90882892  -3.64066321
  -2.83747918   4.98882277  -3.35549538   1.03694091  14.19598398
   3.27446955   1.79573747  -3.59440792   0.25019947   1.69719141
   0.32553036  -2.22860535  -2.29167472   1.36343679   7.98889588
  -0.69277618   3.46032827   1.05406885  -2.44859353][ -4.21161429e+00   4.63561694e+00  -1.47199321e+01   2.74365224e+00
  -5.41801025e+00  -3.82499523e+00   8.72353344e+00   4.87497080e+00
  -2.18297197e+00   4.03636229e+00  -2.67350503e+00  -1.74516595e-01
   3.66741529e-01   2.44339463e-01  -1.52276384e+00   1.55699172e-01
   7.27122290e-04   5.07937446e+00  -5.48019668e+00  -1.43231502e+00
  -5.05521100e+00  -2.16521696e+00  -7.06482263e-02   4.61680168e-02
  -1.54425826e+00  -2.75705924e+00  -2.02164271e+00  -9.89856417e-01
   7.89654776e+00   1.81757532e+00   7.82301781e+00   7.59458624e+00
  -7.34841093e+00   1.16844431e+00  -1.19554787e+00   1.96682379e+00
   1.79558785e+00   3.92683201e+00  -4.86925753e-01   7.36071643e+00
  -3.45247274e+00   5.35600207e+00  -1.43245318e+00  -6.63963058e+00
  -6.70663655e+00   1.37318722e+00  -6.12732428e+00  -5.79592906e+00
  -8.03601466e+00   1.30415862e-01   7.81137888e+00  -4.71299002e+00
  -1.44583904e+00  -1.97503731e+00  -5.68441434e+00][ -0.72188276  -3.45343218   0.63122346  -2.43739821   4.75907777
   2.09698088   1.56624267   2.60101246  -0.1910505   -1.5131296
   0.89705523   2.4722214    2.77498416   0.97058858  -2.15617872
   0.85055553   5.0129654   -7.88180281 -13.79128088  -0.01918587
  -1.44872866  -1.40017735  -0.15405816   5.71599814  11.17384323
  -1.72773567  -5.34386859   2.1809035    1.55783208   5.50382922
  -1.85326709  -1.01728834  -2.46893516  -1.64154312  -2.40176841
  -1.93483656  -3.74822433  -0.85028253   1.17301512   6.12211832
  -2.2272797    1.54035496  11.82831038   6.75519389  -4.18898786
   1.85468461  -0.79394352   9.69117295   1.13336079   4.46115927
  -2.91939336   2.38625568   1.57336166   5.99194503   8.69336365]
 pesos capa salida
[ 6.70416843  1.57688697  1.6998232  -1.60174249  1.01543166  0.59357975
  2.4488004  -0.88850316  1.6656717   2.89502215  0.59282727  3.61779832
 -1.28147082 -0.17104692  0.10167117  4.2934372  -0.09075324 -0.44287355
  8.7249127 ]
 biasCapaoculta
-25.714673310957277
 biasCapaoSalida
0.06254603447325205
 mejor error
99.19139956271728
 Precision 
0.739357080799305