
 fecha de inicio Wed, 22 Nov 2017 04:33:54 
 fecha de la generacion Wed, 22 Nov 2017 23:03:57 
 generacion: 7630
 pesos capa oculta 1
[  1.24744662e+302  -9.71460693e+299  -3.38122758e+302  -2.23753132e+300
   1.95055305e+300  -6.73330372e+302   3.36559162e+302   4.02193034e+301
   3.11211502e+300  -3.08089888e+301   4.19508671e+300  -2.60373236e+301
  -8.43896954e+299  -2.04127119e+302  -1.71456359e+298  -4.17333849e+301
  -4.63119296e+300   2.37778034e+302   7.88191550e+298   8.16470516e+301
  -3.20768126e+301   7.01195886e+300   5.65691681e+301   7.58218765e+299
   1.29568286e+301   1.58740211e+300  -3.74462639e+299   3.33936227e+299
   5.45615805e+299   1.03326330e+302  -1.04317866e+301   5.93118236e+301
  -3.19312152e+297   1.00669090e+301   7.22009563e+299   4.54968539e+300
   2.35508453e+299   8.48577478e+300  -3.72751232e+300   7.82287412e+300
   2.69180953e+299   2.49616885e+302   3.67006224e+300   6.46701973e+298
   3.47815530e+297  -2.36676460e+298  -1.08731232e+299   4.01739301e+299
   2.09143675e+300   7.40683376e+301  -3.14100473e+300  -5.61784121e+299
  -4.19869697e+299  -1.93322752e+298  -7.04639014e+300][ -1.05939353e+299   4.29917955e+299  -7.44903921e+300   1.57651668e+301
   5.29836113e+302  -3.33034873e+301  -4.20449956e+301  -3.22409047e+301
   3.22650926e+303  -2.49997680e+298   1.85597305e+303  -9.31281316e+297
   1.00710315e+299  -1.14626735e+301  -6.35996668e+300  -5.04407031e+301
   5.12355635e+300  -6.10163362e+300   3.31099289e+298  -4.58759582e+300
   1.74943261e+304   7.96772861e+299   6.10984284e+299  -4.48532326e+300
   2.00413465e+298  -4.60872692e+301   3.00141318e+302   3.56841933e+299
  -7.26273065e+300   1.43686224e+301  -1.73902439e+301  -5.59600992e+300
  -9.15314475e+300   1.04274745e+302   4.05352034e+303   8.85329554e+302
   1.67831638e+301  -6.46424290e+300   7.33471860e+298  -4.61282525e+301
  -9.97645637e+299  -2.82749388e+299  -8.66731595e+301  -3.15095699e+300
  -2.75751375e+298  -1.81629106e+300  -3.16468196e+300   7.20164276e+300
   1.75282717e+302  -1.98405173e+300  -1.75172435e+299  -5.54423407e+300
   1.26783457e+299  -7.28054861e+297  -9.44925246e+299][ -7.89507778e+301   2.09993152e+303   4.37998044e+300  -4.05540158e+300
   4.74736246e+302   3.54896638e+302   5.28335179e+300  -3.41107930e+301
  -7.04557118e+302   3.61050319e+300   3.85486722e+301  -1.21346026e+302
   4.21170112e+301  -2.09617144e+299  -1.22920551e+301  -9.68726899e+302
   8.20692554e+298   8.17613195e+302  -5.93351179e+301  -2.13790574e+300
  -5.68695431e+301  -5.46767203e+299   3.80988418e+302   6.80620884e+300
   6.71641144e+299   3.72994828e+301   1.00386476e+299   2.82781044e+302
   1.83577435e+299  -1.13970914e+300   1.50189444e+301   7.62967621e+302
   3.58898704e+301   2.74478749e+299   2.47560569e+300   9.41960410e+300
  -1.22938944e+301  -4.33926805e+300   8.68964831e+300   1.79018701e+304
  -1.05618777e+300   1.10172609e+300   4.26931118e+297   4.82818791e+300
   5.07151420e+297  -1.08538785e+300  -1.67432440e+302  -8.97988157e+300
   1.37419390e+302  -8.75318290e+300   1.07565989e+301   6.08471656e+297
   2.96450101e+300   1.03848179e+299   5.01930349e+300][ -1.07749730e+302  -9.62053516e+299  -3.90284558e+299   4.77401207e+300
  -3.03542662e+301  -5.25278209e+300   5.33548190e+301  -7.21029498e+299
  -4.48936026e+299   1.30412216e+301  -3.69278059e+301  -1.55683744e+301
  -3.77828417e+300   3.69992042e+301  -1.09601178e+302  -7.48716121e+302
  -1.34154432e+301   1.45414008e+303  -1.05865734e+302  -2.14530299e+301
  -1.99332844e+300   8.06481483e+300   2.33756625e+300  -1.57583117e+302
   8.29611313e+299  -8.42429903e+300   1.18578700e+302  -6.18840560e+297
  -6.15628455e+301  -2.17106029e+302   5.57251480e+301   1.33525354e+301
   1.50320725e+302  -3.66155908e+302   1.08642586e+301  -2.66880173e+301
  -4.27924285e+302  -6.22133804e+299   6.89071222e+300   8.45196949e+299
  -1.82916602e+300   1.47140195e+298  -6.00097907e+299  -5.78764783e+300
  -4.59214392e+301   3.60196337e+298   4.92315260e+298  -3.37184105e+299
   5.61703735e+299   1.31224679e+300  -4.08705094e+303  -1.52671440e+299
   5.39146259e+299  -3.54111137e+299  -2.39763167e+300][  1.36157977e+302   3.23241472e+300  -1.89501676e+303   2.02899767e+298
  -4.61898787e+298   2.08407436e+300   1.95595143e+300  -4.10028878e+303
   5.31475027e+299   4.30279107e+299   7.20388334e+300  -1.12232903e+302
  -1.72430336e+299  -1.90520391e+301   7.79810066e+299  -2.43139847e+304
  -6.38905801e+301  -1.62400079e+302   7.02019903e+299   2.35930783e+302
   1.71138502e+301   1.03226690e+300   2.12633433e+299   3.73323166e+300
   8.53511254e+299  -1.11898397e+301   5.94793710e+299   6.77661304e+302
   1.20426474e+302  -6.19619257e+300  -5.38510760e+297  -5.61565104e+299
   9.72098067e+301  -6.86054766e+300  -1.26335303e+302  -4.08031408e+299
   1.30203143e+300   4.50352687e+301   4.63787541e+301  -7.91917682e+301
  -8.12062786e+301  -2.43819282e+302  -1.05823344e+302   2.43454217e+301
   3.23412208e+301   9.49793750e+298   1.03912622e+303   4.62511696e+301
  -5.60082335e+301  -1.65985220e+299  -1.39867243e+302   2.51325620e+299
   1.26129313e+300  -1.20847216e+302  -1.09085367e+299][ -2.17203199e+298  -4.09318288e+300  -7.29872215e+301  -1.39845781e+302
  -7.71887057e+300  -2.46214483e+301   3.95237145e+300   3.13445236e+301
   7.38156639e+300  -3.13850005e+301   1.77099849e+301  -4.60344244e+299
  -3.43949693e+302  -1.35194201e+300  -6.69245183e+301   5.44775674e+299
   5.80784364e+300   2.62716001e+301  -5.01923246e+301  -3.05861937e+299
   8.84412911e+300  -3.56133176e+301  -1.09845845e+301  -7.26356774e+299
   7.34542544e+300   7.30108469e+301  -5.63092885e+300  -2.05029474e+301
   4.25288142e+300  -4.29394419e+301   2.04198058e+304   6.06129341e+300
   1.33774328e+299   6.79702708e+302   1.24708866e+301   4.37693227e+301
   3.90289002e+301   3.82554189e+300   4.05226742e+301   1.24151236e+300
  -6.44241972e+297   7.68199807e+300   2.95806111e+299   2.98869618e+302
   3.01536063e+302  -2.42367197e+300   1.19720258e+302  -7.99567937e+299
  -4.01948170e+300  -1.92465591e+300   6.72522910e+301   1.95545144e+302
   6.88529717e+303   3.69598756e+300  -2.10170818e+299][  4.37260213e+298  -8.07788659e+301   3.51732678e+300  -2.86197539e+301
  -2.36151041e+301  -1.06028450e+303  -1.96681580e+303  -3.32326228e+300
   1.60570796e+299  -8.19718004e+300  -2.16567746e+302  -3.71413277e+301
  -1.41906237e+302   3.18159374e+299  -2.05156078e+302   3.93985543e+300
   3.40558366e+299  -1.48419080e+303  -1.77686782e+299  -3.28130259e+300
   2.48357601e+303   3.34961473e+299   1.86847181e+299   5.93222237e+301
  -2.11332977e+300   1.93166617e+302   4.86245450e+301   4.27885587e+302
  -2.81703038e+301   5.27671766e+302   6.99677871e+300  -2.36208393e+302
  -1.94623887e+304  -1.12356526e+300   3.78143780e+299   2.44826366e+300
  -2.16268930e+300  -2.83581812e+301   3.54622780e+300   5.07836016e+300
  -1.43430865e+300  -2.89084240e+300  -2.67924660e+301  -2.52945781e+298
   2.90947355e+301   5.80114007e+302  -2.32952360e+300  -4.49478095e+301
  -9.17796251e+300   2.50138063e+302   3.52702679e+300  -3.99138273e+300
  -6.81158969e+302   1.90832467e+298  -1.54044588e+302][ -2.40816165e+301   1.66533632e+297   4.81592699e+300   5.65732943e+301
  -4.27436222e+299   4.80366694e+301  -6.83051752e+303   8.55337011e+301
  -1.14532661e+302  -4.69744344e+297  -1.25509923e+300   2.68024779e+300
  -3.08760278e+302   3.17898589e+297  -5.27040357e+301   1.25913499e+301
   6.89790090e+299  -1.56484649e+301   9.86485506e+301  -1.05690189e+301
   5.27669257e+301  -1.37389520e+301   4.30840411e+298  -9.76969266e+301
   1.92154599e+299  -4.39867550e+301   7.17647670e+301  -1.81151593e+301
  -6.36934601e+301   1.11051748e+303  -7.06370562e+299  -2.95894873e+299
  -2.12489992e+300   2.65842299e+299   1.47008592e+299  -9.84124392e+301
  -2.17868281e+300   4.32883739e+300  -1.16478826e+300   3.64214212e+300
   4.75742029e+302   2.41815120e+300  -2.33173358e+299  -2.38812130e+302
  -5.04479776e+301  -1.97808253e+300  -1.12051647e+300  -3.71921060e+301
  -9.94663391e+301   3.83859404e+302  -1.61009334e+301  -9.09148967e+300
   2.10349021e+300   2.25628603e+298   9.81854957e+301][ -3.14645718e+300   1.41268800e+302   8.06173884e+301   5.62551325e+300
   3.02747372e+300   3.50394145e+300  -1.53055700e+300   7.53132889e+297
  -1.16352488e+302   2.62584641e+302  -6.04587154e+301  -1.49630661e+299
  -1.85688150e+301   2.33371646e+298   5.07713908e+300  -1.78964915e+299
   5.62063479e+298   2.18804463e+301  -1.42004968e+300   4.06426166e+301
   3.59885902e+301   6.08333240e+298   3.70260377e+302   3.07009935e+300
  -2.04154473e+300  -2.82197411e+300   1.06271987e+301  -2.85443138e+303
   1.23475404e+301  -1.07706681e+302  -5.61240911e+302   6.35466308e+301
  -3.18397422e+300  -1.69160245e+301   2.55622973e+300   2.38487920e+301
  -1.47941964e+301   6.38881368e+301  -8.41481374e+299  -2.47146527e+301
  -5.74896703e+297   3.99476651e+302  -5.64532454e+302  -4.50211096e+300
  -4.78264992e+301  -1.19816306e+302   6.08322361e+301  -6.11349949e+300
   1.40654402e+302  -4.44536417e+300   2.29725735e+300   1.45281281e+302
   2.21849590e+303  -3.86613124e+300  -3.68984362e+301][ -9.35251755e+299  -8.59887573e+302  -1.34331955e+302   7.25619456e+299
   7.02660278e+301   4.55884875e+302   4.12846654e+299  -1.11484782e+301
   8.21766758e+300  -6.78526681e+299  -7.66418207e+300  -3.37332313e+300
   4.89425428e+301  -3.03205946e+299   4.39348410e+301  -2.36512821e+301
   3.50031186e+302   3.31060860e+302   9.37128525e+297   2.46541376e+302
  -4.63856869e+302  -2.78735984e+303   1.70380478e+302   1.67599844e+301
   1.41126950e+299   1.52145719e+300  -9.09984547e+301   2.05723243e+301
  -4.22817638e+303   5.12703506e+302   4.03281689e+300   2.08122652e+302
  -3.28710646e+298   2.36072482e+302  -1.82569912e+300   1.19225101e+300
   6.51213765e+301   3.81996150e+300  -1.06026697e+302  -6.26383359e+299
  -1.40246015e+301   4.70235533e+300   4.82199456e+300   6.17531551e+301
   3.82573477e+299  -1.30865452e+300   2.99996321e+302  -4.68240729e+302
   1.34482659e+299   4.74782312e+300   3.09787204e+300   1.00381058e+301
   2.67702087e+299  -8.56198628e+301  -9.15006980e+300][ -5.23331243e+300   2.05772070e+300  -8.14383077e+300   1.85711743e+301
  -4.95834885e+301   3.18155031e+301  -3.43100963e+299   2.98499820e+299
  -2.62478525e+303   1.42851270e+301   8.41078181e+301  -6.26362526e+300
   2.31002752e+300  -3.62402915e+302   2.57522795e+302   2.71308433e+301
   7.65731552e+299   6.87840054e+301   6.08300538e+299  -5.18111629e+302
   4.33759251e+300   3.92206887e+303  -3.58971493e+302   6.60577778e+302
   1.18866754e+298   1.82503705e+299  -3.85676895e+301  -3.63335719e+302
   1.64732352e+302   6.71225390e+298  -1.95578586e+299  -1.00208879e+301
   5.73082503e+301  -2.13494432e+298   2.50629158e+303   3.42717427e+302
   4.10091016e+299   1.81693328e+301  -7.00796003e+302  -2.13604534e+300
  -1.55870102e+301  -3.00759959e+299   2.38060982e+301  -3.25986264e+302
  -6.73065955e+303   9.30470241e+300  -6.52716476e+302   9.77531411e+296
  -7.69182511e+302   1.00806089e+301  -4.60042980e+300  -4.00357911e+300
   3.03094961e+301  -8.23432973e+297   7.11978500e+300][  2.45350848e+300   2.16909753e+301  -2.78266919e+298  -4.12202675e+301
   3.69462363e+300   5.88042825e+300   2.47734791e+300  -5.55074452e+301
  -1.44707578e+302   6.64282931e+300  -9.22962552e+300  -8.99058275e+300
  -1.59283786e+300   3.35061220e+299   1.25634369e+299   1.05386532e+302
  -5.42711051e+300  -1.38500359e+300   1.32397246e+300   5.15372793e+302
  -7.27826080e+299   2.10704425e+301  -7.25610549e+299   9.33924094e+300
   3.80013463e+302  -6.91843544e+300  -2.62220341e+300   8.08286881e+302
   4.10943653e+299  -6.12397955e+301   2.39122625e+299  -8.57922515e+297
  -2.07978274e+299   7.57208355e+302  -1.34263120e+302   4.07797996e+299
  -1.09153151e+299  -2.18071225e+300   8.80618077e+299   1.52726099e+301
  -1.03664049e+301  -9.81700361e+298   2.10167976e+299  -1.46565875e+300
   7.75739024e+301   1.24349685e+298   4.34941222e+300  -1.57186625e+301
  -1.00589431e+299  -4.84488085e+297   5.54329031e+301  -4.01001721e+302
   1.23496197e+302   2.55859141e+299  -1.16471057e+302][ -2.77929135e+300   9.43030503e+300   2.78617377e+300  -2.89969955e+299
   8.96368598e+301   4.28395396e+299   8.38450231e+300  -7.60012555e+298
   2.22949284e+295  -2.15481775e+297  -2.42181955e+302  -1.11201833e+302
  -6.46771923e+298  -7.17855057e+301   4.37623811e+298  -1.36287235e+300
   1.26565448e+301   6.02109323e+300  -4.23775126e+298  -1.00757169e+298
   1.46366122e+302   3.65199405e+299  -9.51117111e+302  -2.38550612e+300
   4.20459124e+301  -3.47784353e+297   9.44805231e+301   1.24326886e+300
  -1.06690149e+302  -8.05124015e+301  -2.99386701e+302  -1.16563887e+299
  -1.08797902e+298   2.78241173e+300   9.83462527e+303   2.30737034e+300
  -1.16471673e+300   5.32998374e+301   3.38257169e+300   2.70377034e+301
  -6.29802381e+302  -2.66170986e+296   6.87703733e+299  -2.03689382e+301
   5.91735914e+300   8.91496239e+299  -2.85432011e+299  -8.40895982e+300
  -3.82346053e+301   4.74695606e+297   1.31717522e+301   2.04924351e+301
  -5.06004854e+302  -1.18903388e+297   3.86664308e+298][ -3.64435638e+301   1.48489122e+302  -1.65531309e+301  -2.83146972e+301
  -4.98365866e+300  -5.17660854e+301  -4.78250519e+299  -1.41327082e+300
   6.68874191e+301   8.04157714e+300   4.70942251e+300   1.98738462e+301
   4.89748851e+300   2.99748969e+299  -6.52572375e+302  -5.31742829e+298
  -1.26616802e+298  -2.33816970e+300  -8.72799401e+301   7.96843367e+302
   1.27778918e+302   2.14808760e+300  -1.81742733e+299  -3.12983866e+301
  -4.62037342e+301   1.85506555e+302   2.74146208e+301  -1.19340318e+301
  -1.32176562e+299   2.38197467e+298   3.70415885e+299   1.26790350e+299
   3.91162521e+300  -1.10499482e+302   1.26361104e+302   1.71151051e+302
  -3.37052123e+300  -3.29445782e+301  -6.68989038e+300   1.89574083e+297
   1.96448778e+302  -2.81681379e+298  -3.18843923e+302   6.38252348e+300
  -3.88012047e+299  -2.10904692e+302   2.80484580e+301  -3.16591103e+301
  -1.70231862e+302  -1.15496866e+301  -9.54147887e+300  -8.51880033e+298
  -9.29615692e+298   4.99962566e+297   3.43501997e+300][  3.08569155e+299  -1.17006384e+301   1.20609558e+301  -3.08457034e+297
   5.33947247e+299   2.56326222e+300   6.67498678e+297  -3.58284268e+302
   9.37396151e+300   9.78984221e+300   2.34612001e+301  -4.13158050e+300
   9.59217735e+299   9.67683550e+300   5.52441486e+301   1.83147619e+299
   1.59421773e+301   1.93757176e+296   3.89108024e+301  -1.25232655e+303
   7.25170079e+300  -4.14687542e+300   6.91894130e+297  -3.90011519e+300
   1.16227566e+301   1.49775801e+303   1.43826199e+301   7.96035876e+300
   7.75443516e+299   1.73145065e+301   3.81688363e+302  -3.59146314e+298
  -7.43993714e+300  -3.67057152e+302  -5.04763387e+301   1.87203734e+299
   6.05697912e+300   2.18858120e+300  -1.26414421e+302   4.00473143e+302
   8.99518468e+299   7.95768482e+300   1.28065933e+302  -1.25188172e+300
  -9.44035766e+301   1.58085532e+302  -2.10761313e+300  -9.38515897e+300
   1.68268774e+301   3.72842611e+295   2.16722699e+298   1.46217480e+298
   1.81908035e+300  -4.10596056e+300  -3.40033871e+299][ -7.51759397e+299  -1.36901059e+299   1.65905887e+302  -4.27635831e+302
   2.03549655e+304  -1.82824354e+300   1.67988168e+300   2.60964989e+302
   4.71168675e+301   4.15626602e+303   2.92880066e+302  -8.08978286e+301
   5.83291789e+301   7.91191629e+300  -4.61576268e+301  -5.66057505e+301
   2.31332437e+302   1.00439693e+299  -1.79831408e+304   1.13698169e+299
  -1.58290883e+301  -5.65799026e+300   3.23249774e+298  -2.95868184e+300
  -2.77768581e+301   9.59990112e+300  -2.76685383e+301   1.14906031e+301
   1.63185472e+299  -6.83253845e+300   2.89029749e+299  -2.74861130e+301
  -4.39746574e+300   4.51308099e+299   8.38495358e+299   1.84189831e+299
   7.87668283e+300   9.57001492e+301  -8.43979640e+299  -8.82233495e+299
   3.10100524e+300  -1.64006412e+300  -3.52712328e+300  -1.26684373e+300
   6.88233991e+301   1.07476938e+299   1.45049770e+300   8.75100895e+301
   5.92951979e+296   9.96062554e+301  -1.32009062e+301  -7.29049993e+299
   4.47396981e+300  -4.29956418e+301  -2.88189662e+299][  8.29890813e+301  -1.07122180e+300   5.52823567e+303   1.31214886e+303
   4.01525545e+298  -6.83333852e+302  -2.63482363e+300  -4.25046728e+301
  -1.68445033e+301   2.14199517e+300   1.72360223e+298  -3.93445637e+299
  -2.35458578e+302  -4.02442141e+300  -1.27704258e+301  -1.23449643e+300
   2.51208632e+300   1.01239005e+300   1.19706818e+302   2.37641279e+303
   1.92582933e+300   6.35095746e+301  -5.72934133e+302   5.52654507e+297
  -1.30819653e+300  -1.05880587e+300  -1.03581432e+300  -2.59537807e+299
  -4.80876043e+298   1.71659642e+301  -3.39739395e+302   1.08864672e+301
   6.62714363e+300   1.62054743e+296   7.35396556e+299   4.48054982e+301
  -4.29389331e+302  -3.81743346e+299   1.08189097e+300   3.44544607e+301
  -3.81417784e+299   8.00909216e+301   4.04398272e+299  -7.26843690e+297
   3.08388122e+302   1.46990816e+299  -3.60643219e+299   1.27279788e+301
  -2.11488793e+302   8.50974556e+301   1.18383532e+303   8.25255579e+298
  -8.26959724e+300   2.01649138e+300  -7.34570083e+300][ -1.60590188e+302  -1.04893660e+301  -6.61427037e+302  -3.34999582e+297
   6.70700421e+301  -4.97120903e+299   4.73286985e+301  -5.69524682e+301
  -4.90614302e+300  -6.75299879e+297   7.35057288e+300   6.76042623e+303
  -2.09418582e+299   3.17461138e+300  -1.82522680e+301  -3.78739942e+301
  -6.98155914e+300   2.77514453e+302  -3.91282747e+300   2.90390433e+300
   8.72032074e+298   3.90037603e+301  -4.97276878e+302   2.08111856e+302
   3.10744476e+301   1.23974586e+302   1.20119109e+303   1.32532557e+301
   1.24253108e+302   3.51909856e+299  -1.09696484e+302  -4.35997813e+301
   6.64142986e+302   5.26061775e+295  -5.90481449e+299  -3.61498221e+300
   4.69568687e+301  -3.06848013e+300  -8.53395010e+302  -1.52214524e+299
   1.19523206e+300   1.67667085e+301   3.40424895e+300  -4.05346099e+298
   4.21557647e+299   1.34933996e+300   1.34962208e+300  -2.72864349e+302
  -1.12112953e+300   2.05012653e+302   4.16088413e+299  -1.48135214e+300
  -4.55312952e+300  -7.02882349e+300  -3.20428489e+302][ -3.20551089e+300  -6.94885466e+300   3.29279744e+297   5.34760698e+297
   1.14500145e+301   8.51306191e+302   1.36683870e+301   1.28077383e+301
  -6.91189028e+298   4.57869799e+301   9.59822072e+299  -7.36806245e+300
   1.17822290e+302   6.53110638e+302  -1.35551414e+300  -2.06320734e+302
   2.22167257e+302   2.29513725e+301   1.32086170e+302   2.08771922e+300
  -5.83805032e+301  -7.35711648e+299   5.23811480e+300  -1.05328809e+298
   1.37902209e+300   5.67803719e+298   2.19963197e+301  -1.51051279e+301
   1.16165263e+301   8.05561520e+299  -2.56417792e+300  -2.47722710e+299
  -1.59668563e+302  -1.51742638e+297  -1.86025974e+301  -6.13883043e+300
  -2.19764295e+301  -5.20097557e+300   7.50583398e+300   1.80893523e+301
  -3.11558527e+301   1.98016847e+301  -1.78992221e+297  -3.48568777e+302
   8.80074675e+301  -7.96508665e+302   7.92453999e+299   8.22727577e+299
   7.53150742e+301   2.32782799e+302   1.60155326e+302  -3.00158358e+302
   5.90889506e+302  -7.11238701e+300  -5.37969887e+303]
 pesos capa salida
[  3.27672896e+300  -1.11372738e+303   1.31538047e+295   2.85806958e+301
   2.06886629e+300  -2.54966791e+301  -1.53213893e+302  -6.71272151e+302
  -2.50609241e+301   1.79720448e+302  -2.17917818e+300   4.40672117e+301
  -6.27999844e+300  -3.68239335e+299  -8.82742977e+299   1.76257886e+303
   3.16300529e+303   8.65779918e+300   4.69066782e+302]
 biasCapaoculta
2.1063639118112498e+303
 biasCapaoSalida
-2.099663552007587e+301
 mejor error
175.49999980700028
 Precision 
0.6950477845351868