
 fecha de inicio Fri, 24 Nov 2017 04:18:23 
 fecha de la generacion Sun, 26 Nov 2017 03:00:23 
 generacion: 6328
 pesos capa oculta 1
[ -1.81525541  -4.63915895  -7.09861057  -3.35520638   0.2463898
  -3.30243683  -2.54737535  -3.88563526   0.29849966   0.73132607
  -5.84205226  -0.89902386   5.04954005  -4.36888556  -0.31181661
   4.83352028   3.187061    -2.53094854  -2.39628282   0.38057213
  -2.69989376  -1.76023241  -1.84580261   4.64643719   7.4904569
   4.53618006  -3.38459487  -2.18751051  -0.94353387   4.0671321
   5.52535021  -5.67938972  -0.47989357  -5.84389751  -0.27077368
   2.59078881  -3.96134138   5.78161951 -10.64331182   1.15257021
   1.42510919   0.33821472  -0.90166666   3.43829079   6.78162905
   8.72117648   5.83337759  -3.89747788   4.90874024   1.60890555
  -0.76830866   1.64084151  -6.13179601  -8.56072352  -6.91179817][ -0.35022717   0.50011699   9.38665567   1.51793388   1.68681695
   2.70858178   1.52387286   0.10072815  -0.51204957  -2.4565497
  -3.3128127    4.89122908   7.6966958    1.2156921    0.29465565
  -3.19066921   0.1000692    3.25204505  -4.23887945   2.65587453
  -3.71291329   1.17272519   4.59127443  -1.63640765  -1.27403486
  -3.44952892 -11.2347391   -1.24054121   1.57235472  -1.30236181
   3.0227567    2.29699482   0.61437094   0.74713042   1.79622904
  -3.38301734  -1.55297507   0.97435405   1.9129403    2.57896864
  -2.52810455   0.92137122  -1.84080111   3.15618713   4.76899804
   4.5057483   -7.626887    -6.44894968  -0.64992081   3.39750254
  -1.71147978   1.56824788  -2.42337267  -0.79353657  -0.78147379][  1.95493446  -5.68461166   3.17568915  -1.69033829   0.95738038
  -6.69140918   3.27398376   2.50447792   2.14901738   8.13438788
  -1.92318677  -2.23967571   4.789303    -1.85208856  -1.85884868
   0.12310512   4.14287486  -8.49514172   3.0068519  -10.80325108
  -1.68882854  -2.44440508   2.96579489  -6.50005975  -0.64929905
  -0.08518774 -11.1404493   -1.37094908   1.60488254   4.20448669
   1.54095883  -1.37226313   5.8319163    1.84609041  -0.77691603
  -3.49799067   5.15961235  -5.26826372  -5.2002285    0.96909021
   6.31327031   3.00635963  -2.94632599   2.35621885   1.33485027
  -4.32369681  -0.60793801  -1.19596003  -2.73981089   8.3022998
   0.37271165  -4.27992249  -4.76044965  -5.7241714    5.63077619][ -3.23801346e+00  -4.02390428e+00   3.30829594e+00  -8.68877691e+00
   3.95066990e-02  -2.04942170e+00   4.98082298e+00   2.02937825e+00
   4.04363768e+00   3.86553619e+00   7.45082579e+00  -7.04809363e+00
   4.12060830e+00  -2.13552337e+00   5.89683831e-03  -1.45372412e+00
  -3.15714348e+00   6.41633623e-01  -1.07077183e+00  -8.72979989e+00
   4.17458560e-01  -3.00286174e-01  -3.09238114e+00   5.67821044e+00
   5.94078765e+00   7.58770761e+00   5.62451862e+00   2.22996568e+00
  -8.63797763e+00  -2.56882121e+00   5.50791194e+00  -8.21657886e+00
  -4.35438141e+00   2.38571456e+00  -2.29695379e+00   2.14451399e+00
  -1.33806219e+00   2.20665401e+00  -5.29880876e+00  -2.88657823e+00
   3.21869477e+00  -5.22535072e+00  -2.51594616e+00  -3.09210751e+00
  -7.94754521e+00   2.76878001e+00  -5.17223860e-01   8.79589056e+00
   2.65530232e+00   6.43352395e+00   4.96814005e+00  -6.69643204e+00
  -2.51005322e+00  -4.24232803e+00  -7.40983695e-01][  0.5467991    1.48235513   0.0525696    0.31122337  -7.54013148
   1.3690664   -1.77019328  -1.79260442   5.72137235  -4.41722864
  -1.86571935  -2.32292839  -4.80533788  -5.36520239  -0.24530643
  -2.10660139   1.36618476   2.12263006  -4.09216546  -1.40173744
   2.56555871   8.83092095   4.66962423  -2.53852747   2.35060786
   4.54353547   9.65303868  -2.14975842 -10.97012797  -0.54435968
  -9.74011558  13.18688709  -1.54112839  -4.72076476  -3.02300693
  -2.95780342  -4.11416185  -1.09325471  -1.59695537  -5.40366763
  -1.86665232   6.50656744  -5.71696033  -4.95254092  -7.72154892
  -1.48217356  -0.86995785   0.75843341   0.79906874  -3.70179034
   1.22152034   1.04654551   3.08443111   9.74926014   4.2450441 ][  2.71243625  -0.97991892  -0.05957776  -1.01945556   4.02528222
  -1.71269925  -2.73926223  -0.60912242  -7.73121592  11.03047197
  -2.31969638  -7.39959292   4.6739274    0.5384176   -0.70634374
   0.12872519   7.23924561  -1.99118425   1.58196222  -8.6981872
  -6.29732848  -4.33959056  -0.5863935   -4.87166234   1.97935196
   0.47546465   2.22133017  -4.0169544    0.64567672  -3.47599899
   2.9884014    2.13158197  -3.19916322  -2.59290368  -0.36542205
   5.86405218  -2.72660722  -4.71371994   8.29115252   2.59820527
  -1.77193611   4.13001528  -6.56607769 -12.65687086   2.68850947
   5.55192932  -6.75221174  -5.24160331   1.49496428  -4.04989124
   4.21502221   2.36344309  -1.19798179   0.83305794   2.6348974 ][-0.37912489 -0.9811804   2.76282827 -0.44682629  0.26515236  3.57652539
 -0.28236719  6.36510205 -4.46030178 -1.702978    1.80985392  2.2224495
  0.18032766  9.92333607  1.53692021  0.35815419 -1.41755731  2.55285703
  2.48004005  2.73936897  0.41095017  1.2180691  -7.72526816 -2.7297733
 -0.22103527 -5.04875719 -8.91880019  6.22731734  6.76212857  3.87528188
  4.19070176 -3.98153925  2.80554675 -0.79692338 -1.596105    2.72358206
 -1.60427922  2.67947067  8.27454881  0.13215409 -7.56515752  4.22837255
  4.57743407  2.99933104  6.51388164 -8.48717608  1.36091572  6.48639264
 -9.41010857 -7.62317197  0.89970756  4.0186366   6.18843871 -1.66969085
  1.06755738][ -9.42186023  -5.37099312   0.58590172  -3.23075405   2.53293719
  10.53211033   4.65182135   3.77734057   9.71977853  -3.55437278
   4.82898976  -0.05384268   1.09611734  -0.99712268  -0.23600784
   0.8668542   -4.86158457   0.39186478  -4.09186667   4.90322912
  -0.20231504  -6.19457013   0.18532737   0.02777367  -4.32020562
   6.77874595  -0.83226414  -3.73552502  -5.94176312  -3.770708
   1.91655608   7.37097253  -2.69486692   2.03709008   0.55913301
  -0.44739985  -9.45409777  -2.75746167   0.92252869  -5.15854083
  -3.11832065  -8.37499998   4.76494547  -6.44568954   5.34957661
  -8.01924298  -3.25813907   1.63729379  -7.45582528  -1.97392225
   1.95649447   2.01724656   0.81498635   5.00095832   3.98220778][  1.46490793   1.12148321  -0.93037554  -1.65528074  -3.54637046
  -4.44369912  -4.71095829  -0.87331256 -10.29493395   3.15446755
  -5.66874943  -6.23598327  -8.41276058  -5.8609575    2.01626487
  -3.57124312   9.20063738  -1.79865984   1.97503763   3.50245173
  -3.71179893   1.60961154   2.44246865  -1.70608458  -2.63241331
  -5.31054489   6.19365908  -6.57633582   0.71183784  -4.57563363
  13.00012043  -1.80480087   0.64820119  -4.43623219   4.56725007
   3.25196202  -1.0303478   16.91613515   2.47179188  -0.90357826
   4.77152139   3.14444727   6.07864692  -6.00332611   5.79399066
   7.4388846   -7.29884499  -2.7065369   -0.8777997   -1.36950652
   2.22159272  -0.14789494   5.85430471  -0.61389153   9.57698779][-4.77737658 -6.0243909  -3.04901757 -0.70977242 -6.91569729 -2.21774161
  0.08664955  5.60283071  2.26027578 -0.95171256 -2.64527301 -2.13361959
  3.15918894  0.65344001 -0.8597742  -6.64155528 -1.47447214 -3.63858993
 -8.24753665  0.05107298 -3.67634133 -3.30759801 -2.28305346  5.27042038
 -3.07751802 -5.77659742  5.48845105  1.53122901  1.64346553 -3.35740249
  3.96967839  2.86436782 -4.71168816 -3.53475324  5.12496943  4.82374342
  3.75999176  3.85098989 -4.3353976   1.06646321 -0.9709185   0.35223459
 -1.01957064 -2.77590954  1.96915712 -2.47213523  0.32189376 -5.47029456
  3.73890191  0.1035318  -0.36842978  3.01894387  1.48492787 -6.15168038
 -1.1257445 ][ 2.00417058  7.66998494  5.89963378 -1.64297466  1.78010174 -2.34131509
  3.41087168 -0.29233692  1.73633782 -1.82229157 -0.19780621  6.51336651
 -5.0507007   0.78475055 -1.14635996 -3.93011289  6.02777291 -0.92173393
  2.81089769 -4.19322114  3.05272017  4.93618483  4.79016603  5.27532987
  4.28850365  6.486556    3.75425056 -0.24507312  1.73884454  9.39752791
  2.01242234  2.3477651  -5.31989549  2.39167733 -1.5915307  -3.7690818
 -0.27151555 -2.57332937  1.51983934 -0.87492239  5.57691949 -6.0952352
 -5.07409818  9.45376829  0.91591892  3.96605823  3.74630884  7.92893041
 -8.57240638 -7.59909215 -1.14882405 -4.62922582 -1.27645399  2.59912835
  0.67270846][ 2.68506864  4.63712034 -1.21134881  3.43136992 -0.64789555 -1.53588359
 -0.4940482   2.70572405  4.80462567  5.16517509 -0.72450273 -1.2171458
  0.54348874  2.32080978 -2.96417892 -3.76313985  1.10854977  0.3564618
  1.75154084 -0.72801678  4.91164642  3.7416241  -2.15387207  3.0107264
  3.30203402 -2.95410856 -7.45149303 -0.97044339 -0.84121118 -2.7216512
  1.81340766  5.97393998  1.31472773 -1.44984593  0.51241022  2.11241072
 -9.11780986  8.2234569  -1.06778326  0.27427049 -2.03240125  0.87535976
 -1.891106   -1.43197443  7.34404052 -6.00781771  0.02300402  1.96543099
 -2.45950372  6.68189513  4.71613301 -6.58654047  3.83486454 -5.81594333
 -0.63802531][ -8.01138558e-01   5.93222807e+00   1.18369487e+01  -1.05380929e+00
   1.01051426e+01   4.76688284e+00  -1.05087357e+00   3.24883542e+00
   1.02125236e+01   5.91804002e-01   5.82768085e+00   1.41727039e+00
  -6.95501578e+00  -2.90736878e+00   6.12908471e+00   5.14250207e-02
  -7.99109523e+00   1.91671385e+00   2.97268439e+00  -1.45990158e+00
   5.21775171e-01  -4.70026825e+00  -2.30437081e+00  -2.26327048e+00
  -9.20138669e+00   2.81527134e+00   5.28507077e+00  -1.04417537e-01
   1.63784697e+00   4.95405507e+00   1.40983927e+00  -1.59858580e+00
   4.79252639e+00  -4.55632625e-01   7.22295023e-03   4.05563394e+00
  -2.03413494e-01   3.62862235e+00  -7.23764805e+00  -1.36396770e+00
  -2.05228514e+00  -4.79742067e+00   5.84766493e+00   4.27207790e+00
  -4.55453039e-01  -4.80189532e+00   5.96722386e+00  -6.81164862e+00
  -4.95037941e+00   6.00691091e+00   3.04700693e-01  -8.05517094e+00
   6.34226455e+00   4.94764876e+00  -6.20173031e+00][  2.87196439   6.28367018   3.99029803  -5.40309797   0.59167826
   1.90286107   1.58310412   0.45337628   5.54432028  -0.10160874
   3.61074139  -2.24641429  -0.8130631    5.12853559  -1.6141992
  -2.51613114   0.29280545  -2.00538313   1.58739827   4.34237387
  -7.89972021  10.1290434    2.71192412   7.20982886   0.53473373
  -3.44611353  10.02844909  -2.02078652  -4.01504546   2.93197737
  -1.5274341    4.52801395   2.43001477  -1.09351697   1.68832962
  -0.09440182  -6.40582848   0.29295143   6.18503056   6.21794771
  -2.73430052   5.50134524   2.05112656  -3.95274701   0.67195934
  -1.67544953  -3.36749879   7.73531449  12.02611192  -4.18414629
  -5.72991577  -0.49066578   3.94853746   2.14483437  -1.62877026][  0.34028806   1.41945854 -12.03025368  -0.50527814  -2.60821349
   2.1141732    2.33490151  -2.02519623  -9.34780189  -4.38854572
  -0.20408973   2.74800293   1.50760456   0.61238626   5.53706725
   8.85292137  -4.58775176  -4.66817188   5.86401299  -1.29527913
  -1.97006101  -3.48567346   6.39355733  -3.96547081  -2.56828916
  -1.22598534  -9.06794474   2.01252438   0.11340633   2.39423315
  -2.74488761   0.91407336  -9.33056128  -2.69212651  -0.68324491
   2.45887055  -2.29903517  -1.71032189   0.56050188  -0.28435708
  -4.13655769   0.66060591  -3.78633413   4.71760461  -9.40949534
   3.75222252  -6.56686414  -2.62530213  -6.06669664  -3.17215091
  -5.14528127  -6.95243211   1.0117546   -4.60945384  -3.25235395][ -1.30077737   2.7010908  -11.12376793   0.54245678  -2.351355
  -6.49194423   1.14077548   1.25194532   2.48440054  -4.44406163
   6.59297387  -5.95971704   0.75315683  -6.75303087  -6.7655323
   2.42830732   5.85209476  -1.25063344  -5.72454394  -3.92885883
   2.68141542  -0.42251627  -3.3737276    0.44280294  -4.05155608
  -5.31645069   0.02227511   5.38553697  -1.35054696   1.32888402
   3.0650804   -3.35167718  -6.39016563   3.18961007   0.49906734
  -1.80611627  -3.69668649   8.68310877   6.36475927  -1.43603379
  -3.88815786  -2.51664921   4.50633946  -1.93657231  -4.48482827
   0.90186445   8.64992341  -1.45247184   4.38244298  -0.23612907
   0.38957683   5.04255109   1.98696833   2.51470386   2.51599495][  2.27677108   8.15098833  -5.77421104   2.3486212    6.71078858
  -3.6125549    1.99942019   5.35297551   0.36788819  -4.77623129
   2.00833778   1.18562377  -8.28085508  -3.85796651  -4.84729272
   0.92349761  -0.24195642  -2.01913311   1.12216024   3.67045153
   4.56505758  -5.07625189   4.50459236   2.14664978   1.30791069
   0.15718017  -9.51029678  -1.01642342  -1.83193317   4.01006939
  -3.90625021  -2.96565963   3.88551217   4.47167465   6.2548844
  -2.14568703   1.24188362  -4.93172833  -4.32195346  -3.92150049
  -1.21556351   3.36285103  -0.4425735   -2.15612327   7.28631452
   0.95870263  -3.54135811 -11.22956338   0.81421152   0.50901513
  -4.85783989   0.04232166   5.25184352   4.13165134  -1.41653033][ -8.30307107  -0.66049194 -10.11342221   8.85993179   4.25017818
   0.8806946   -3.91452082  -6.98249429  -2.68870149   2.47812436
  -1.84612193   2.84289749  -7.07353511  -1.72903503  -5.47418519
  -4.86844415   1.44940047  -1.83410559   2.33363816  -1.7443532
  -7.30133617  -1.19918656   0.33497301  -4.80576194   1.2055452
   2.35687567  -4.4116062    4.82093784  -4.94461363  -9.25583378
  -5.39814768   8.60901862   9.87053852  -0.87615555   2.12754033
   3.52284009  -5.64396388   2.21981231   1.94303613   3.67921988
   6.30123309  -4.17163121   4.63064631  -2.75148585  -1.77944018
   5.64522957   0.76402873  -3.8425151   -8.66428487   3.63113935
   0.68326982  -3.1136664    0.51885511  -0.55953501   1.42320682][ -7.81509227  -5.2498885   -3.90414931  -2.44226346   4.15551127
  10.27959156  -1.60323148   6.11285103  -0.34525624   3.74298461
  -0.7357932   11.05923037  -1.2895527    0.10606029  -3.6544197
   7.73238772  -3.15050982  -0.22461713  -0.18206329   0.03340764
  -1.88963681   4.95252532   3.49683787  -2.89735161  -1.26978897
   0.33176301  -1.9673002   -2.75475354  -3.36570504  -3.77679074
  -6.82224479   3.56106535   1.80934039   0.68378272  -2.46928438
   3.53063826   7.38792572  -1.26031591  10.21818703   0.50709868
   8.7454605    0.98805901   3.79524965  -0.71384284  -1.98753088
  -7.21507897   7.942184     6.06627431  -2.03769843  -1.3052034
   4.29545505   3.22107016   0.87488942   5.33528612  -6.06268569]
 pesos capa salida
[-0.23981093  1.11828289  0.12329031  0.38922644 -0.59325159  1.08786829
 -0.16332366 -0.35473492 -1.37944051 -1.63972178 -1.28409658 -0.64506478
  0.63705278 -0.17500208 -3.04601939 -0.30454853 -0.15166147 -0.91280602
 -0.15010048]
 biasCapaoculta
-5.404373766517544
 biasCapaoSalida
4.790650236286663
 mejor error
107.91485568868966
 Precision 
0.7132927888792354