
 fecha de inicio Fri, 17 Nov 2017 04:12:26 
 fecha de la generacion Fri, 17 Nov 2017 08:30:36 
 generacion: 2169
 pesos capa oculta 1
[ -2.05222410e+84   1.25733987e+84   1.86262074e+84   1.82448304e+84
   2.47734938e+84  -1.36271980e+83  -3.04700037e+84  -6.36635974e+83
  -4.41020894e+83   1.12975898e+85  -2.51069489e+84  -3.29681716e+83
   8.57779381e+83   6.79150473e+83  -1.93559816e+84   1.15881772e+83
  -3.79251560e+83  -1.20958642e+84  -1.97408813e+84   6.11640430e+84
  -1.02202390e+84  -2.40763036e+84   2.75366237e+84   2.31740971e+84
   2.18212629e+83   1.72964965e+84  -1.21859041e+84   4.47543955e+83
  -1.50620875e+82   2.70860315e+83   5.51641509e+83   1.06754381e+84
  -6.77126186e+82   8.87413428e+83   7.04144130e+83   2.75391026e+83
  -2.80229751e+84   2.24132207e+84  -3.43935412e+83   2.55389242e+84
  -1.45242865e+84   1.77220212e+83  -1.06095393e+84   3.09255930e+83
   7.35553515e+84  -5.25278000e+83   6.20812183e+84   1.18593558e+84
  -5.24669840e+84  -1.33877553e+84   2.30413647e+84  -5.67424920e+83
  -3.96091001e+84   3.87855611e+83   1.71942384e+84][  4.07577534e+83   4.41357061e+84  -2.35497465e+84  -1.15577703e+84
  -3.03797953e+83  -9.57367187e+83   3.21793593e+83   1.59418711e+83
  -8.57698452e+83  -1.12014471e+84   4.08599640e+83   3.73114348e+83
   1.37668776e+84   1.32043179e+84  -8.58360546e+83  -3.24051479e+84
  -2.33608032e+84   1.16276364e+84   6.13254585e+84   1.75328216e+84
   2.23493210e+84   1.72158410e+84  -1.65911992e+83   6.84123399e+81
  -4.41891502e+84   3.71015579e+82  -3.99842703e+84   2.03722229e+84
   2.49883700e+83  -2.00738401e+84   3.98252820e+84   4.72354853e+84
  -2.52520291e+83  -1.19806219e+84   6.08115464e+83  -2.33886539e+84
   1.25007242e+84   7.16848442e+82  -1.12243627e+84  -3.45495575e+83
   1.40020195e+84  -3.63919031e+84  -1.02763083e+84   1.74684644e+84
  -2.19132282e+83  -7.49352648e+82  -1.92888743e+84   4.34149453e+83
  -3.21285362e+84   4.47094358e+83  -2.49309927e+84  -4.24907837e+84
   6.32802491e+83  -7.22093260e+84  -1.57964977e+84][ -5.04646079e+84   1.10506190e+84   3.32576053e+84   2.10131488e+84
  -7.15558806e+82   8.98826301e+84   3.08698437e+84   1.08322259e+82
  -2.72311677e+84   2.01809520e+83   3.48294347e+84  -1.32396267e+84
   2.97302769e+83   8.72821011e+83   5.00151327e+84   5.27555667e+84
  -4.10924149e+83   2.63361389e+84   2.06418208e+83  -3.28116229e+84
  -2.29087806e+84  -6.25878948e+84   1.92187535e+83   3.09347396e+84
   2.82484131e+83  -3.16889729e+82   2.71687393e+84  -6.79957802e+83
  -3.95782312e+84   2.78114125e+84   1.32995111e+85   1.25959148e+84
   9.11328064e+84   3.51670329e+83  -3.22683326e+84  -1.95597165e+84
   9.88620177e+84   1.90717961e+84   4.70910349e+84   1.79199459e+84
   3.02711804e+84  -2.71131474e+84   2.99367024e+84   9.43637163e+83
  -5.02970258e+83  -1.38036311e+84   1.35076681e+84   1.37930315e+83
  -8.20423567e+83  -2.53063450e+84   3.15282433e+84   3.52258105e+84
  -4.57774991e+84  -2.21610181e+84  -7.64223177e+83][ -1.34674980e+84   5.23924423e+83   3.59867227e+84  -1.72805394e+84
   7.74228787e+84   8.34395060e+83   4.90375179e+83   7.14139377e+83
  -1.21805130e+84  -7.29581397e+82   9.64250521e+83   1.46480756e+84
   1.50706965e+84   8.95420549e+82   2.76072860e+84   5.81128168e+83
   2.17170293e+84  -6.10285190e+83  -9.36610151e+84   3.68064391e+84
  -2.47914326e+84  -1.41606738e+84  -3.12670919e+83   3.42846983e+84
   4.49658630e+84   2.00616735e+84   3.92724613e+84   5.08543279e+83
  -4.02987176e+84  -2.67508353e+82   3.23156272e+84  -9.96346555e+83
   5.71733707e+84  -8.22294935e+83  -1.76888371e+84   3.62660386e+83
   3.81756558e+83  -6.49734381e+83  -1.47421423e+84  -2.82171784e+83
  -3.01882762e+84  -1.96124815e+84  -2.28634276e+84   2.55011469e+83
  -2.69918058e+84   4.34407340e+84  -1.00963020e+84  -5.03179272e+83
   9.40727131e+84   1.66579407e+84  -2.03902694e+84   1.78520741e+84
  -4.60464280e+84   1.47889379e+84  -2.06414617e+84][  1.37324517e+84  -2.49144341e+84  -2.31404094e+84  -2.20075111e+84
   2.08502141e+84   4.35147595e+84   5.98315653e+83   1.30705126e+83
  -2.87396948e+84   1.61081716e+84  -2.78037294e+83  -4.71278736e+83
  -1.28184727e+84   2.06803044e+84   7.96368540e+84   3.95865236e+83
   1.16166994e+84   3.06114095e+84  -4.45597619e+83  -2.21086752e+84
   2.40972382e+84  -4.83769781e+84   3.78067470e+83   3.58906407e+83
   1.12522171e+84   2.86724136e+84   3.34112393e+84   5.86671041e+83
   2.37382472e+83   6.59759375e+83  -3.22709438e+84   3.49268235e+83
  -2.52169133e+83  -1.27420630e+84  -4.30784893e+84  -4.75742925e+83
   1.14662688e+84   1.06773011e+84   3.31666349e+84   1.03873309e+85
  -4.38828882e+84   9.68869847e+84  -1.03486682e+84   7.54645630e+83
   5.06997105e+84  -1.28379162e+84  -1.40910474e+84  -2.28592510e+83
   9.61160735e+83  -2.68988540e+84   3.96184466e+84   2.39836766e+84
   6.67095320e+84   6.32265279e+84  -5.43380190e+84][  2.30883274e+84  -6.03255915e+84  -1.17661281e+84   2.12567734e+84
   4.10583697e+84   1.83516524e+84   2.17428477e+84  -1.35883924e+84
  -2.28404234e+82  -1.62808556e+84   2.47889788e+84  -9.03031781e+83
  -1.76270861e+83   4.63798400e+83   9.41961870e+83  -2.38011664e+83
  -1.51769851e+84   3.62441323e+84   4.30856642e+84  -5.01990183e+83
   2.91404187e+83  -1.41752521e+84   2.83983505e+83   1.76360363e+84
  -5.50059021e+84  -1.01723626e+84   1.82830239e+83  -2.33618044e+84
   2.33833521e+84   5.09049084e+84   4.27983368e+84  -1.58326734e+84
   2.83512612e+84   2.23241019e+84   3.14228791e+83   3.77208123e+84
  -3.61795990e+84   2.67625323e+84  -1.01278348e+84  -1.73629700e+84
   3.78020748e+83  -3.96958517e+84  -1.66811031e+84   8.85043329e+83
  -4.66103933e+83   4.22879727e+84   9.74396246e+83  -7.58382713e+82
   6.73461522e+83  -5.24907018e+83   4.20181071e+84  -2.26382983e+83
   3.66766337e+83  -3.61809592e+84   5.10341297e+83][ -2.05734963e+83   5.25827601e+84  -8.21041448e+83  -5.01384179e+83
   2.60309974e+83   7.07669292e+84  -2.10851989e+84   2.22915191e+83
   3.69204293e+84  -2.12357404e+84  -9.10930800e+83   2.49356301e+83
  -7.15850571e+82   3.44288481e+84  -1.40105289e+84   6.90281446e+84
   1.18389274e+84   7.77668135e+83   2.31413541e+83   5.85248224e+84
  -7.66060429e+83  -1.12175328e+85   7.08950132e+83  -1.69758165e+84
  -1.70381040e+84   6.56117635e+82  -9.18504684e+83   5.96070311e+84
   1.13121377e+85  -2.66386532e+84   1.22368297e+84   1.04307226e+84
  -2.06226633e+84   1.36689440e+84  -1.36573310e+84   5.94098592e+84
  -7.72696766e+83  -1.83667792e+84  -5.86481794e+83  -2.72575665e+84
  -1.41278196e+84  -7.63247489e+83  -1.11985924e+84   4.49635316e+84
   1.81301654e+84   3.43278888e+83  -1.52566430e+84   1.09151076e+84
  -8.68254616e+83   9.40264411e+82  -8.47721533e+84   7.05684695e+83
  -1.91682671e+84  -1.31749487e+84  -3.12213995e+83][ -1.31475311e+84   8.38891557e+83  -2.89587703e+84  -2.64149354e+82
   2.54752950e+84  -9.97641210e+83  -7.99759125e+84  -6.27765031e+84
   2.49260371e+84   2.24457118e+84   2.77721294e+84   4.51304808e+83
   8.22226120e+82   3.43453189e+83  -2.88846696e+84  -1.05099507e+84
  -2.99537913e+83  -6.02708737e+83  -8.08190055e+83   5.49192322e+83
   5.84455520e+83  -3.12646207e+84   2.34591053e+83   3.33081282e+84
   5.47867041e+82   4.95632877e+83   3.28956857e+84   1.24102708e+84
  -4.26020046e+84  -5.02273610e+84   3.21891414e+83   1.54057267e+84
   1.14948942e+84  -1.70028136e+84   4.87627329e+83   3.74262736e+84
  -5.69757899e+83   6.97882329e+83   8.01567383e+84  -2.61050970e+83
  -3.55653247e+83  -9.51553009e+84  -2.46407931e+84  -7.46803539e+84
  -6.15991230e+84   2.04456745e+84   4.76505152e+84   2.36997726e+83
   4.80756788e+84  -2.31143698e+84  -2.34580057e+84  -8.21038839e+83
  -2.23035763e+83  -1.90999900e+84   1.95270042e+84][ -2.29693791e+84   8.45404413e+82   3.85745363e+84  -1.05838116e+83
  -7.33619286e+83   3.74256298e+84   4.96728408e+83   1.04057020e+84
  -8.20554357e+83   2.23301393e+84  -1.08960835e+84  -2.69887581e+84
  -1.53911028e+84   2.27843474e+84   5.23785058e+83  -2.41169468e+84
  -7.31046988e+83  -4.86895888e+84   1.06309952e+84  -5.34643928e+83
  -5.51914688e+84  -1.34369773e+84  -1.09772997e+85  -1.27671966e+84
   1.56268523e+84   1.32705470e+84   1.85679955e+84  -1.27662467e+84
   3.79441510e+84   3.35443573e+84  -4.48069203e+84   1.44599456e+84
  -7.13774642e+83  -5.98554919e+82   4.41317775e+83   2.74492721e+84
  -3.24825548e+84  -1.97803272e+84  -1.20958904e+84   3.99154183e+84
   5.78692094e+83  -1.48459545e+85  -7.94509932e+83   2.16358275e+83
  -1.13329749e+83   1.95894620e+84  -2.31153666e+84  -9.46995834e+83
  -4.56302011e+83   2.89864836e+84   1.74373069e+85   1.67055672e+84
  -2.71230563e+84  -2.41126740e+84  -5.31539586e+84][  1.52271006e+84   6.95215546e+83   1.55199931e+84   2.31418078e+82
   7.00179180e+84   3.50600168e+84   1.47345625e+85  -6.30619775e+82
   9.32028991e+83   8.81578769e+83   9.71936620e+83   1.86454698e+84
  -8.06330842e+84   2.54798100e+83  -4.57483814e+83   1.75328816e+84
   3.95304649e+83   3.81029917e+84   1.06313622e+85   2.40260503e+84
   1.59598074e+82  -1.04015841e+84  -1.60679834e+83   2.70622867e+84
  -3.46905995e+83   1.20268429e+84   1.66450389e+84  -8.08077823e+83
  -1.25930173e+84  -3.89321998e+84   4.60352651e+84  -6.80461483e+83
   3.97774796e+84   2.10649437e+84  -1.83429368e+84  -9.48809418e+83
  -7.52249723e+83  -2.83727776e+84   1.69250241e+84   8.16788015e+83
  -1.49258150e+84   9.63907833e+83   4.17412601e+83  -3.53376093e+82
   3.81249881e+84   5.40528747e+84  -5.34987535e+83   9.45289883e+83
  -1.77801499e+84   1.65297948e+83  -1.46732246e+83   3.69413576e+84
  -1.13023653e+84   4.72195853e+84  -3.59724447e+84][ -1.32649367e+84  -1.39044667e+85   1.10761710e+84   2.10875556e+83
   5.81943717e+84   7.82311994e+84   4.71704429e+84   2.66735470e+84
  -4.98338355e+84   3.23795807e+83   1.71403927e+83   4.45163031e+84
  -1.77758019e+84   8.66240413e+83  -1.59961729e+84   1.63738744e+84
   3.37725306e+84   1.19512115e+84   2.80596257e+84   1.71365058e+83
   5.89018452e+84   2.41307905e+84  -1.76290177e+84  -8.20578969e+83
  -3.89045179e+84  -1.27371878e+84   1.51578948e+83   1.81435516e+83
   1.01347890e+84   4.82544026e+84   3.53838233e+84  -1.12469567e+84
   5.04713686e+83   1.63634500e+83  -1.97169646e+84  -1.01464498e+84
  -1.44270198e+84   2.07718850e+84   6.38119330e+84   1.11433434e+84
  -1.87474427e+84   1.78342593e+84  -1.85452272e+84   5.68156313e+83
   1.15315337e+83   1.30635820e+84  -3.63319465e+83   2.87518309e+84
   3.39965562e+84  -4.34131512e+83   1.24090172e+84   3.78295915e+83
   1.32007887e+84  -2.27481338e+84   5.54337483e+84][  9.23570335e+81   1.44469373e+84  -1.66799261e+84   5.62599878e+83
   2.45320039e+84  -5.99876786e+84  -4.78236998e+84   5.42218643e+82
   2.78024036e+83  -4.71268368e+82  -8.04509786e+84  -3.00531089e+83
  -5.97224912e+83   5.90863494e+83  -7.20284004e+83   5.88758380e+83
   2.98883254e+84  -6.04507591e+83   3.02501857e+84   2.91435487e+84
   3.00845155e+84  -1.12576504e+84  -2.10079800e+83  -1.22825042e+83
  -2.54326658e+84  -5.04448435e+84  -7.15394299e+82   4.65379419e+84
   9.46192435e+83   1.04673806e+84  -1.09039156e+84   5.32514256e+84
  -3.69979241e+84  -2.83694529e+84  -2.98102765e+84   2.14402854e+84
   3.51282255e+84  -2.55510602e+84  -2.45145707e+83  -3.06869728e+84
   7.37023756e+81  -1.22037245e+84   1.13426101e+84   3.41350526e+84
   2.47386350e+83  -1.96729556e+84  -1.26285689e+84   4.77991547e+83
  -1.59673108e+84  -3.85103895e+83  -1.07793374e+84  -1.16744519e+84
   3.73114891e+83  -8.43077723e+84   1.56499175e+84][  2.25123937e+84  -2.28203136e+84   1.59577410e+84  -4.36381917e+82
   2.79709052e+84   3.96360017e+84   1.98483388e+84   2.43299701e+84
   4.73876949e+83  -3.66308901e+84  -7.08950006e+82  -1.21750820e+84
  -3.73134829e+84   3.13191047e+84   5.14195817e+83  -7.16250154e+83
  -1.06529151e+84  -2.16990438e+84   1.42482503e+84  -6.05143651e+84
   1.30553752e+84  -8.35466199e+83   1.34387141e+83  -5.61816559e+84
  -3.25281374e+84  -4.41164852e+83   8.21189328e+83  -6.24188073e+84
  -2.55627610e+84  -6.05443030e+83  -6.78398982e+83   4.66990498e+83
  -6.11342754e+84  -1.66509681e+84   9.90851929e+83  -8.78077406e+83
  -4.73071349e+83   1.24735832e+83   8.58532966e+83  -1.89094039e+84
  -2.10006282e+84  -4.95094281e+84   4.28041859e+84  -1.47043885e+84
  -5.69030953e+84  -1.38860752e+84  -1.08829325e+84   3.20453117e+83
  -1.50534479e+84  -4.71434262e+84   2.55616104e+83  -3.27887767e+84
  -4.85661932e+82  -4.57755734e+83  -8.52285437e+83][ -1.06919439e+84  -5.12941703e+83   1.17831245e+84   1.69431117e+84
  -1.46325163e+83  -2.55590219e+84  -2.37076187e+84   5.36315952e+84
  -5.01063943e+83  -2.55302193e+83  -2.46273140e+84   2.56527091e+84
  -3.96078152e+83   7.93249400e+84  -6.49344616e+83  -1.57293949e+84
   2.36019510e+84  -8.00686189e+83  -9.42294313e+83  -3.09699520e+83
   1.63148460e+84  -1.11103346e+85   1.54084567e+84   4.44119017e+83
   1.54666114e+83  -6.30349494e+83  -1.16084868e+84  -1.78073768e+84
  -1.65940974e+84  -4.68613581e+83   5.72172380e+84   3.24437893e+84
   3.78968392e+83  -1.74423877e+84   5.33406030e+83   1.63845211e+84
   1.89252288e+84  -8.70105787e+83   2.51518631e+83   2.51555038e+82
  -1.12080747e+84   2.54755013e+84   2.30540069e+84   1.74285230e+84
  -1.76671633e+84   1.53445310e+84  -1.14999092e+84  -1.35403132e+84
   9.28936594e+84   2.11881812e+84  -1.20013586e+84   1.07929871e+84
  -1.14294684e+83   1.99274782e+84   1.37388270e+84][  1.47867229e+84  -1.38205789e+83   1.50463577e+84  -3.35227139e+84
   1.51517666e+84  -6.84364713e+83  -1.48687975e+84   4.73229182e+84
   7.26602564e+84   5.46272879e+83  -5.31729216e+83   6.39938938e+83
  -9.47352975e+83  -4.04387699e+84   2.81989061e+84   1.58447629e+84
   2.51356230e+84  -1.65145651e+83   5.16333847e+84  -1.58276687e+83
  -3.14877400e+83   4.22196970e+83  -2.73351137e+84   2.78258635e+84
  -4.88724985e+84   1.13672199e+85   4.69559657e+83   3.84567114e+83
   2.13921793e+84   1.80661539e+84   2.03942568e+84   2.41373389e+84
   6.87405776e+83  -1.31401034e+84   1.23848525e+84  -1.08550279e+85
  -3.08752193e+83  -8.63998923e+83   3.88606962e+83   3.26369744e+83
  -7.45409819e+83   2.75856222e+84  -3.22697282e+84  -1.80986415e+84
   6.65178387e+82  -3.46956576e+84   9.68326877e+83   2.46027780e+84
  -1.41297549e+84   2.10449766e+84  -7.53948612e+83   3.66735760e+84
  -1.00709005e+85   2.24505864e+84  -1.41587023e+84][  2.22464897e+84   4.36800819e+84   2.39870525e+83   7.11844049e+83
  -1.13864929e+84  -1.85739914e+83  -2.64897882e+84  -2.03946025e+83
   5.75076187e+83  -9.57045999e+83  -8.27584813e+83  -1.15887976e+84
  -6.17869034e+83  -1.15863955e+84   2.33035391e+84   2.84616707e+84
   1.89991097e+84  -3.24349984e+84   3.20459009e+83  -1.48878614e+84
  -1.28396160e+84  -1.76903488e+85   3.58991803e+84  -2.72316641e+84
   1.29154063e+84   6.42590486e+83   2.67816156e+84   1.64737951e+83
   1.94624558e+84  -4.51397381e+84  -1.56144013e+84   2.12576331e+84
  -1.48124916e+84   1.54024578e+84   2.34697413e+84  -3.01944303e+84
  -3.34852083e+84   1.67669088e+84  -3.79731372e+83   4.70392834e+84
   1.51985019e+83   6.75723149e+83   4.79349705e+83   5.63161519e+84
  -2.26405162e+84  -1.78663907e+84   2.28800439e+84   1.81498006e+84
   1.66733194e+84  -4.89831113e+84   4.86456026e+83   3.23120370e+84
   1.75495861e+84   1.39551838e+84   7.61468193e+83][ -3.01571103e+84  -4.76681002e+82  -4.79566857e+84   6.54384656e+83
   8.01511992e+84  -1.59114232e+84   1.20234287e+84  -2.63860213e+84
  -4.16924420e+84  -7.07774741e+82  -1.60163911e+84  -3.78098952e+84
   3.62935373e+83  -1.91578994e+84   1.64637524e+84   1.20301086e+84
  -1.46755078e+84   8.62369957e+83  -2.39095842e+84  -1.97372191e+84
   4.83980864e+83  -6.55825135e+84  -5.54066533e+84  -1.16549858e+84
   1.38260713e+84  -9.18400008e+83   8.48261887e+83   1.30217119e+84
   7.22591540e+83  -1.37897410e+84  -5.78837234e+84   8.33060386e+83
  -1.10550588e+84   1.73201083e+84  -1.03087860e+84   1.07666631e+84
  -1.14419812e+84  -4.91668098e+84  -2.12605392e+84  -6.57858564e+81
  -2.55613378e+84   4.08606536e+84  -1.52740434e+85   2.55378838e+84
   6.88488078e+84   4.86068477e+82   2.06263289e+83   2.77329212e+84
  -6.11277196e+83  -2.86891467e+84  -8.83722804e+82  -3.95323995e+84
  -1.52773311e+85  -3.27461996e+84  -3.68164415e+84][  1.93792714e+84  -9.17437834e+83   1.63262343e+84   3.40563424e+84
  -2.34659513e+84   1.76853259e+83  -1.94921229e+84   1.10360589e+84
   9.97462513e+83   2.32325733e+84  -8.01885563e+82   1.05202421e+83
   1.44282006e+84   4.29253960e+84  -2.44389637e+84  -1.10550956e+84
  -8.06726754e+83  -5.94176323e+84  -1.55444028e+84  -1.31384655e+84
  -1.71478045e+84   5.05864829e+83  -3.21875989e+84   2.24975415e+84
   1.50381138e+84   1.14317905e+84  -3.77857874e+83  -3.18812788e+84
   1.56745395e+82  -6.45021881e+83   8.22580819e+84   5.29262937e+82
   3.08910869e+84  -3.01398377e+84  -2.57694298e+84   2.32560939e+84
   4.48319177e+84   7.63220324e+83   3.40688976e+84   2.29071708e+84
  -5.33224205e+84   6.87986717e+82   2.42163203e+83  -3.66075867e+83
  -1.39784649e+84   2.40511644e+84   2.24768814e+84  -1.68119338e+84
  -2.78732207e+83   6.75752136e+84   4.52325330e+84  -6.94783103e+83
  -7.39422398e+83  -7.06844089e+83  -7.07172514e+83][ -9.97449294e+83  -2.58993067e+84  -1.87182852e+84  -9.99313046e+83
   3.91577525e+84   2.34603527e+84  -1.91920845e+83  -6.67527660e+83
   1.97765627e+84   2.87581543e+84  -7.11723043e+83   2.67800353e+84
   1.68453287e+83   7.57561522e+83   4.77364921e+84   8.28749695e+83
   8.05675286e+83   6.30131936e+83  -8.72564819e+83  -4.54933096e+83
  -1.47051684e+84  -4.40584327e+84  -2.17996623e+84  -1.04942448e+84
  -7.94356887e+84   1.88796869e+84   3.62617060e+84  -7.44343876e+83
   1.96278805e+84  -5.05384739e+84  -1.68650724e+84  -2.13259719e+84
   2.20461978e+83   8.49688886e+82  -1.33665036e+84  -1.13180014e+84
  -5.31873448e+83   3.79159286e+84   1.72149581e+84   2.60376796e+84
  -3.66848905e+82  -4.32374347e+84  -1.92141649e+84  -1.41859748e+84
   3.73012442e+83   2.66816515e+84   6.73181421e+82   5.73983283e+83
   6.14459157e+83  -5.06662349e+82   2.12801991e+84  -7.62598464e+83
   2.04976268e+84   1.58290454e+84  -4.25742734e+83]
 pesos capa salida
[  1.13387779e+85  -7.54008020e+84   3.83494160e+85   2.58045807e+85
   8.24077811e+84   1.50315028e+85  -5.91365258e+84  -4.95030770e+84
   1.94454500e+85   3.45649514e+84   3.35078936e+85  -1.00127008e+85
  -1.60355719e+85   1.49423939e+85   1.33244233e+85  -1.24180510e+85
  -7.20334891e+83   2.61622564e+85   1.30349620e+85]
 biasCapaoculta
1.3739263971833926e+84
 biasCapaoSalida
2.478156016274647e+84
 mejor error
138.49999986399985
 Precision 
0.7593397046046916