
 fecha de inicio Thu, 16 Nov 2017 05:06:10 
 fecha de la generacion Thu, 16 Nov 2017 10:02:45 
 generacion: 5318
 pesos capa oculta 1
[ -4.49995932e+207  -3.56245604e+207   3.30657090e+207  -8.65870960e+207
  -5.54917680e+207   2.98433401e+208  -3.29734783e+208   9.20283282e+206
   6.04398986e+207  -1.08783453e+208   1.07069684e+209   2.77414796e+207
  -1.00134263e+207  -4.51278816e+208  -1.07109584e+207  -1.29169554e+208
   3.47160219e+208   2.01438733e+207   1.13478612e+208   2.14762030e+207
   3.94771520e+207  -5.40061287e+207   2.18297591e+208  -4.46327375e+208
  -4.24883538e+207   2.25660697e+208  -2.02015726e+207   7.33914208e+208
   2.86494290e+208   3.86624713e+206   1.79269415e+207   8.21749452e+206
   2.15941917e+207  -1.26236913e+209   1.81297872e+208   1.11367145e+209
  -5.95914521e+206  -9.72833723e+207  -1.07846979e+208  -9.44069998e+207
   1.63876627e+208  -8.64934664e+208  -2.75202822e+207  -1.29628642e+208
   9.01522835e+206  -1.96087107e+209  -2.93752523e+208  -1.10156358e+208
   4.26098751e+207  -6.50490882e+207  -3.37399261e+208   3.18019303e+209
  -3.01891616e+207   2.69370322e+207  -6.85786864e+207][ -3.34349681e+207   2.05481642e+208   1.99903637e+206   7.62623832e+208
   2.68788622e+207   1.22121150e+209   2.01513537e+208  -2.84189375e+207
   1.36995836e+208  -8.74070466e+207  -1.93803530e+208   2.04809877e+208
   7.00604578e+207  -1.88752231e+209   1.38837595e+208   2.42078977e+206
   4.48959271e+208  -1.85701398e+208  -3.38757831e+208  -1.08735322e+208
  -4.88049043e+208   3.39878923e+207   9.86751073e+208  -1.06069181e+207
  -6.17168832e+208   8.59883727e+208   3.12842542e+209  -4.80677721e+207
  -2.48077666e+208   5.43187115e+209  -1.11340875e+209   1.26305677e+209
  -2.02732637e+208   6.99045072e+208  -4.32628909e+207  -3.75122020e+208
  -9.11272814e+208   5.78720309e+209  -2.02480717e+207  -4.58790178e+208
  -1.16711450e+207   8.34452928e+207   6.38612640e+208   3.36111725e+208
   1.33075930e+208   3.11596590e+207  -2.27504204e+208   9.93983221e+208
   3.89348111e+207  -2.91267887e+208   1.36471283e+208  -2.27100840e+209
   5.17171928e+207  -2.32415664e+209   3.53544098e+207][  1.10538593e+208  -8.39125788e+208   1.87166724e+209  -1.02023033e+209
   4.69058202e+206  -1.35457788e+209   8.46843188e+206  -1.42924120e+208
  -6.46631957e+207   9.27837726e+207  -1.17529799e+207   5.22494240e+207
  -1.10076101e+208   9.77904309e+207   6.70088488e+207   9.82313362e+207
   1.18875463e+207   7.79229223e+208   5.57213942e+207   1.18964227e+209
   5.87505298e+205   2.20688660e+207  -1.43632387e+208   1.88723113e+208
   3.38186073e+208   2.46753373e+208   1.70245006e+209  -4.75491584e+206
  -6.80573398e+207  -1.86371037e+207  -2.08555269e+207  -9.23654853e+207
  -2.56957122e+208  -5.60533743e+207   3.51584206e+208  -1.53293270e+207
  -3.16472349e+208   4.97592768e+207   2.77239988e+208   1.30166590e+208
  -1.25244295e+208   2.02860064e+207   2.22133232e+208   6.25465115e+207
  -3.56238078e+207   1.53962900e+207   2.49297048e+207  -1.18143324e+208
  -1.13558335e+208   4.89829587e+208  -1.17190407e+208   2.65013247e+207
  -1.54471853e+208   2.10233113e+206  -6.89229564e+208][ -9.68897098e+207   3.43645578e+208   1.44538589e+208  -4.09521481e+208
   6.26706889e+208   6.92083468e+207   1.27861845e+208   3.29808501e+209
  -2.03937082e+208  -2.27967202e+208  -1.22834957e+208   7.48516706e+207
  -1.04327669e+209  -2.01943181e+208   4.28223385e+206   5.00402162e+208
   1.67752423e+207  -2.63019176e+208   3.68938348e+208  -1.26305175e+207
  -5.97295309e+207   8.27216831e+207   2.46046477e+209   8.32342841e+208
  -8.59798438e+208   1.10839647e+208  -4.47180403e+208   7.62596258e+207
  -6.34426207e+207   1.76458639e+209   1.33851731e+209   1.68461743e+208
  -2.97005268e+208  -1.63778642e+208  -3.89012463e+207   9.73968767e+209
   1.82838855e+208   4.50170076e+207  -4.36177453e+208  -2.35159204e+209
   6.62666161e+208  -1.88190527e+209   6.34245532e+207   3.47282140e+208
  -6.75251890e+208  -1.20759244e+209   1.55091552e+207  -6.94126964e+208
   2.36839885e+208   2.70217339e+208   9.27703443e+208  -3.54695520e+207
  -7.37984834e+207   2.37643068e+208   1.66326822e+208][  3.70432138e+209   1.10139756e+207   8.32348662e+207  -2.22883405e+208
   3.87667864e+206  -2.53653193e+208   4.10066685e+208  -4.46971813e+208
  -6.52946559e+207   7.94871038e+206   5.05640148e+208  -1.54025739e+208
  -9.74185699e+208  -2.22119509e+207   6.36031402e+208   6.98281326e+208
  -1.65373095e+208   3.19163180e+206   2.07446777e+208  -1.14074270e+207
   7.98054521e+208  -4.03994955e+207  -2.18853172e+208   7.05140636e+206
  -5.16060454e+208  -6.89842341e+207   1.75537151e+209  -3.96365423e+207
   1.67037496e+208  -1.40274067e+208   9.49910990e+207   8.83565013e+208
   1.35187332e+209   4.82556973e+208  -2.28636648e+208   1.04267964e+208
  -2.12267699e+208   1.55414708e+207   1.13381034e+208   2.08927934e+209
  -7.53878096e+207   1.13609288e+208   1.68404361e+207   2.72487193e+208
   6.67451910e+206   7.98957708e+208   5.51542481e+207  -1.58098419e+208
   6.33824563e+207  -3.33660880e+207   2.22550027e+208  -4.50572500e+208
   1.04188305e+208  -1.21192487e+208  -1.18250940e+207][ -7.13785631e+206   1.30276718e+208  -4.04607419e+207  -1.77191238e+207
   1.61419728e+208   4.71302710e+207  -4.38950723e+206   2.79570416e+208
   1.67285580e+207   6.89789105e+208   1.23606552e+208   3.84619574e+208
  -3.71841394e+208  -1.11362844e+208  -8.45663530e+207   5.73586632e+206
   5.70007432e+208  -1.34905560e+207   3.41336112e+208   3.89923454e+208
   5.63057937e+206   1.33969694e+209  -1.63221819e+207  -5.50903860e+207
  -1.00568905e+206   1.03118322e+207   6.12909807e+208  -6.48973454e+208
   1.01214439e+208   1.99251969e+208   1.47605441e+208   2.37711771e+206
   7.95281227e+207  -1.02402766e+208   9.93266062e+208   8.76423571e+208
  -2.37106304e+208   4.68667518e+208  -2.63786108e+209   2.20240918e+207
   3.36587830e+207  -3.11620114e+208   2.88985943e+208  -7.90696535e+207
   1.01727105e+208  -1.69966621e+208   3.40730023e+206   3.52028406e+207
  -5.36640468e+208  -1.35723749e+208  -2.09043470e+207  -7.68387977e+208
  -2.70890556e+206  -3.60784542e+208  -1.08736001e+208][ -2.71105673e+209  -2.20953346e+208   4.55402898e+207   6.26572651e+207
  -2.83076495e+207   1.65861446e+209   2.92953020e+209  -5.00782744e+208
  -1.31927837e+208   2.12284324e+208   5.67183526e+207   4.33262134e+208
   2.63849688e+207  -3.38201335e+209   7.53526360e+208  -2.69744750e+208
  -2.28526747e+207   9.74831814e+206   4.59286076e+208  -2.76061514e+208
   7.77502760e+207   3.28982899e+207   5.89202614e+208  -2.68509264e+206
  -3.32308435e+207   1.45371324e+208  -1.19785091e+208   5.04581688e+207
  -3.42683186e+207  -2.46187385e+207  -1.57074155e+207  -1.73099250e+207
   2.98879157e+208  -5.69035274e+207   5.52614495e+208  -1.33487658e+208
  -8.72661882e+207  -2.60002983e+208   4.31595325e+206  -1.01056451e+208
   4.64054986e+208  -6.69500001e+207  -5.18395074e+207   2.35938187e+208
  -8.14653863e+207  -3.52567926e+207   4.85324952e+208  -5.12060307e+207
   2.17898255e+207   1.70297918e+208   2.96701041e+206   1.80874631e+208
   1.16380340e+207  -3.75657559e+208  -6.26672890e+208][ -8.16045456e+207   1.98751616e+207  -1.65125439e+209   3.26834165e+208
  -1.52457084e+208   4.07702016e+207   1.98242160e+208  -4.53432010e+207
   1.90885026e+207   1.63832233e+209   3.19052791e+207  -1.55615626e+207
  -4.12101837e+207  -5.23175347e+208   3.02224634e+208  -3.25338659e+208
   1.03686393e+209   1.67682448e+208  -2.22938657e+207   1.69988473e+208
   6.61971263e+208  -1.56015568e+209   5.43899749e+206   7.49175283e+208
   2.29424787e+208  -1.48308015e+208   1.94155952e+208  -9.23424331e+208
  -2.04937974e+208   4.50828341e+207  -8.86272752e+208  -8.92180749e+207
  -1.22771958e+207  -1.09057077e+208  -7.70543810e+208   2.84676757e+207
  -3.26852623e+208  -3.18563278e+205  -1.57571771e+208   1.54276663e+207
   8.92303621e+208  -6.33712339e+206  -2.61335121e+206  -3.67377599e+209
   6.65725128e+207   3.50558786e+208  -1.17850940e+206  -2.56328738e+208
  -2.46600342e+206  -9.99557245e+207  -1.54703461e+206   1.79213935e+208
   2.13180263e+208   1.95045067e+208   3.98917416e+208][ -1.36430155e+208   3.81793313e+209  -1.32967395e+209  -1.02599184e+209
  -2.36971168e+208   5.84725668e+205  -3.33861539e+208   5.17725104e+208
  -4.71108947e+207  -2.83855337e+208   3.20781960e+206  -3.08259805e+207
  -4.92524985e+208   1.80002861e+208   6.30321516e+207  -1.76414053e+208
   4.42115562e+208  -1.04900303e+208  -8.01538563e+207   5.79948368e+206
   1.09306408e+208   2.44867882e+208   2.35552060e+208  -5.38692544e+206
  -5.47757188e+207  -2.34516146e+208  -1.13705297e+208  -1.34343798e+208
  -6.76526301e+208   6.23685947e+207  -4.48685183e+208  -6.28314637e+207
  -1.29061134e+208   3.12314648e+208   5.01215243e+207   7.93387542e+207
  -9.65107168e+206   6.25248554e+208   9.19493173e+208  -4.76807932e+208
   2.17009783e+208  -3.28361141e+207   5.80206183e+207   4.02105835e+206
  -1.51446590e+208  -1.15984386e+207  -4.29215204e+208   1.11629469e+208
   4.68750183e+208  -1.25494096e+208  -3.90865504e+207  -9.65469657e+208
   2.63823544e+208  -7.75374319e+208  -1.69830970e+207][ -8.53980889e+207   4.79034750e+208   2.47460088e+208  -2.41341503e+208
  -1.48895867e+206   1.84113109e+207  -3.50529950e+208   4.52041664e+206
   6.79484858e+207   2.30981463e+208  -4.25979980e+208  -9.36612625e+207
   2.84178317e+208  -2.62528167e+209   1.45593345e+207  -1.29932466e+208
   6.16727796e+207   1.53066605e+208  -2.46937697e+208  -8.72354429e+208
  -4.19009663e+208   4.83672652e+207   5.04670391e+207   7.81613185e+207
   1.93477722e+208   2.18808552e+207  -3.12541964e+208   3.98216778e+208
  -2.31697701e+208  -2.93485726e+207  -6.93556816e+208  -6.50473027e+206
  -7.71714064e+207  -3.69975143e+208   2.18019152e+208  -2.30346770e+208
  -5.03280290e+208   1.51174135e+209  -2.06112971e+209   5.64555952e+208
  -9.24187564e+208   5.58131057e+208  -1.01082963e+206   3.01159680e+208
   1.05781414e+207   8.20868834e+207  -3.88910171e+207  -1.14730162e+209
   2.42485439e+206   2.80427977e+206   1.42991841e+209   7.26097728e+208
  -6.73850089e+208  -6.78058176e+208  -4.46232249e+207][ -2.30063702e+207   1.04371672e+208   1.91400517e+208   1.52767820e+208
   1.11901795e+207  -6.61421498e+206  -1.68075656e+208   3.78073036e+208
   2.43722397e+209   4.64455634e+207   1.36056430e+208   1.05994260e+208
   9.57412112e+207   2.41901899e+208  -6.74695638e+208  -5.09661447e+207
  -2.68979265e+208  -5.88564685e+207   7.12258854e+207  -8.18086336e+207
   1.30692126e+208  -9.91102220e+206  -4.04236527e+208  -1.68690670e+208
   1.46045897e+208  -1.38488545e+208   4.35972244e+208  -4.08021369e+208
  -1.38883723e+208  -9.16584142e+208   1.18232057e+208   3.91455486e+206
   1.10264807e+209  -4.33037270e+208   6.98927491e+206   1.49820385e+208
  -1.39370171e+209  -1.20802858e+207  -2.51546951e+207   8.48462286e+207
  -8.31765428e+208   5.90874826e+208   4.81710484e+208   2.24676320e+208
  -6.83363419e+207  -2.13205944e+208  -7.18241109e+208  -2.55999652e+207
  -3.36233911e+208   4.23616800e+207  -1.69852945e+208   3.49661570e+208
   1.21415083e+207  -1.45998646e+209   3.72808415e+208][  5.56912503e+208  -1.69234992e+208   2.56475055e+206   2.68896016e+209
   9.80902112e+207  -5.47523211e+207  -2.44699204e+208   3.49230079e+208
   9.21315367e+208   7.02482835e+208  -1.87352519e+207  -1.08331233e+209
  -1.36505248e+208   2.47714337e+209  -1.46976290e+207   2.03824215e+208
   1.28928341e+208   1.02113811e+209   4.89044657e+207   1.84456625e+208
   2.72303671e+206  -1.12173899e+207  -2.26029747e+206  -2.34507806e+208
   1.69871096e+208  -8.28987762e+207   1.38197537e+207   7.00081739e+208
   1.62582150e+208   5.99102045e+208   2.39987877e+209   2.29003002e+207
   2.36482711e+208  -1.85001197e+207  -3.26991770e+207  -1.81550176e+208
   9.78324051e+208  -8.02774968e+206  -7.02127585e+208   6.52048998e+207
  -1.06584616e+208  -5.74556292e+208   1.19206715e+208   3.16790511e+208
  -1.94213897e+206  -1.29331871e+206  -2.61759968e+209  -2.33468794e+208
  -1.78970103e+207   1.70934703e+208  -1.12025679e+207   9.30019145e+208
   8.31399136e+208  -1.68736960e+208  -3.60234576e+207][  6.31257258e+206  -1.05511498e+209   2.83652828e+208   1.35858493e+209
   1.39213714e+208  -6.69673739e+207  -3.53121839e+208   1.20299761e+209
  -7.08076781e+207   1.11897014e+207   4.58692429e+208  -2.57289169e+208
  -1.69309370e+208   3.80185944e+208   2.55264996e+208  -3.93685180e+207
  -7.01051189e+207   7.38670367e+208   1.56120396e+208   1.66549572e+207
   8.08956271e+207  -7.29734949e+207  -9.41991628e+208  -6.04551332e+208
  -1.09222846e+208  -1.35888287e+208  -9.14128992e+207   5.01096291e+208
   2.12778211e+206   9.14432221e+208   1.36978091e+208   6.22059016e+207
  -5.82119668e+207   6.62295772e+207  -6.33389022e+207  -1.31356974e+207
   2.84913640e+208  -1.53708956e+209  -9.77369974e+208   9.84946041e+208
   2.02195469e+207   8.08494141e+207  -2.11250143e+207   8.66031048e+205
   1.62294260e+208   1.28104164e+207   5.70709547e+209  -6.17747744e+208
  -4.43461406e+208   1.72013818e+208  -2.98117546e+207   1.08423001e+209
  -1.38008659e+208   2.15563022e+208  -1.59876229e+208][ -7.17044217e+208  -3.54182584e+208  -1.53846892e+207   6.80748893e+206
  -3.54374677e+208   5.84697246e+207   2.48308898e+209   1.58312213e+208
  -1.18308395e+207  -1.17523398e+209  -1.11505002e+209  -1.23913648e+206
  -3.78805096e+208  -2.96648810e+209  -8.40778686e+208   6.17811395e+206
  -1.26369987e+208   1.27343667e+208  -3.04089154e+208   1.60243823e+208
  -8.48404771e+208   7.72850057e+207   1.12045800e+206  -2.86242349e+209
  -3.85362906e+206   3.66818374e+208   5.80795892e+208   6.53456556e+208
  -2.23104079e+206   1.21116955e+208   1.73724980e+207   8.31510357e+208
   3.35277661e+207  -1.46075382e+208   5.04576671e+207   7.19718533e+208
  -4.68523158e+208   1.42195931e+208  -2.00578819e+206  -1.57360225e+208
   1.94837205e+207  -1.59827380e+207  -4.13753049e+207   2.40725305e+206
  -4.92192235e+208   6.02530256e+207  -1.13940332e+208  -1.08588773e+208
   2.12263962e+206  -2.67638853e+208  -1.48793798e+209  -8.86552152e+208
  -4.16269479e+207   4.03042695e+208   4.23872167e+207][ -3.84142702e+207  -1.15369114e+208  -2.47513232e+208  -1.36802792e+207
  -6.42751161e+207  -2.17194402e+208  -3.51928067e+209  -1.74535094e+208
   3.09473265e+208  -4.83158438e+208  -5.59193896e+208   1.82199069e+208
  -8.86034650e+206   1.62131884e+207   1.47439623e+208   9.03387927e+207
  -1.18534649e+209   2.18420553e+207  -9.38203032e+206  -2.25413110e+207
   3.32960114e+209  -3.70329082e+208  -5.19403403e+208  -6.36011977e+208
   5.33103575e+207  -3.38990703e+208   4.25952551e+207  -3.83867769e+208
   2.66788456e+208   4.91630406e+207   3.99671374e+207   7.95522018e+206
  -6.35216487e+207   3.27776258e+207  -4.27204712e+208   6.06460211e+207
  -3.15102236e+208   2.58208648e+208  -4.67984325e+207   2.08838168e+207
  -4.49893842e+207  -2.12226579e+207   8.28964869e+207   7.72374672e+208
   2.45308813e+207   2.54468647e+208   1.76164502e+208   5.14156960e+207
  -2.65090510e+207   1.09309519e+208  -1.16955866e+208  -4.32134205e+207
  -2.52637867e+207   1.02998633e+209  -5.87185579e+208][  1.33033202e+207   4.92660714e+207   7.05611141e+208   5.14411769e+208
   1.78004934e+208  -3.78402020e+207  -2.90366778e+208  -4.53273368e+207
   3.34644920e+207   1.55580338e+208  -5.79869341e+208  -4.82113630e+208
   5.43213497e+206   1.41398368e+208  -4.40836529e+208  -3.22859030e+208
   2.88002405e+209   2.32258200e+207  -4.88588914e+208  -3.67170666e+207
  -1.49254597e+208  -1.16461312e+208  -4.60267849e+208   1.36823019e+208
  -8.04031937e+206   1.11907325e+207  -9.65194676e+208  -1.29632817e+208
   4.76565151e+207  -4.82204027e+208   5.54374668e+208   3.72020952e+208
  -9.03572996e+208   9.23256511e+208  -1.39813650e+208   1.13659684e+209
  -1.23961555e+208  -2.20068719e+207   2.05410141e+208   6.05530202e+208
   4.35709164e+207  -6.97001556e+208   7.84904415e+207  -7.04841268e+207
   5.31304036e+206   6.51825605e+207   1.65060252e+208  -1.81237754e+208
   9.78062125e+207   6.36409907e+208  -2.80726745e+207  -1.33709674e+209
   1.69105311e+207   6.26268043e+207  -2.63395281e+207][  3.92132222e+209   1.53686173e+208  -7.64191578e+207  -1.38963965e+209
   4.20857635e+206   5.16727372e+208  -6.08901512e+208   1.06960247e+209
  -6.65459218e+208  -1.33770824e+207  -6.14770993e+206   2.33227972e+208
   1.65121896e+208   2.38694850e+207  -1.00468294e+208   5.88970920e+208
  -4.41614699e+206  -3.42598468e+207  -5.04870414e+207  -5.06827988e+208
  -2.71675490e+208  -3.64390200e+208  -2.43152478e+208  -7.28326090e+208
  -1.71962610e+209   1.27835304e+209  -2.16589767e+207  -1.99865110e+207
  -1.73503652e+208   1.93489510e+209   1.29437704e+208  -3.47664501e+207
  -6.73925171e+207  -1.18563290e+208  -1.25536213e+209  -5.24689937e+208
   1.90136712e+209  -2.48513284e+206  -6.95157127e+207   4.96750557e+208
   2.15348392e+208  -4.68824893e+208  -2.63063236e+207   4.35677719e+206
  -6.01763423e+207  -8.76085593e+207   8.77273820e+206   9.00171422e+208
   3.51295293e+208   2.88040368e+208   3.09658159e+209   1.33056734e+208
  -1.59208832e+208   1.82219145e+208   3.95758791e+207][ -2.36568851e+208  -1.35052388e+208   5.14879215e+208   8.64150791e+208
   3.36847124e+208  -1.74186198e+208   8.83510594e+207  -7.52624321e+207
   4.92486676e+208  -8.99728425e+207   8.64229283e+207   8.15102135e+208
   9.46971237e+207   3.16146849e+208   1.47572304e+209   1.25410543e+209
   3.08680255e+207   3.59703082e+209   1.19026272e+208  -1.51023344e+208
   3.39382449e+207   6.56618981e+207   1.63481437e+207  -4.53813862e+208
   2.10562756e+207  -1.35047877e+209   1.62911141e+207   4.46252717e+208
  -6.45352929e+207   1.44080738e+208   3.29178563e+208  -3.71286523e+205
  -4.38722252e+207   7.42874328e+206  -2.09702533e+208  -3.01742450e+208
  -2.09962059e+209   1.58582056e+208  -3.26945425e+209   1.60662781e+209
   3.21670777e+209   4.97038561e+208  -6.39337833e+207   7.05511930e+207
  -4.98036704e+208   5.33745162e+208  -1.20659790e+208   7.09282011e+207
   6.48016705e+207   7.74192376e+207  -4.10959407e+208  -2.85275922e+208
  -7.48330483e+207   6.10902118e+207   6.22911601e+208][ -5.68006248e+208  -6.84179227e+207   7.08808854e+207  -2.77676855e+206
   9.51409429e+207  -1.21324130e+207  -4.76805225e+208  -2.48868549e+207
   3.18949056e+208   6.99423374e+208  -1.13753005e+207   2.17742474e+207
   5.31875075e+208   1.02917551e+208   1.65638466e+209   5.18727010e+208
   3.07018668e+209  -3.10953959e+207  -1.38748989e+208   7.79788660e+208
   9.45833485e+207   4.40771481e+209   4.28722392e+207  -1.61513777e+207
  -2.13602359e+206   5.92920025e+207   1.13024931e+207   3.03834626e+209
   5.29452060e+208   4.23115057e+208   1.67921945e+207  -4.40232470e+208
   4.46854085e+207  -5.17373202e+207  -2.24375882e+209   1.11270835e+208
   1.86933212e+208   2.66621979e+208   1.19110846e+207   1.58187654e+208
  -5.31350041e+205  -1.22062351e+208   8.72726858e+208  -7.66104550e+207
  -3.79902257e+208   1.03028138e+208   1.75797075e+208   1.07471005e+208
  -1.68165823e+207  -1.02139141e+208   1.04270261e+208   5.11958799e+207
   5.56221699e+208   6.93190464e+208   4.75815222e+206]
 pesos capa salida
[  6.18866649e+208  -1.34685432e+207   2.73362736e+209  -2.14031024e+208
   7.22666978e+208  -3.27931291e+208   2.08545626e+210   4.14162488e+208
  -1.85015803e+208  -2.46449035e+208   7.58297703e+208   4.22381905e+208
   1.24915895e+209  -3.02954034e+209  -3.47026530e+209   1.25644732e+208
   3.38083248e+209   8.73057966e+208   2.43928749e+208]
 biasCapaoculta
-1.856311970558248e+208
 biasCapaoSalida
1.5932093419465943e+208
 mejor error
152.99999982699995
 Precision 
0.7341442224152911