
 fecha de inicio Mon, 13 Nov 2017 04:53:20 
 fecha de la generacion Mon, 13 Nov 2017 12:09:28 
 generacion: 7574
 pesos capa oculta 1
[  1.59544032e+299   1.83939166e+298   1.04082270e+298   1.72675389e+298
  -4.58740993e+296  -9.20235096e+297  -2.01314874e+298   3.34875757e+296
   1.75134026e+298   1.09448461e+298  -6.38970583e+297  -9.97748109e+298
   8.16545534e+297  -4.74889868e+298   7.05036154e+298   2.22284927e+297
   5.98425735e+297   1.10993494e+299  -5.81939754e+298   2.60507499e+298
  -2.55745638e+298  -1.74003254e+298  -2.43941933e+297   4.71179208e+298
  -1.30760903e+298  -2.40641438e+297  -7.25799018e+298  -6.11405937e+297
   2.87350694e+297  -4.95289040e+298   5.84029958e+297   3.09449916e+298
  -4.03743668e+296  -2.44675647e+298   1.73225442e+296   3.22568258e+297
   9.91990524e+297   6.64914797e+298  -1.12556724e+298  -6.29784189e+298
   9.34455257e+298  -1.89592852e+297  -6.86320729e+298   3.40379339e+298
  -6.07958488e+297   9.29125386e+298   1.99055332e+298  -1.42448029e+298
  -6.99439808e+298   1.01977787e+298   5.90668560e+297  -1.32327814e+298
   9.12034270e+297  -8.27562283e+298   1.76102724e+299][  1.91551584e+298   1.61569285e+298  -5.13813748e+298   2.21393400e+298
  -7.61333675e+297  -9.40135694e+297   3.33355370e+297  -3.90102119e+296
   1.69424200e+298   1.33518631e+298  -1.67886837e+298   2.42957175e+297
   1.37080507e+298   7.89633515e+297   7.15782563e+297   2.45181729e+298
  -1.16948826e+299   2.24563756e+299  -1.04846123e+298  -7.04120986e+297
   6.19486601e+297   6.49798314e+298  -2.43325276e+299   1.07710165e+298
   1.63566021e+298  -3.63386970e+298  -1.42008719e+297  -3.84917164e+297
  -6.31048145e+298   1.13576658e+299   3.40142975e+298  -6.41501871e+297
  -2.25321289e+299  -3.11074874e+298   1.23865104e+298   5.35464912e+295
  -1.44272964e+299  -1.38380082e+297  -1.78788300e+297   3.01473101e+297
   2.36398423e+297   3.59444070e+298  -2.43401052e+298   6.63472442e+297
   1.46271826e+299  -4.58396798e+297   1.53854421e+297   2.30845308e+297
  -5.94457144e+297  -2.46842322e+297  -7.40788002e+296  -1.61622510e+298
   5.96238639e+298   5.15295464e+298  -2.51710394e+297][  1.96477512e+299  -1.62946996e+298   2.54185632e+299   5.87564728e+298
   4.24877847e+297   2.29058422e+298  -3.46174245e+298   1.31300009e+298
  -5.39621905e+297   4.86683077e+298   1.01480967e+299  -2.09764112e+297
   3.34807001e+298  -6.04445370e+298  -2.08731989e+297   2.90088658e+299
   1.06622201e+299   3.81209291e+297   7.36001774e+297   1.18958623e+297
   4.48780819e+297   1.25115559e+298   9.28575396e+297   4.90386989e+296
   2.20759590e+297   7.51035479e+297  -1.37995050e+298   7.49064144e+298
   1.99827340e+298  -9.76538155e+296   2.04734290e+299  -3.83140100e+298
  -7.54174842e+297   5.67865850e+298   2.38964245e+297  -1.33418474e+297
  -2.78304603e+298   5.84643802e+297  -2.10613075e+297   2.56555233e+298
  -2.32354313e+298   6.84921371e+297  -1.05589748e+297   2.64079665e+298
   7.67880545e+298   4.52803829e+297   8.84881445e+298  -2.78542535e+298
   1.48795869e+299  -1.32105202e+299   6.10613411e+298   4.02673968e+297
   7.20512906e+297   9.32365557e+297  -2.25298730e+297][  1.54749494e+296   7.78619801e+297  -1.01708585e+299   2.67439555e+297
  -1.89169305e+298   6.31722613e+297  -6.15919750e+297   8.60065877e+298
   9.01116578e+297   1.46623947e+299   2.79394430e+297   6.46734170e+298
   1.74081622e+298  -1.55123940e+299   1.72504619e+298  -2.50456158e+298
   2.10176698e+296   1.71902088e+299   7.53706433e+297  -1.14939077e+299
   4.87022776e+298   1.24932713e+299  -5.89715562e+296   9.48032954e+297
  -3.18376223e+298  -7.74568529e+297  -2.36745348e+298  -3.54159000e+298
  -1.19669383e+298   3.84468986e+297  -8.32537393e+297   1.04859549e+299
  -1.07889788e+298  -2.38005925e+298  -2.33288206e+298  -2.59668964e+299
  -1.06525675e+299  -1.24545173e+297   2.88445812e+297   3.18549998e+299
  -7.59599950e+298  -2.57394852e+298   8.51348654e+296  -1.62607889e+296
  -9.60273830e+298  -3.23515227e+297   1.03416397e+297   4.54083091e+297
  -1.96859524e+298   1.19923001e+298   3.28659781e+298  -7.72411431e+296
  -2.04896656e+298   3.18308785e+297  -7.56341776e+298][ -1.07588920e+299  -2.74399015e+298  -2.56090770e+298  -1.07713885e+298
  -1.35203668e+299   7.09926061e+298  -4.31053613e+296  -1.23037386e+298
   9.27291540e+296  -2.49121217e+298  -4.13551654e+299  -1.23952088e+298
  -2.31453021e+297   6.88663472e+298  -7.72546040e+297  -1.02897724e+298
  -6.58947882e+298   1.10834230e+298  -1.14187343e+298  -1.87867492e+299
   8.95755083e+298   5.45135123e+297   5.03235355e+297   7.58484861e+298
  -1.53855652e+298   1.64358875e+298   9.96554122e+297  -6.28323142e+296
   8.90899725e+297   5.06348070e+298  -2.34142095e+299   8.91660256e+297
   5.70349839e+297   5.56822464e+298   1.81803972e+298  -6.71229103e+298
   5.25209125e+298  -7.36020758e+297   3.72552785e+299   1.22549612e+299
  -5.16217697e+297  -6.42348752e+296  -3.92349544e+295   3.90701504e+297
  -2.08935800e+296   1.18271470e+295  -9.17313324e+297  -8.08987693e+297
   2.71718859e+298  -1.43214277e+300  -1.94803913e+298  -8.99829930e+298
  -2.19107376e+298  -2.71660128e+297   2.53606040e+298][ -1.80651508e+297   5.95161280e+298   3.05295062e+297  -5.75059127e+298
  -4.45072717e+296   1.24286500e+299   5.12293455e+297   5.99074924e+297
  -6.53995618e+298   2.23125855e+298  -1.30244938e+299  -3.63894592e+298
   1.43960273e+298   7.19396835e+297  -4.89233454e+297  -1.62209663e+298
  -1.15992497e+299   2.93923923e+299  -2.77844788e+298   1.87168637e+296
  -9.12471559e+297   3.70807638e+297  -1.87443644e+298  -1.40542127e+298
  -8.63403699e+297  -5.02621602e+297   7.04944096e+298  -3.42235436e+298
   4.16702764e+297  -5.71787723e+298  -1.09993995e+298   3.36841273e+298
  -1.33670413e+299  -4.01654854e+296  -9.10884358e+295  -3.19640156e+298
  -1.27628416e+297   3.88245902e+298   1.13246008e+298  -9.52753395e+297
  -4.41576631e+298  -3.00520825e+297  -1.58682928e+299   1.24210942e+299
  -1.36984287e+298   2.95689366e+297  -3.11400940e+298  -3.53196892e+297
  -1.24396903e+297   9.14975256e+297  -3.78258888e+298   5.05373401e+298
   3.17389149e+298  -3.81962249e+298  -4.41351420e+298][ -1.82259646e+298   6.00596192e+295   1.91487543e+299  -1.73166529e+298
  -2.49804214e+297  -1.56598493e+298   8.79453580e+297  -4.46468939e+297
   3.84864348e+298   5.97112470e+297  -4.65299114e+297   1.10910876e+297
  -3.95509183e+297  -2.24717125e+298  -4.27627211e+296  -8.75498652e+297
   8.35728595e+297   1.89807092e+298   1.30838576e+298   1.24122665e+298
   3.00193130e+298   5.24908656e+298  -7.92296905e+298   3.08943431e+297
  -4.76724722e+297  -1.32556581e+299  -1.55438559e+297  -3.58390610e+297
   1.47034799e+298   2.17812444e+298  -3.12264026e+297  -5.48792494e+297
  -8.76917112e+297   8.70514875e+297   1.34367132e+298   1.28398556e+298
   1.33436681e+298   3.14412765e+298   3.74800507e+298   6.82112401e+298
   2.62182092e+298   7.61061319e+297   1.02087026e+298  -7.85621073e+297
   1.33838271e+298   3.06280555e+297   3.71272678e+297  -7.80947847e+296
   1.93533327e+297  -8.76738445e+297   6.03900018e+297  -3.01791976e+297
   3.16766897e+297  -1.25667824e+298   2.53028870e+298][  1.29262362e+298   1.14609024e+298  -2.69919632e+297  -3.83897617e+297
   1.49935623e+298  -5.94670181e+296  -2.90543707e+298   2.47439835e+298
  -3.97352241e+297  -3.90238176e+298   1.68558200e+298  -5.89045885e+297
  -2.90985157e+298   4.47468531e+298  -1.16492795e+298  -1.59301038e+299
   1.13148089e+299   3.00508682e+296  -4.40948488e+298  -3.18394816e+299
  -1.95108915e+299   1.01497274e+298  -2.47741074e+297  -2.45164139e+298
  -8.06121590e+298  -1.60053750e+298  -9.57498421e+298   1.07591818e+299
   1.87010723e+297   1.30278432e+298  -5.36985269e+297  -2.24909761e+297
   3.01626485e+297  -2.34421327e+298  -2.04120591e+298  -1.88813461e+298
  -1.61244065e+298   6.53840835e+299  -4.25067084e+298   1.79476881e+298
   5.92638719e+298  -1.59012676e+297   1.01912582e+297   4.92820745e+298
   1.30708569e+299   6.27097641e+297   4.08975488e+298   2.11237724e+298
   3.00305534e+298   2.29524959e+299  -2.72579802e+298   3.69232339e+298
  -3.93815319e+298   7.54768565e+297  -6.98767631e+298][ -3.34424826e+299  -1.63562043e+298  -3.68492444e+297  -3.73449440e+298
  -1.87882695e+298   2.94706080e+298   2.92020342e+299  -1.05584957e+298
   8.01530633e+298  -4.33164466e+298  -3.72739680e+298   1.33074719e+298
  -3.15477185e+296  -9.55725060e+298   1.36650915e+299  -1.58504387e+298
   7.02214520e+298  -1.81293909e+298  -3.66023317e+298  -4.84572318e+297
  -9.13514922e+297   5.92765600e+298  -4.53004889e+297  -8.02087653e+295
   4.50893759e+298   1.55185942e+298  -8.41389901e+297   7.86998231e+298
   4.45585857e+298   2.84593554e+297  -8.76871547e+298  -3.43076921e+298
  -4.81953547e+297  -3.38906941e+298   9.40151464e+297   2.65264552e+298
   1.46031046e+299  -5.11950638e+299  -6.40644531e+297  -6.43250637e+299
   7.43896981e+297   1.03636377e+296   9.25806981e+297  -2.27675349e+298
   5.40092682e+296  -3.75702630e+298  -1.71085208e+297  -5.32417850e+298
   7.57328632e+297   9.58512975e+298  -3.45013229e+297   6.60190690e+298
  -5.11063198e+298  -6.53579866e+299  -1.11073148e+298][  2.73053143e+298   2.64574967e+298   6.10235523e+298   3.20270345e+298
   3.88282240e+298  -6.69076903e+298  -1.13343385e+298   9.67188047e+297
   1.20794370e+298   1.18756886e+298   2.60831326e+297   9.12844038e+297
  -7.32796480e+298   1.27097174e+298   1.05700785e+298  -2.14520919e+298
   1.33667917e+298   7.72258298e+298   1.22005354e+297   3.20388263e+298
   1.18206488e+298   4.35321041e+298  -2.45609260e+298   2.49537809e+299
  -1.04984452e+299   2.97550434e+298   1.03937502e+298   7.23026072e+297
  -1.78699174e+297  -4.54026000e+296  -1.98912180e+299  -1.63347386e+298
   2.60830033e+296   1.07877965e+299  -1.64376914e+299   7.68616622e+297
  -2.90729105e+298  -9.01266931e+297  -3.92823659e+298  -8.22474315e+295
   8.80522667e+297   8.96319189e+297   5.14694858e+298   1.01237240e+299
  -3.58702013e+297  -6.18323874e+298  -9.18366976e+298   3.24532257e+298
  -8.44999623e+296   3.73518169e+297  -9.03844193e+297  -9.93418463e+297
  -3.74296137e+298   1.09881015e+297  -3.03782292e+298][  6.50928950e+297   7.84359692e+297   5.09236585e+297  -1.18425008e+298
  -9.36744325e+297   4.68501881e+297   1.38041498e+299  -9.05756844e+297
  -7.45726530e+298   3.86127807e+296  -8.37654198e+298   1.79543600e+296
   4.56274862e+298  -4.15409009e+298  -2.68133373e+297   1.24919346e+298
   4.39044279e+298  -2.88339160e+297   1.81269321e+297   4.39823673e+297
  -3.51476026e+298  -1.95354998e+298   5.14821646e+298   4.19550628e+298
  -7.21663294e+297  -4.08872187e+299   4.85615576e+298  -4.67944056e+298
  -1.43683618e+298  -3.22802516e+298   1.77235109e+298  -1.84966091e+298
  -3.92010759e+297   3.20256964e+298   1.37046141e+297   4.65210217e+297
   3.17895594e+298   1.48083270e+298   2.57072706e+297  -1.32146517e+297
  -2.14534997e+298   6.12322180e+296  -4.01184172e+298   1.66566033e+298
  -9.54523332e+297  -9.56104942e+297   1.05106981e+300  -6.78046058e+298
   1.62178470e+298  -7.01532665e+297   5.05384989e+297  -1.22200969e+299
   8.30919060e+297   1.17655670e+297   4.91250746e+297][ -4.18873912e+296   2.76447914e+298   6.75747159e+297   4.58278786e+297
  -2.15491949e+297   5.76854384e+297   3.47139667e+298   3.07036028e+297
  -1.81627502e+297   2.28110547e+298  -3.28483920e+298   4.23221543e+298
  -4.94481000e+298  -6.75424842e+298  -8.71677600e+298  -6.61629210e+297
   5.42191212e+296   4.71489129e+297   1.35170610e+298  -6.51488789e+297
  -3.95433450e+299  -1.08607191e+297   1.51167933e+298  -4.31549149e+297
   7.53805582e+297   1.05151650e+297  -3.96089586e+298   2.23722871e+297
   6.77176056e+299  -3.58549412e+296  -1.74234545e+297  -1.22161559e+297
  -1.98416530e+297   5.91758149e+298   7.36590949e+297   2.46443643e+298
   2.46932486e+298   6.80275925e+298  -4.85774370e+298   7.95159813e+297
   1.70155303e+298  -1.54587114e+297  -1.47842159e+298  -3.64150777e+298
   1.56495221e+298   2.15003113e+298   2.27993504e+297   5.53167927e+297
  -5.04038745e+297  -1.98992239e+298  -5.45872402e+298   4.82973841e+297
   2.58564107e+298  -1.82313112e+298   3.44650901e+298][  3.10421214e+297   9.83056126e+297   1.37451040e+299  -4.88571025e+297
   1.41973892e+297  -2.96349364e+298  -8.43243677e+297   8.65614529e+298
  -7.27248561e+297   5.55396440e+298   4.45248300e+298   1.09638237e+298
  -4.18737818e+298  -1.90357607e+298   1.36114822e+298  -5.53931613e+299
   7.10721237e+298   8.65457312e+298   2.91753447e+297   8.44993378e+297
   4.05010718e+298  -2.40002618e+298  -2.65312965e+299  -4.57953214e+297
  -2.30082548e+298  -1.52654145e+298   9.80818625e+297   1.79219147e+298
   1.10119616e+299   1.31609015e+297   9.46202381e+296   2.59552961e+298
  -2.08338573e+297   1.51723337e+297  -3.21836206e+298  -3.19502642e+298
  -4.35302749e+295   6.53392474e+297   1.06220787e+298  -1.47079497e+299
  -3.23515507e+298   1.81626024e+299   9.48558105e+298   8.78779884e+298
   1.60150179e+298  -5.01799562e+298  -2.48190238e+299   8.36838152e+298
   7.98074909e+296  -3.26791245e+299  -1.17410822e+296  -1.58126876e+296
   1.07726714e+299  -1.09549723e+298   3.83958026e+298][ -3.13401950e+297  -4.39349776e+298  -3.73814423e+298   1.03918334e+299
  -5.52794771e+298   1.85321132e+299   3.42363767e+298  -8.33900677e+298
   2.73693759e+298  -1.13044119e+298   7.12375766e+297   3.00278121e+298
   3.30996023e+296  -6.56021157e+298  -4.77412100e+298  -2.56548256e+298
  -8.34407899e+296  -4.53325108e+298  -3.35100907e+297  -1.28306023e+298
  -6.98242923e+297   6.73143641e+298  -5.20371529e+298   2.52618817e+298
   1.47107596e+298   6.53281527e+297   1.90212377e+298  -1.27397788e+298
   9.21164991e+298   7.19373484e+298  -8.95911229e+298  -1.43996204e+299
   8.00451082e+298   1.10505389e+298  -1.27085209e+297   1.62801502e+297
  -6.12378598e+297  -1.51154474e+298   1.29288034e+298   1.50880868e+299
  -9.59958304e+296   8.64221907e+298  -8.37404535e+298   7.16316492e+298
  -2.35559505e+299  -3.06892893e+298   4.86214986e+297   1.67891858e+297
  -7.61669896e+295   4.64844031e+296   5.13305283e+297  -2.68093253e+297
   9.74040027e+297  -5.72879673e+298   7.49190462e+297][  4.91008543e+297  -6.28228907e+298   8.52943504e+298  -2.07483112e+297
  -4.46939150e+297  -3.14552140e+296   1.21855899e+298  -4.39193044e+298
   1.33418959e+299   1.84006082e+299  -3.48261794e+297  -1.02580582e+298
   1.52806641e+297  -3.88402509e+298   9.35879009e+298  -3.56878309e+298
   2.27624758e+299   5.09403999e+298   2.10388979e+298   3.06515523e+298
  -2.44457945e+299   3.03874337e+298  -2.47864113e+297   1.24839721e+298
   8.13339261e+297   7.20694600e+298   6.97525666e+298   3.30879157e+299
   3.72214599e+297   2.62291021e+298   1.21676343e+298  -4.09843681e+298
  -1.33582359e+298  -2.58265932e+298  -3.13696818e+298  -6.65563982e+298
   9.35197717e+298  -1.95905550e+298  -3.38915153e+298   5.37514145e+298
   1.52905398e+298   1.45923620e+298   3.78196654e+298  -2.70899436e+297
   2.75021804e+297  -3.63883109e+297   3.78153625e+297  -4.26282057e+298
   1.89590100e+298  -2.65832040e+298  -8.47854398e+297   3.98871136e+298
  -1.05436473e+299   1.02290950e+297  -1.07390399e+299][  7.63040646e+298  -7.18706555e+297  -3.48770905e+297   4.25804887e+298
  -6.56653546e+298   8.99761890e+298   4.31072392e+298  -6.56808338e+297
   1.35179901e+297   1.75179959e+298  -6.34221777e+297  -6.41541486e+298
  -4.73202359e+297   4.00205967e+298   9.71691946e+297   5.40071839e+296
  -2.27573747e+298   5.88957892e+298  -6.90708301e+297   2.95954540e+297
  -2.24006633e+297   6.07125163e+297  -5.68788383e+298   2.80825930e+299
   3.71461597e+298   6.57448407e+298   3.72754063e+297  -1.92777897e+298
   6.23675236e+298   1.37772211e+298   1.53303139e+298   1.01441548e+297
   6.83257745e+298   2.37625335e+298  -3.77861100e+297  -4.19117336e+296
   4.51000787e+298  -9.15038162e+298  -5.02233420e+297   1.24879973e+297
   8.14704276e+298   4.08689432e+298   3.52933813e+297  -1.14275862e+297
   1.93618558e+298  -1.45464256e+297  -5.54117977e+298  -2.05901392e+299
  -1.32822097e+298   3.06521119e+298   1.94340989e+299  -1.46161382e+298
  -1.08041551e+298   3.92786088e+297   1.53265133e+298][ -9.99209454e+297   3.28406452e+297  -2.15723950e+297  -3.34286027e+297
  -2.40531885e+297  -2.83361118e+297   2.13036768e+297   1.98790442e+297
   6.84060178e+298   1.75231690e+299  -9.93023361e+296   4.18466754e+298
  -1.16973985e+298  -4.28367606e+297  -1.72175711e+298  -5.76462509e+297
  -8.91295807e+296  -1.32972247e+298   1.12899598e+298  -7.45161855e+297
  -1.86819976e+297   8.84423362e+298  -1.13770226e+299   2.75537743e+298
  -6.52410886e+296   1.70621944e+299  -1.02297383e+297  -3.23225295e+298
   5.44430929e+298  -1.13879014e+298  -1.17976821e+299   2.82783752e+297
   1.49823661e+299   3.05486799e+297   1.28938484e+298   6.62116938e+298
   8.96199311e+298  -9.96625219e+298  -3.59792824e+298  -2.14671186e+299
   1.42244814e+298  -5.73127020e+296   7.13689666e+297   1.66606908e+299
  -8.67519110e+296   2.89922270e+297  -7.52389661e+297  -4.40791353e+298
   3.20589588e+298   8.90443751e+297   6.73731493e+297   2.27824070e+299
   6.10361581e+297   1.08927379e+298   1.05238365e+299][  3.87464033e+297  -2.61467128e+298  -8.28069529e+298   3.01505928e+298
  -4.81735206e+298   9.67359799e+298  -3.10306606e+298   1.84569408e+298
  -8.69175103e+298   1.54884171e+299   7.70223611e+298  -6.30072569e+298
  -3.35273724e+298  -9.41348412e+296   1.83050007e+298  -1.69870317e+297
  -5.04647268e+298   1.65481576e+298   7.22743657e+298   4.10347390e+298
  -4.55711910e+296  -8.84044232e+298   1.92735662e+298  -6.63095737e+298
  -1.52974579e+298  -9.21102915e+297  -6.49108326e+297   6.34350158e+297
   9.59234819e+297   6.43706040e+297   7.62251745e+297  -4.73454086e+298
  -3.63394957e+296  -4.33459754e+299   1.44705807e+298   1.41659363e+299
   5.80105757e+296   6.71483653e+297   3.31984810e+298  -8.45431326e+295
  -2.05738058e+299   2.56701813e+298   5.45045667e+297  -1.23552184e+299
   8.77062249e+296  -1.07725642e+296  -6.00631206e+296   3.68849573e+297
  -1.87458551e+299   9.80673354e+298  -6.39414674e+298   1.73603619e+298
  -1.38897912e+298  -1.66137930e+296   2.87847037e+298][ -7.51044916e+298   2.58051497e+298   3.73457086e+297  -4.71909024e+296
  -3.00738513e+297  -2.10165553e+297   1.95340562e+298   1.01457808e+299
   1.91704199e+298  -4.24607434e+298  -8.16063355e+298   1.08188511e+299
   1.43275154e+297   5.49284724e+297   3.36527559e+297  -8.13494548e+297
  -2.71186634e+298   1.51392958e+298   6.08285895e+298  -6.96614057e+298
  -1.05575043e+298  -2.54010668e+297   7.07606697e+297  -1.97190727e+298
   8.59577704e+297  -9.56461936e+297   1.69183431e+297   1.97290590e+298
  -1.60476444e+298  -1.30920529e+299   3.17232356e+298   2.32624563e+299
   1.41987151e+297   1.67492081e+298   4.25621937e+298   6.97433474e+297
   2.52981498e+296   8.95614110e+297  -8.49930383e+298   8.63756221e+298
  -2.99017170e+298   4.26131070e+297  -3.89304849e+296   7.62043594e+297
   2.91840745e+298  -7.07419861e+297   2.37610455e+296   1.41064144e+298
   1.01658609e+298   8.92868363e+298  -4.36345227e+298   3.44519310e+298
  -2.32126035e+298  -8.02212984e+297   3.34336989e+298]
 pesos capa salida
[ -7.53394988e+297  -4.30832384e+296   6.17215366e+299  -2.56117853e+299
  -2.12712330e+299   1.88197675e+297   2.61556701e+299   4.67379905e+298
  -4.80764244e+298   2.04543292e+299   8.70972594e+298  -1.26003285e+299
   4.63549506e+297  -9.61880387e+298   5.07754413e+299   9.12069293e+299
   6.89691849e+298  -7.09472966e+298   2.63990539e+297]
 biasCapaoculta
-1.8569583374752731e+298
 biasCapaoSalida
3.8192037870756024e+298
 mejor error
181.49999982400024
 Precision 
0.684622067767159