
 fecha de inicio Sun, 12 Nov 2017 15:00:01 
 fecha de la generacion Sun, 12 Nov 2017 15:00:01 
 generacion: 0
 pesos capa oculta 1
[-0.20992567 -0.29215168  0.31178307 -0.34285646  0.0202305   0.12089381
  0.68859622 -0.50883085  0.3175849   0.90292267 -0.93169996  0.31853322
  0.95272849  0.36838296 -0.20039613  0.61297059 -0.72693607 -0.44171101
  0.53832267 -0.9311748  -0.4894974   0.63933299 -0.95359338  0.48681985
 -0.39340415  0.72355558 -0.51749735  0.99782252 -0.22287616  0.96409522
 -0.60291997 -0.14383181  0.35774682  0.05997359 -0.87028604 -0.63076061
  0.89291956  0.14197788 -0.24182681 -0.76930695 -0.0487637  -0.92320127
  0.29418723  0.67372106 -0.45178849  0.41284391 -0.05808979 -0.35658118
 -0.88889122 -0.78555631 -0.15978471 -0.09739269 -0.53550454  0.6546852
  0.23755476][-0.89221309 -0.90991294  0.36530751 -0.86315091 -0.28723666  0.87150623
  0.98595092 -0.64563546  0.39626627 -0.81554897  0.62098817  0.72900713
 -0.55026092 -0.60450316  0.58293697  0.47640249  0.7676821   0.61176205
  0.16025425 -0.01296875 -0.14419138  0.87704357  0.28563702 -0.25644278
  0.71182907  0.23566321 -0.50845246 -0.95409661 -0.73077995  0.17272887
  0.79442808  0.32171743  0.4645218  -0.27440718  0.96636546 -0.45881401
 -0.22790991 -0.93092863  0.88366546  0.03222229  0.4099531  -0.81383094
 -0.96171438 -0.47829108 -0.00774271  0.8207878  -0.67198188 -0.72948163
 -0.54759915  0.25821105  0.03634302 -0.33066895 -0.34959591  0.71129747
  0.35998841][ 0.50165677 -0.41084233 -0.23663067  0.36747611  0.51109971 -0.10858035
  0.82799649  0.28559813 -0.94523418 -0.57969406 -0.42310653 -0.98651543
 -0.08384164 -0.06286778 -0.02311382  0.95823707 -0.61718794 -0.17253413
 -0.00631943 -0.50762845 -0.28039101 -0.76077362 -0.51624751  0.88625208
  0.95922612  0.19859138  0.21280548  0.50295219 -0.31870668 -0.51811334
 -0.78527799  0.24945148  0.76661409  0.32876368  0.19351285 -0.69939041
  0.74724113  0.25313044 -0.47382288 -0.13887265  0.80611987 -0.09250024
  0.84451035 -0.91828749 -0.71061753 -0.8442734  -0.4128218   0.55234611
 -0.08666649  0.33287175 -0.996737    0.32965913 -0.98336584  0.45071132
  0.44685875][ 0.58565231  0.15770621  0.24697617 -0.99078329  0.50836642  0.91933207
 -0.03221604  0.53333796  0.46172377  0.8725722  -0.10672908 -0.08669434
 -0.71449969 -0.85491065  0.74788466 -0.68190893 -0.46966328  0.7657366
  0.15267568  0.03823784 -0.27008718 -0.21598366 -0.56705524 -0.620009
 -0.70259293  0.64415344 -0.90848915 -0.77844925 -0.53579501 -0.44855925
 -0.00396444 -0.53517398  0.94868716  0.03270406 -0.66563645  0.04417268
  0.25087401 -0.79042285 -0.33430138  0.09062291 -0.58607396  0.54456643
  0.42474006  0.75239987  0.60230191  0.73353071 -0.95171011  0.70208282
 -0.70580959  0.80715223  0.30913775 -0.65636222  0.8786094   0.45450435
 -0.74513054][ 0.81863869  0.82252224 -0.05529397 -0.93277355 -0.73538627 -0.19006881
  0.75487036  0.13649204  0.73263961  0.69849394  0.57935873  0.27173756
 -0.7464268   0.00443877  0.90733673 -0.92002454 -0.10765296  0.09218906
 -0.60795845  0.46665827 -0.21616745 -0.01929034  0.90906857  0.32656956
  0.60939324 -0.10543236 -0.09184264 -0.6944792   0.76768242  0.18090524
 -0.89096914 -0.53805458  0.92683765  0.47840005  0.54357355 -0.41576451
  0.91247076 -0.77172034 -0.51981081  0.56346226 -0.00293659 -0.7317533
  0.75879653  0.18155415  0.72212309  0.88004177  0.40425287 -0.66549432
  0.26468539  0.50366156 -0.69081545  0.80147221  0.62713261 -0.58259917
 -0.70902801][ 0.46583283 -0.43145644  0.9911579   0.78409227 -0.21227675  0.42019106
 -0.42243135 -0.03493249  0.14677995 -0.71705442  0.22174895 -0.23570086
  0.94729237 -0.11473014 -0.69272611  0.76055922  0.94271237 -0.10624594
 -0.64938125 -0.164778   -0.92408838 -0.32889279 -0.35477779 -0.82228486
  0.74134048  0.58494558 -0.78797681 -0.35174593  0.47492013 -0.64808065
 -0.3732639  -0.95713981  0.75990898 -0.27433411 -0.08044186  0.03447903
  0.34761306 -0.79359285 -0.31278494  0.7098472  -0.68879244  0.27806163
  0.48666451 -0.79039851  0.44912925  0.15759278  0.91875432 -0.01419524
  0.49216123 -0.89296222  0.88445067 -0.28364312 -0.88035743 -0.76455453
 -0.18392628][-0.21950736  0.63825601 -0.4364401   0.45481054 -0.83898691 -0.77501452
  0.28201454  0.12913398  0.69708987 -0.21965516  0.36203684 -0.13244878
  0.75149052  0.31215985  0.72184654  0.67594164  0.13362124  0.47768625
  0.10165322  0.69004862 -0.71984689  0.46750332  0.61163174  0.10032295
 -0.27868812  0.89959523  0.04918583  0.44442192 -0.23935074  0.05086313
 -0.04083706  0.88184538 -0.05517122 -0.91500864  0.91383511  0.14172022
 -0.06667489  0.4548607  -0.58247428  0.04248112  0.53967315  0.11550031
 -0.70827955  0.0954632   0.55287202 -0.81003809  0.23550527 -0.61322096
 -0.19059359  0.03657927 -0.21797593 -0.75542173  0.78715664  0.76341877
  0.84143882][ 0.39895273  0.44200009  0.51374915  0.14573425  0.23924847  0.52930299
  0.69861321  0.83465858  0.77263433 -0.08523528  0.65203894  0.80765891
 -0.65829115 -0.90442174 -0.2204828  -0.81878263 -0.95419231  0.56947367
 -0.51020294  0.51638481  0.03846494  0.47128826  0.5432131  -0.49077828
 -0.20050577  0.97394666 -0.29191354 -0.56711986  0.82045573  0.06534733
  0.7459892  -0.69684299 -0.94154596  0.35044362 -0.69657233  0.99801033
 -0.99265842 -0.83848762  0.17866667  0.0307186   0.67493524 -0.42211163
  0.20580639 -0.15226199 -0.62617761 -0.4364885  -0.83903887 -0.20814325
 -0.09402826 -0.53824219 -0.17528959 -0.25832931  0.65737185  0.45673936
  0.49766908][ 0.71194165 -0.58177314 -0.909028   -0.29506866  0.94003462 -0.04506439
  0.38488423 -0.44754009 -0.12327858 -0.97964607 -0.92965623 -0.07324783
 -0.09288113  0.98639252 -0.45444147 -0.43230769 -0.80969769 -0.86628529
  0.6312141   0.65915764 -0.6255073  -0.19549166  0.98898431  0.27962234
 -0.67479389 -0.78355684  0.95008409 -0.58927806 -0.2606593  -0.96256037
 -0.2408516  -0.32437634  0.2883441  -0.45288821 -0.36528485  0.73815734
  0.53972573 -0.70485468 -0.89738163 -0.78424693 -0.98919332 -0.36531223
 -0.8609434  -0.11515527  0.6861989  -0.65229015  0.71487316  0.45294996
  0.45512956  0.7175058  -0.48704962 -0.07222598  0.18160685  0.18648083
  0.94111802][ 0.14276837  0.19090104  0.79868485 -0.62797989  0.02503343  0.68421817
 -0.24501683  0.48268884 -0.68779972  0.94272577  0.10946038  0.33605339
 -0.02754632 -0.08586237 -0.2000008  -0.31654639  0.27157758  0.02069825
 -0.65384458  0.12034663 -0.93974145 -0.34570896  0.89978907  0.00927676
  0.40648638 -0.6787049   0.56985882  0.62605932 -0.42393938 -0.21920726
  0.2521127   0.50172635  0.71029364 -0.97422561 -0.51018839 -0.2946448
  0.56005294 -0.77605431  0.19418409 -0.9082973   0.6779717   0.52111554
 -0.3121668   0.87111973  0.81298862  0.01670841 -0.03993074  0.24135693
 -0.16663959  0.16931418  0.21873536  0.07038149  0.54169132 -0.18488918
  0.47671899][-0.09431235 -0.34336957  0.34165059  0.44326648 -0.42995958 -0.26933575
 -0.81532844 -0.74662342 -0.35786525 -0.38029222 -0.58788654 -0.49535468
  0.20617559 -0.54603194  0.4781559   0.31074085  0.17245753  0.35888157
  0.59385814  0.81483159  0.30764199 -0.29816252  0.71752207 -0.86264829
 -0.47987432  0.67149271  0.83883531  0.65620185  0.34689949  0.22437369
  0.39620453  0.45925932 -0.86066934 -0.47182443  0.78399945  0.40280612
  0.18704029  0.06451061 -0.9987184  -0.04377964  0.98073305  0.66145765
 -0.04098909 -0.78291691 -0.04756156 -0.22571715  0.20671263  0.11287452
  0.03890573 -0.63940055 -0.40114125 -0.57522561  0.15750825  0.521171
  0.33872772][ 0.9121636  -0.81851977  0.73161277 -0.56381522  0.30183515 -0.43868568
 -0.44016236 -0.87881649 -0.30479358  0.36385162  0.3894581   0.17402716
 -0.03505262  0.78140688  0.21954863  0.78586007 -0.34779846 -0.7243641
 -0.89306945  0.35209995  0.57145441  0.68944588  0.71202724 -0.54740059
  0.67477172  0.10185155  0.51873082  0.0998856  -0.32403261  0.30754834
 -0.22382374 -0.40727075  0.72241446  0.12348251 -0.69551879 -0.46018869
 -0.05483726  0.47061176  0.47629305  0.04162356  0.20460232 -0.40051382
  0.61489607 -0.91401413 -0.70355661  0.11694897  0.47882617 -0.74722552
  0.08502761 -0.76826982 -0.69525094 -0.91903723 -0.2994715  -0.52165725
 -0.93822478][ 0.39248844 -0.13062211 -0.39182798  0.72237115 -0.22557037 -0.84980915
 -0.31990895  0.56644457  0.58304667  0.36769664 -0.51669915 -0.43078411
 -0.61195653 -0.51169308  0.29331226  0.60416362  0.88654771  0.73258597
 -0.90415458  0.61428557  0.99587568  0.49317918 -0.54478118 -0.78297738
  0.69325316  0.28683354  0.68558903  0.37985256 -0.42832839 -0.01669429
  0.82078329 -0.06988063  0.95564905  0.6152688   0.40453935  0.30068257
 -0.21577292 -0.35178046  0.95107875 -0.17438623  0.16083092 -0.13537741
  0.90364763 -0.2367858   0.32720921 -0.97396009  0.59319331 -0.5275668
  0.74202708  0.87418891  0.06358771  0.11044564  0.66052319  0.34970186
 -0.90502725][ 0.6666936   0.76559046 -0.30178303  0.51756006  0.49415211 -0.50089836
 -0.50828923  0.26073881  0.27266172  0.73105085  0.34899061 -0.73727596
  0.36613088 -0.50586294  0.79260347  0.75837813 -0.90973978 -0.76999177
 -0.26720643  0.14499697  0.28567688 -0.29485126 -0.82818456  0.32914065
 -0.41109731 -0.06534998  0.35958596 -0.12903074  0.01071966 -0.05214623
  0.49638629 -0.57532508 -0.73404591 -0.8370076   0.18029023 -0.06145389
 -0.95565987  0.13538763  0.69277478  0.53106288 -0.34700895 -0.35396369
  0.8078567   0.47151962  0.57430792 -0.27059659  0.55901107  0.94727543
 -0.58536975 -0.06847567 -0.38199659 -0.95509978 -0.92917145 -0.51402183
  0.54934349][-0.26117824  0.91511336 -0.27985701  0.7086542  -0.95670549  0.83429233
  0.43026134 -0.88732048  0.53936474  0.69415359  0.57986241  0.59109894
  0.91351311 -0.60521307 -0.84018195  0.36822518 -0.62774693  0.53668673
 -0.15296169 -0.05520195 -0.02176499  0.34659397 -0.5218772   0.24276551
  0.47523766 -0.61639752 -0.24876697 -0.09594855  0.8380606  -0.71605272
  0.18806706  0.49161846 -0.39136839  0.97507286 -0.49414743 -0.67795797
 -0.87261714  0.41783787  0.21400277 -0.9989107   0.06720877  0.62174197
 -0.84291659  0.0204648  -0.93162688 -0.68011385 -0.90332995 -0.93711918
 -0.98769242 -0.56000483  0.37900956 -0.0436652   0.11592461 -0.36798115
 -0.64645718][ 0.77240222 -0.11945609  0.98942425  0.66741971  0.47320995 -0.33975426
 -0.17866755  0.54825202  0.6277418  -0.35555199 -0.85549658  0.09964272
 -0.03462183 -0.7968246   0.23806006 -0.42339963 -0.23840257 -0.20861756
 -0.74922291 -0.50515871  0.83807225  0.27363819  0.38882446 -0.71951346
  0.96334375  0.59796    -0.28346543  0.87974363 -0.93476229 -0.23511228
  0.03621296 -0.83900931 -0.61389491  0.85798372 -0.191202    0.92297388
  0.0878053   0.55178117  0.03777685  0.21095234  0.16355144  0.34639234
  0.8914364   0.64425607  0.94083314 -0.17147587  0.16326059  0.44616768
 -0.95761648 -0.72977067 -0.17722561 -0.9429089   0.94029432 -0.78291804
  0.44122091][-0.67629677  0.65943257 -0.29793621  0.08018306 -0.77076439 -0.8214855
 -0.36793242 -0.08901871  0.0966553   0.45020538 -0.83434973 -0.15787423
  0.89741326 -0.62157574  0.91217783  0.2544145  -0.76656168  0.35281668
 -0.86268613  0.1635534  -0.43202942  0.40693932  0.02341176  0.45663791
  0.86759478  0.23813234 -0.39158196  0.31474864 -0.88956851 -0.41507908
  0.52065038 -0.47103521  0.38780375 -0.91067343 -0.7224348  -0.71672277
 -0.32924123 -0.16240109  0.07875122 -0.4517926  -0.12561943  0.17037864
  0.94922737 -0.33003035 -0.05144618 -0.2845267  -0.77761865 -0.87265461
 -0.95036301 -0.47550596  0.84850629 -0.63340017  0.83001557  0.60883993
 -0.21101257][ 0.75994315  0.91107235 -0.35973968  0.11398799 -0.09395997  0.61770015
 -0.66957825  0.04128796  0.37659785 -0.33134173 -0.81697154  0.16537945
 -0.94952323  0.32456906  0.82155806  0.01372025 -0.51394094 -0.16735499
  0.29180214  0.03040293 -0.43408033 -0.87461411 -0.96213619  0.86635181
  0.60449534  0.06288302  0.24078686 -0.79200745 -0.82197999 -0.3270119
  0.65944604 -0.29813262 -0.73992607  0.30630281  0.22546822 -0.26883628
 -0.84366654 -0.53111877  0.99467493  0.51152    -0.65914821 -0.02011421
 -0.57251801  0.97487637 -0.70249945 -0.83580467  0.32481838 -0.5553207
 -0.11084993  0.0686055   0.26726872 -0.96515937  0.64643861 -0.33392554
 -0.79401013][-0.48887864 -0.18902604 -0.75523482  0.01840669  0.64365811 -0.56642601
  0.73264128  0.82215816  0.39073509  0.89737788 -0.6163179  -0.14619933
 -0.33920011  0.89855983  0.1461159   0.96115234 -0.83430189 -0.0830296
 -0.72034019 -0.6372352   0.88902873 -0.80127328  0.1205652   0.51139284
  0.03805501  0.51862976 -0.71654321 -0.49319338 -0.34139067  0.84668224
  0.57761247 -0.8896838  -0.72916775 -0.37809034 -0.16072129 -0.79066961
 -0.89990195  0.12107555 -0.02201981  0.69106381  0.58208442 -0.2123565
  0.91974335  0.79968913  0.15587985  0.57864689 -0.84422143 -0.12935933
  0.1731189  -0.48298263  0.12595496 -0.9366771  -0.08009483 -0.01739238
 -0.03703305]
 pesos capa salida
[ 6.92111781  3.87204199 -2.90613039  4.39419028  2.68744275 -4.13326412
  0.21932282 -1.03457934 -6.26712913  0.25894438  6.74770425  3.55335938
  1.12589823  1.66532497  2.07974216 -4.81163222 -6.07617967 -4.08785869
  4.01379413]
 biasCapaoculta
0.9007589664695066
 biasCapaoSalida
0.6681934974097867
 mejor error
237.29102228292018
 Precision 
0.5360556038227628