
 fecha de inicio Fri, 24 Nov 2017 04:19:39 
 fecha de la generacion Fri, 24 Nov 2017 09:22:10 
 generacion: 2698
 pesos capa oculta 1
[  1.44310947e+105  -3.49828932e+105  -1.46232501e+105   2.34613013e+105
   1.72286864e+105  -8.90635466e+102  -9.63980956e+104   2.14013494e+105
   1.21979484e+105  -2.04660193e+105   1.59307562e+105   1.54777749e+105
  -4.58450702e+104   1.38637726e+105  -1.92853973e+105  -3.00588762e+102
  -2.62983865e+105  -2.04679617e+105   7.56196875e+104   7.40738105e+104
  -8.66772533e+104   3.00814087e+105  -8.06075417e+104   8.07079337e+104
   2.45310940e+105  -1.87751413e+105  -3.56455443e+105   9.31352008e+104
   1.90593887e+104   4.90721580e+105  -8.37035535e+104   5.18949950e+104
  -3.29482531e+105   2.66332473e+105   7.48884280e+105   1.22923746e+105
  -1.71833513e+105  -5.67629481e+103   1.52528227e+105   6.78537097e+104
  -9.72658136e+105  -4.38102221e+105   4.70158016e+104  -1.44444174e+104
  -2.08604375e+105  -2.22170116e+105   3.98038073e+104   9.97036758e+104
   2.38332309e+105  -3.35325708e+105  -5.58612061e+105  -2.73969832e+105
   2.38606301e+105  -1.49191496e+105   2.82748220e+105][  1.62611839e+105   5.72987544e+105   5.61411054e+104   1.49926936e+105
   1.04433740e+105  -3.38778645e+105  -2.04241433e+105  -1.19569126e+105
  -2.36596502e+105   6.43279600e+104   6.31773943e+104   6.07568014e+104
  -5.12090343e+105  -5.96674040e+105   5.58831269e+103  -2.30729373e+105
  -1.90156774e+105   1.83087269e+105   1.96245411e+105   2.00563041e+105
   4.38479264e+104   4.94135693e+105   5.49511058e+105   1.64573315e+105
   1.96214796e+104   6.66477433e+104  -7.53038927e+104   2.81500974e+105
   9.65149713e+104   4.74730715e+105  -1.29497195e+105   2.77748746e+104
  -1.56242234e+105  -1.61929563e+105  -2.00521826e+105  -4.55382473e+103
  -3.93755914e+104  -1.79796778e+104  -9.50714316e+104  -4.91780833e+105
  -2.81675325e+105  -1.67249903e+104   5.41613514e+105   1.06092994e+105
   6.11587096e+104   1.44169682e+105   1.99259194e+104  -7.06670402e+104
   2.94741567e+103  -1.86910242e+104   3.17950386e+105   1.77158961e+105
   3.78516097e+105  -4.19476281e+105  -5.16832015e+104][  1.10948357e+105   3.19978197e+105   7.97159395e+103   2.08429520e+105
  -8.44519942e+104  -8.07630913e+105   2.71505880e+105   2.48660368e+105
  -1.91067966e+103   7.77471946e+104   2.43498671e+105  -3.10700809e+104
   8.48720404e+105   2.47172236e+105  -1.54022485e+105   9.78639659e+104
   1.07247643e+103   1.13513463e+103  -5.66396183e+104   1.00155545e+105
   1.33534743e+105   1.81111025e+104   1.11046259e+105   2.20990669e+105
  -4.52552168e+105   2.00820486e+105   2.77193148e+105  -2.29056687e+104
  -1.76873143e+105   3.00985388e+105   2.42542348e+104   5.59006207e+105
   2.19449747e+105   1.39227852e+105   3.50843027e+105   1.98157224e+104
  -2.02800868e+104   6.25434322e+104   8.45731929e+104  -6.51671858e+105
   4.75392855e+105  -1.93030558e+105  -1.42250527e+104   2.11803944e+105
   1.57089707e+105  -7.80495670e+104   3.34009550e+105  -1.12849396e+105
  -2.94904019e+105  -2.58385455e+105  -7.69723741e+105   1.04299039e+105
   1.05615531e+105  -1.17132490e+105   8.26645093e+104][  2.83199129e+105  -7.21125427e+104  -2.17405835e+104   7.24568983e+104
   5.49479774e+104   1.63654327e+105  -3.07909425e+105  -1.31332398e+105
   2.12415200e+104  -1.94635735e+105   8.03193179e+104   1.36422546e+105
  -1.51000885e+105  -1.92668650e+105  -2.46464559e+105  -5.44650251e+104
  -1.01405307e+105  -2.14836642e+105  -1.02557155e+105  -2.56593181e+105
  -7.64933680e+103   1.82638014e+105   3.93759944e+105  -1.83822843e+105
   2.14041662e+105  -3.76581051e+104   1.39927322e+105   1.47501446e+105
   7.33145343e+103  -4.37035217e+105   5.53601745e+104   4.87284933e+104
   2.01139621e+105  -8.87196215e+104   1.22968676e+105  -6.02389941e+104
  -3.08060276e+105  -8.26907426e+103  -2.61899177e+105   1.34428789e+105
   1.49343696e+105  -1.33163088e+105   1.04273218e+105   1.33882200e+105
   2.46766132e+104   2.67722641e+105  -5.85559861e+104   1.66345422e+105
   6.39294306e+104  -2.10795060e+103   8.44970007e+104   9.02270720e+103
  -1.73327758e+105   3.30352343e+105   1.96424830e+105][ -3.66240852e+105   4.65253916e+105   3.66213141e+105   7.31525485e+104
   2.58519406e+105  -9.81095949e+104   8.53912307e+104  -1.63530716e+105
  -1.73200307e+105   3.91279451e+105  -1.05525847e+104   1.70497511e+104
  -5.87652252e+104   2.66761519e+105   1.80604701e+105   9.21821847e+104
  -4.35401215e+104   3.45318439e+105   2.78387206e+105  -1.43015402e+105
   1.42399907e+105   4.62152918e+104   7.28516014e+104  -4.70550750e+105
  -5.09733866e+105   8.64148336e+105   2.95178815e+105   8.53781696e+104
   1.11229088e+105  -5.10617797e+104   4.11338871e+105  -2.81813045e+105
  -2.75556137e+105   2.60892474e+105   1.91278139e+105   1.20027983e+105
  -1.89576760e+104  -1.05434532e+105  -2.68865843e+105   5.08642252e+105
  -2.25729114e+105  -3.49218219e+105   8.20064484e+104   1.49811700e+105
  -9.02359166e+104   1.14921414e+105  -1.48042429e+105  -1.04497249e+105
  -2.23237103e+105   9.57359570e+103   2.12744296e+105  -7.51185953e+104
   6.47713368e+104  -3.10901258e+105  -1.41128484e+105][ -9.55261283e+104  -3.87085994e+105  -2.03773763e+104  -3.91969320e+105
  -3.32144975e+105   3.72072344e+105   2.87337413e+104   1.12463055e+105
   2.19705105e+105   1.16477399e+105   3.55607645e+105   1.98129583e+105
  -5.94713319e+104   1.32357712e+105   1.11257227e+105  -1.12870971e+105
  -1.48154389e+104   8.07221607e+103  -3.76372854e+105  -5.19831396e+103
  -2.10998222e+105   6.92096849e+104   2.51139494e+103   5.98105616e+104
  -9.21874755e+103   2.34019333e+104   1.54874198e+106  -2.39775995e+105
   9.78796857e+104   1.78123156e+105   1.17357247e+105  -6.93474595e+105
  -1.39616804e+105   4.17869828e+105  -1.23503936e+105   1.57291512e+105
   1.86423359e+104  -3.05347075e+105   2.94646235e+104   1.58949787e+105
   8.80228038e+104  -2.30829080e+104   2.19014480e+105  -2.75724149e+105
  -1.23633302e+105   1.35008469e+105   2.08067549e+105  -9.76841032e+103
   2.72040666e+105   1.92920382e+105   1.33070719e+105   1.70707407e+105
   1.03600247e+105  -4.24510803e+105   2.99741979e+105][ -1.51981001e+104  -1.42632835e+105  -2.88192001e+105  -1.71825144e+105
  -1.08253144e+105   2.44070857e+105   1.10143469e+105   8.06437081e+104
  -4.53579490e+105  -8.39387943e+104  -2.13017356e+105   8.78265631e+104
   1.95413379e+105   6.91637767e+104   4.91723922e+104   1.74512986e+105
  -6.73727060e+104   1.98853916e+105  -2.07808197e+105   3.15876155e+105
  -4.41384000e+105  -3.47781715e+104   7.17540729e+105  -1.02576332e+105
   2.48462159e+103  -5.51163438e+104   1.78822152e+105   1.59850702e+105
   8.01314927e+104   2.12434614e+105   5.03444811e+105   3.17211395e+104
  -6.98378503e+104   3.09828977e+105  -1.83303203e+104  -4.99267040e+105
  -8.44190747e+105  -1.96034408e+105  -5.96769409e+104  -1.65776053e+105
   8.89496507e+104   9.21614060e+104  -2.70338087e+105   4.80157691e+104
   3.87993688e+105   2.01775642e+104  -1.51329377e+105   1.96492277e+104
  -2.28256688e+105   5.18242888e+104  -3.10579732e+105   1.59674908e+104
   2.63078786e+104   9.03642780e+103  -2.52076924e+104][ -8.39493008e+104  -5.59831259e+104   1.76337252e+105   2.81494320e+105
  -7.92567742e+104  -7.65957217e+105  -1.64981973e+105  -5.24500515e+104
  -9.70681612e+105  -6.24631003e+103  -4.80873403e+104   7.82457890e+104
   7.23017635e+104   3.84928946e+104  -1.94008053e+105  -3.11919855e+105
  -1.17819136e+105  -1.86486028e+105  -1.88794862e+105   8.73699816e+104
   1.98692921e+105   1.83793021e+105  -3.05352092e+104   2.08548320e+105
  -1.70809668e+105   5.88744987e+105   2.30637248e+105   2.73577238e+105
   2.96424398e+105   2.93453187e+105  -7.61307089e+104  -5.17462978e+104
   2.38039130e+105  -1.58412813e+105  -2.37192088e+104  -5.64866042e+105
   3.92177918e+104   3.11792840e+105  -1.20760152e+105  -2.91518950e+105
   1.00501588e+104  -1.21619186e+103  -1.63622100e+105  -8.04392797e+104
   1.76582147e+105   2.15836250e+105   2.24280499e+104   2.53026356e+104
   2.64900587e+105  -1.02731567e+105   6.01029179e+104  -1.88435603e+105
   4.01571748e+104   1.07161566e+105  -2.19242796e+105][ -6.29512723e+105  -4.60096771e+104  -1.43438075e+105  -1.69930594e+105
  -2.40503614e+105  -2.72596427e+105  -4.28285194e+105   1.01783010e+105
   5.11939707e+104  -7.18255192e+104  -1.47392066e+105   1.85970838e+105
   2.23541138e+105  -3.98951760e+105  -2.46295538e+104   2.22676266e+105
   6.04739264e+104  -2.71026631e+105   3.71961836e+105  -4.76809825e+104
   7.91300955e+104  -1.55399094e+105   3.58512071e+105   9.79152459e+104
   1.19126763e+105  -3.28221453e+105   3.27967995e+105   1.20350942e+105
   3.17411975e+104   2.18359278e+105   1.89038118e+105   4.10411486e+104
  -9.40374955e+102  -2.38839938e+105   1.85208615e+105   9.94126923e+104
   7.06640663e+103   3.55462300e+105   6.59639581e+104   1.20432323e+105
   6.46683136e+104  -7.10387959e+104  -1.75175271e+105  -1.16511151e+105
   3.66764820e+105   1.13374306e+105  -1.07540811e+105  -3.13366646e+105
  -9.45744391e+104   4.02015638e+104   6.83171836e+105  -1.01378805e+105
   1.13117376e+105   1.56479936e+105   4.39658400e+105][  5.03620731e+105   2.49476275e+105   1.41113901e+105  -8.50770464e+104
   1.03851668e+105   2.18076096e+105   1.32604643e+105  -3.81942994e+105
   6.56473254e+104  -4.53088469e+105  -6.84418365e+104   1.92026894e+105
   2.26900875e+105  -3.54147968e+105  -1.33565791e+105   8.89701195e+104
   3.89465370e+105  -3.93191619e+104   4.35846453e+102   1.61168620e+104
   3.17729270e+105   2.80337683e+105  -1.16690762e+105  -2.02780165e+105
   1.62259863e+105  -4.56368444e+104   2.62013658e+105   5.76798687e+104
  -1.51483431e+105   9.24963822e+104   1.12842000e+104  -8.70821185e+104
  -1.61569170e+105  -9.72747059e+104   3.58158129e+105  -3.56881753e+105
  -1.41232982e+105  -2.12447031e+104  -1.46177054e+105  -1.35338032e+105
  -1.17187776e+105  -3.91222740e+105   2.58636098e+105   1.38839636e+105
  -2.94476893e+104  -2.96945612e+105   1.18597293e+105  -1.08432842e+105
   5.95672449e+105   2.72617680e+104  -4.61620389e+104  -1.59957725e+105
  -8.21944295e+104  -2.03772690e+105  -1.20396234e+104][  1.25954479e+105  -2.79957289e+105  -1.78167785e+104  -8.85098332e+104
  -6.85725236e+103   4.15078172e+105   1.45726787e+105   2.11126099e+105
   5.12394456e+105   2.60137172e+105  -5.58358899e+105   2.31143279e+105
   7.73507521e+105   1.95161984e+105  -1.44596602e+105  -1.83650482e+105
  -2.08586073e+104   3.53978529e+104   3.20055218e+104   4.35001179e+105
   1.21616148e+105  -3.62102162e+105   5.96746093e+105   2.59350443e+105
  -7.20233830e+105  -1.54458834e+105  -5.09509412e+104  -2.78019186e+104
  -3.70707586e+105  -1.97473360e+105  -7.01872550e+104   1.96132862e+105
   2.25803978e+105  -8.72243981e+104   2.84775857e+105   5.29033717e+104
  -5.64966437e+105  -9.95422327e+104   1.26797337e+105  -1.13467432e+105
  -2.53804762e+104   5.76228337e+104  -2.16145617e+105  -5.14397898e+105
  -5.78975864e+105  -9.69942468e+103   1.86446650e+105  -2.22461174e+105
  -1.56140048e+105  -6.22098265e+105   2.11985976e+105   7.18144295e+104
   8.76880905e+104   2.37963259e+105  -1.93720154e+105][ -4.95797166e+104   2.09533007e+105   6.73117962e+105   7.53183223e+104
  -8.81428500e+104  -1.02283920e+105   4.23317312e+105   2.73111514e+105
   3.53481917e+104   1.71213664e+105  -1.15964105e+105   1.60013224e+105
   1.32501901e+104   2.36547285e+104   2.22610247e+105  -2.08147909e+104
  -3.65125000e+104  -1.96773053e+104  -4.01214550e+105   3.21480797e+105
  -1.27476713e+105  -1.16198951e+104  -1.36012893e+105   8.14786888e+104
   1.88339108e+105   7.60307223e+104  -5.67684268e+105   1.20943980e+105
  -2.06437964e+105  -5.43357474e+105  -2.00135386e+104   5.43087158e+104
   7.37487702e+105   1.33086205e+104  -7.39907370e+104   1.81659564e+104
   4.04349313e+105  -1.55988936e+105   2.29061217e+105   6.70337694e+105
   2.73415064e+104   1.03285166e+105  -2.33848858e+105  -2.15997783e+105
   2.03948921e+105   6.31257422e+104   4.84681329e+104  -3.74105518e+105
   7.31189955e+104   1.80022821e+105   1.12901305e+105  -1.60985859e+105
  -1.07534104e+105  -6.30130343e+105   3.53982135e+104][  1.21610988e+105  -4.99721150e+104   3.27701687e+103  -2.58852288e+104
  -1.14369718e+105  -1.53186887e+105  -2.39271022e+105  -2.66134628e+105
   4.12165259e+105  -3.48248204e+104  -1.17027508e+105   7.52640529e+103
   5.71377359e+104   4.63730249e+104   1.19322595e+105  -1.24423925e+105
   1.08733447e+104  -3.33380344e+105  -5.73468081e+104   1.83939397e+105
  -1.99912908e+105   4.28150196e+105  -9.62547409e+104  -1.45378052e+105
  -1.34174247e+105   3.92816812e+105  -1.03713173e+105   2.04301851e+105
  -7.21910159e+104  -1.27392366e+105   1.99910800e+104   2.13408448e+104
  -3.45952136e+105   5.89356687e+103   1.98357255e+104   3.13638940e+104
  -4.01339323e+105   7.81986581e+104   2.64441608e+105  -1.97552880e+105
  -6.78813299e+104   1.21444726e+105  -1.59915335e+105   1.27175680e+105
  -1.21908633e+105  -1.20441298e+105  -1.78569505e+105   4.26474737e+105
  -2.81176863e+104  -2.59153536e+105  -8.48735001e+105   1.51797945e+105
   1.39950813e+105  -5.70133873e+105   2.02443464e+105][  1.75108129e+105  -4.96078254e+104  -8.38300103e+104  -5.97150646e+104
  -2.38036619e+105   1.28080168e+105  -7.99925016e+104   1.14369594e+105
   9.31331857e+104  -8.08325358e+104  -2.61143402e+105  -8.10569100e+103
   6.02549611e+105  -2.48453381e+105   1.97666662e+105   1.00549191e+105
  -1.19029046e+105  -4.53286313e+105  -7.92786534e+104   4.93859156e+104
   2.11214796e+104   1.35728221e+105  -8.25256891e+105   1.26945692e+105
  -3.41039123e+105  -2.73746362e+105   1.94689895e+105   1.14561259e+105
  -1.92977521e+104  -1.00631901e+105   3.51732769e+105  -1.21028743e+105
  -7.39108540e+104   2.11307700e+105   4.36174066e+105  -2.59914888e+105
   1.80711916e+105   3.28430323e+104   2.90930656e+105  -3.55337267e+105
   1.80116562e+105  -2.36677276e+105  -2.40992051e+105   5.96623025e+104
   3.37115188e+105  -8.63839994e+104  -1.42961784e+104  -3.65676475e+105
  -1.01935559e+105   1.67349145e+105  -5.60873469e+104  -8.46039652e+103
   2.77682829e+105   3.25707939e+104  -1.49011881e+105][ -6.88065454e+104   4.37192731e+104   6.48461936e+104  -1.29224858e+104
  -1.18498858e+105   1.25186294e+105  -1.13139565e+105  -2.63973537e+105
  -1.34143389e+105  -8.46278840e+104  -2.78138819e+104   9.37530375e+104
   3.15202268e+104   6.30201429e+104   5.40500838e+105   8.21540427e+104
  -1.78214444e+105   6.04444841e+105  -2.06549872e+105   1.71313479e+105
   3.94121352e+104   6.05804300e+104  -3.30148038e+104   5.88188804e+105
   3.11766477e+105   1.07020263e+106  -1.00158150e+104  -1.40928773e+105
  -7.85196731e+104  -5.28245758e+104  -8.19186747e+104   2.82132633e+105
   2.12175450e+105   5.83502800e+104  -1.43493473e+105  -2.07849895e+105
  -1.57656783e+105   2.15380761e+104   3.17692733e+104   6.08318855e+104
  -3.17933281e+105  -3.57087275e+104  -4.14781466e+104   8.32451520e+105
  -7.03026948e+104  -1.94605704e+105   6.22983457e+104  -6.57951621e+103
   2.87699847e+105   4.79943218e+105   1.17093910e+105  -2.24613407e+105
  -5.22999101e+104  -2.32518821e+104  -2.43945500e+105][  3.01236162e+105   2.15035087e+105  -1.22075769e+105   2.02955169e+105
   2.95122364e+105   1.27806107e+105  -1.96599607e+105   5.47411774e+105
  -2.10134385e+105  -2.55714678e+104   9.80777248e+104   9.16129511e+103
   3.03360265e+105  -9.78036957e+104  -1.50137202e+105   2.24525012e+105
   1.86990698e+105  -1.85368175e+105   2.82083976e+105   9.80172137e+103
  -5.85510109e+104   1.25215038e+105  -2.40351102e+104   9.50265443e+104
  -2.07572297e+103   2.32566313e+105  -1.75779563e+105   2.71933062e+105
   6.08519263e+105   8.85124677e+104   1.95684306e+105   6.12711048e+104
   4.16842428e+104  -2.24633948e+104   3.41431313e+105  -2.97713723e+104
   2.64819719e+105  -1.41368637e+105   2.25143934e+105   7.43953586e+104
  -7.15824004e+104  -9.36098620e+104   3.22059033e+104   4.16779917e+105
   3.86619151e+105   6.11921652e+104  -1.23502914e+104  -2.17337871e+105
  -3.20305906e+105  -1.93291500e+105   1.61690334e+105   1.24419276e+105
   2.43256369e+105   1.13078389e+105   1.47290566e+105][  1.22946348e+104  -3.66685100e+105  -8.27617650e+104  -7.88669903e+104
   5.52313149e+105  -2.99317478e+105   1.34141836e+105  -3.07756198e+105
  -5.26409377e+105   5.46150414e+104   3.40475182e+104  -2.48760341e+104
   2.24027505e+105  -3.15495079e+105  -1.23349102e+105  -9.06893622e+104
  -1.27223789e+105  -9.21275185e+104   8.72540971e+104  -2.87399239e+105
  -2.82266202e+104  -1.90839257e+105  -1.54901278e+104   1.69969941e+104
  -2.46351598e+105  -7.93368487e+104  -1.01653302e+105  -2.03549363e+105
  -2.69590696e+104   5.45091816e+103  -3.66193954e+105  -6.32737514e+104
   2.95429745e+104   7.89983141e+103   7.61262364e+104   3.42072040e+105
   3.41349078e+105  -3.05780724e+105   1.62139191e+105   8.98078890e+103
   9.61309238e+104  -5.81301604e+104   1.49795802e+105   1.69453034e+105
   9.35585919e+105   9.49542298e+103   3.35160611e+105  -2.50362108e+104
   1.55608360e+105   1.72278626e+105  -3.22089726e+104  -9.18128875e+104
  -7.63179078e+104  -1.88842561e+105  -8.87557783e+104][ -1.93123481e+105   1.13619997e+105   1.62500391e+105  -4.24408098e+104
   1.70390740e+105   3.64771889e+105   1.14647104e+105   4.09831009e+104
  -1.25484088e+105   3.84480302e+104  -5.46957633e+104   3.59046868e+104
  -2.45726680e+104  -1.09542819e+105  -2.05872964e+105  -1.92694920e+104
  -9.60428275e+104  -1.10580030e+105   8.85036104e+105  -6.20681352e+104
  -2.56810726e+105  -3.22148825e+104  -1.65539338e+105  -4.36969173e+105
  -8.68620972e+104  -2.95108755e+105  -6.89259071e+105   3.11453411e+105
  -2.88979762e+105  -2.32510269e+104   3.05032868e+104  -5.43542229e+105
  -2.45556864e+105  -4.07992417e+105   7.19940413e+104   3.23594791e+105
  -1.54974585e+104   3.78531165e+105   2.37561402e+104   3.03813439e+105
   7.04495180e+105  -8.96102287e+104  -6.62688682e+104   1.82658836e+104
  -3.53415551e+105   1.07723764e+104   2.71368742e+105  -5.25180194e+105
  -3.95542984e+105  -7.74839222e+104  -1.99376916e+104   4.11220327e+105
  -1.45347720e+105   1.22138219e+105  -9.53485204e+104][  1.51624658e+105  -2.29126770e+105  -3.91058993e+104  -2.41978552e+105
   2.05346715e+104   2.70286525e+105  -2.59271316e+105   4.34049087e+105
   2.67633674e+105   1.63061305e+105   3.75888152e+103  -3.13307749e+105
   2.74628963e+104  -6.06440319e+105   6.61678212e+104   1.77215191e+105
  -2.44097673e+105   1.74765110e+104   4.52561216e+103  -1.08392801e+105
   2.29598274e+104   2.84583272e+105   1.54256010e+105  -2.09320645e+105
   3.01689923e+105  -1.84154156e+105   2.24571906e+104  -9.95035315e+104
  -1.03990281e+103  -5.75946411e+103   4.73090710e+104   1.28968839e+105
  -3.14720906e+105  -1.56826071e+105   5.13938857e+104  -3.34315348e+105
  -2.83941181e+104   1.64595089e+105  -7.56898557e+105  -2.94200227e+105
  -2.57346691e+105   4.52699462e+105   1.40746064e+105  -8.04097034e+104
  -9.11155088e+104  -1.91023486e+105  -1.20630972e+105  -2.23966758e+105
   4.53156236e+105  -2.47344150e+105  -1.54958414e+105  -3.36622540e+105
  -2.74930638e+105  -2.49375407e+105  -6.31590507e+105]
 pesos capa salida
[ -1.78279996e+106   1.29133693e+106  -1.47151982e+106  -7.56828088e+105
   9.28589037e+105   1.32621549e+106   7.44133797e+105   1.58046018e+105
  -1.06515590e+106   5.70415411e+105  -5.39624074e+105   2.45716694e+106
  -1.82895138e+106   1.86466514e+106   1.09576012e+106   3.96555842e+105
   5.20903227e+105   8.32331248e+104  -1.11461967e+106]
 biasCapaoculta
3.224868774118836e+105
 biasCapaoSalida
-3.695755824342588e+104
 mejor error
173.4999998290001
 Precision 
0.6985230234578628