pesos capa oculta 1[ 0.05145732 -0.19903665  1.60402839  1.86523126  0.00883899  0.5240028
 -0.37100647  0.29513089  0.75929532  1.10359317  0.79111362 -0.37232412
 -0.31632408  0.90484196  0.47367066  0.77426596  0.66448073  0.57904306
  0.32375111  1.37761302  0.3474531   1.33111433 -1.04343144  0.58348484
  0.31958298  0.17216173  0.00937653  0.430498   -0.06139932  1.31492845
  0.42348009  0.10194325  0.80975132 -0.67549504  1.07931164  0.75616693
 -0.60839303  0.03498531  0.7721289  -0.5610191  -0.34085935  1.07096898
 -0.90650077  0.8534632   0.70086275  0.38234726  0.60819503  0.30167891
  0.61044102  0.10575524  0.40681748  0.80607099  0.67802762  0.76080982
  0.28193514][ 0.25678112  0.642763    0.93304778  0.55811676  1.77726159 -0.46339239
  0.80735651 -1.28920112 -0.92433014  1.43349506  1.43195301  0.30317084
  0.44729645  0.19130878  1.1355661   2.17639111  0.83928142  0.82474671
 -1.08671557  0.77195617 -0.0237112  -0.58194511  0.31755701 -0.09466909
  0.20563536  0.63012294  0.97351474 -0.46685051  0.08050575  0.75576554
  0.64271113 -0.61473483 -0.20319189  2.13153161 -0.57482204  0.81994541
  0.46547313  0.45701566 -0.47504579  0.90718359  0.3703918   0.39452151
  0.94421032  1.79394517  0.30185432 -0.06479794  0.4998398   0.41906913
  1.35152436 -0.23161817  0.82193061  2.112365    0.54624833  0.08997761
 -0.68479373][ -5.12597781e-04   7.37080257e-01  -2.23270972e-01   2.43541832e-01
   6.04360664e-01  -1.35737897e-02   6.77463689e-02  -4.04918399e-02
   1.18384785e+00  -1.97893573e-02   1.42330620e-01   9.82920452e-01
   7.97317046e-01   2.08409014e-01  -9.39651966e-02   4.39943235e-01
   4.59108607e-01   7.88728825e-01   9.63330791e-01  -2.25620444e-01
   1.28126728e-01   4.32598463e-01   6.00888723e-01   2.35920097e-01
   6.80012368e-01   8.85092446e-01  -8.00178339e-03   4.31208065e-01
   1.24375263e+00  -8.47190121e-02   6.73267044e-01   9.02579777e-01
   5.00360869e-01   3.86757297e-01   7.10227020e-01   4.16271658e-01
   1.21734382e-01   9.72116621e-01   6.71036168e-01   4.79732361e-01
   1.35414217e+00   1.83329124e+00   7.04785253e-01   9.74735003e-01
  -9.94763493e-02   1.47526795e-01   1.04721268e+00   8.23469263e-01
   5.33647420e-01   6.38144963e-01   9.84234247e-01   1.18667940e+00
   1.22294456e-01   7.41956663e-01   4.01115114e-01][ 0.28005371  0.60197426  0.55766986  1.38863589 -0.08829868  0.5416657
  1.17236551  0.17160574  0.5565422   0.58967875  1.43734526  0.61767315
  0.56030402  0.59227667  0.47113337 -0.32203183  1.204994    0.76400858
 -0.37322508  0.56252024  0.2716321   0.51214076 -0.29899421  1.0869734
  1.31273635  0.66089809  0.05669213 -0.2375328   0.84575992  0.76811035
  0.83724576  0.09826398  0.72574474  0.73616892  0.44605896  0.91854034
  0.20654211  0.73570451  0.57278762  1.09602812  0.52433844  1.24721099
  1.57476529  0.54939943  0.42665777  0.49573304  0.21875013  0.31650839
  0.42489298 -0.09630603  0.29822346  0.65171505  0.78492476  0.76598388
 -0.18232042][ 0.51207757  2.16139287 -0.2597062  -1.25437499 -1.10659389  0.67865432
  1.00017731  0.30477442  1.50391296  0.23710038 -0.11781447 -0.28324898
  1.60058422  0.13784131  0.22728321  0.26310556  0.97309768 -0.67460787
 -0.17060504 -0.26456007 -0.3347927  -1.85939107  0.61595155  0.73663113
  1.00640206 -0.36486316  0.0243474  -0.60178094 -0.1572274   1.45973619
  0.14604171  1.73510569  1.52996521 -0.21616722  1.07167335  0.72110055
 -0.47528641  0.70039544  1.32752326 -0.240011    0.68175011 -0.29503897
  0.7590146  -0.50042877 -0.02074096  1.04886497  1.19751825  1.50144282
  0.47424767  0.13002917  0.345389   -0.95428103  0.27314199  0.89772766
  0.48958064][ 0.48826617  0.53311376  0.27375129  1.42658976 -0.03774773  0.50173749
  0.14916178  0.13339744  0.39352308  0.93613473  0.82089794  0.80314609
 -0.03514082 -0.93196372  0.90075944  0.02722338  0.72055018  0.99803733
  0.85434079  0.74468264  0.31055804  1.48900602  0.23888791  1.2939154
  1.05631334  0.41657982 -0.05232483  1.61293207  0.10060497 -0.18662426
  0.90173217  0.78108016  0.40290409  1.5261096   0.14971675  1.39809115
  0.60910513  0.48203832  1.48330486  1.0084762   1.02625107 -0.15428313
  0.29409375  0.45122016 -0.4991986   0.62992479 -0.05407538  1.2609859
  0.24733313  0.95724679  0.34593426  0.02133086  0.65566238  0.53387688
 -0.94224665][-0.30686014  0.22863869  1.19329834  0.9930594   0.51172597  1.91665255
 -0.17225818  0.9124098  -0.17946896  1.10385914  0.52195429  1.07139127
  0.42614488  0.10302731 -0.30713642  0.15787589  0.11955052  0.36909842
  0.16232955  0.29999756  1.56189105 -0.20444033  1.556872    0.50919078
  0.94048729  0.4280864   0.22647658 -0.66930981  0.55824028 -0.04310808
  1.06350479  0.13878309  0.17129202 -0.17575792  0.229108   -1.1056048
  0.25263369  1.01735689  0.74280661  0.03725835  1.52934657  1.16896603
  0.87162726  0.77146448  1.05254394  0.22212589  0.11114438  0.88238488
  1.31458815  0.69772165  0.45240713  1.08374743  0.0377476   0.43712408
  0.76834432][ 0.46957968  0.84890788  0.45993409  0.3873593   0.77472363  0.43228344
  0.84612317 -0.38133951  1.75255186  0.36139343  0.99378245  0.64502654
  1.41724568  0.00734346 -0.11750741  0.6329781   0.95572094  0.37663815
  0.04303233  0.70968254 -0.57991647  1.17155585  1.03926225  0.04804532
  0.12192065  0.55213249  0.78996416  0.51618966 -0.35657589  0.08981031
  0.39398178  0.1162083   0.30899748 -0.43983619  1.31690341 -0.36371731
 -0.25942325  0.4916594  -0.42281836  1.72660698  0.273971    0.41103374
  1.29905613 -0.20136263 -0.10915953  0.50803728 -0.49418448 -0.55484028
  0.07758547 -0.13576695  0.88825623  0.36964161  0.95948087  0.06978763
  0.6226843 ][ 0.61729121  0.57758929  0.59804807  0.61204899  0.91862449  1.32634644
  0.07507548  0.49502266  0.64567601  0.60515977  0.20924098  0.7717643
  1.17941261 -0.69935768  0.33803768  0.70209792  0.56434654  0.30677951
  0.52948526  1.1088814   0.38898783  1.02497895 -0.33346872  1.02971584
  0.16866655  0.32133833  0.17228054  0.2195271   0.67601195  0.90581787
  1.23708756  0.38248922  1.2085005   0.87314944 -0.14921628 -0.11387028
  1.08899049  0.48593724  0.40569375  0.59357304  0.51778858  1.59469213
  0.97054422  0.96361778  0.23242098  0.83726679  0.529506    1.10128303
  0.86498235  0.69042977  0.0560269   0.18609203  0.98572515  0.04577295
  0.03302101][ 0.50136637  0.72893228  0.84028743  0.72638793  0.89995665 -0.35260719
  1.94865795  0.905144    1.31441705  1.21598329 -0.18215774 -0.08103493
  0.31783838 -0.02217423  0.3137346  -0.61629617  1.0789932   0.42239589
  0.73908451  0.77909122 -0.875208    1.2125075   0.06770158  0.62986847
 -0.0874497  -0.13869143  1.1086194   1.19149919 -0.73342827  0.02339327
  0.41536451  0.18954501 -0.1211759   0.43983909  0.07938682  0.2178389
  2.00797384  0.12352487  0.34082071 -0.45366247  1.3287801   0.14841432
 -0.47436836  0.66058266  1.15113406  0.47149343  0.20086062  0.00595753
  1.31833194  0.32164213  0.66663674  0.51186023  0.77915609  0.24502219
  0.97897374][ 0.14189756  0.30680718  1.42398335  0.88734109  0.99385801  0.91736323
  0.33648657 -0.23290442 -0.22398942  1.08804228  0.89786464  0.34044982
  0.67419268  0.87575357  0.48559069  0.07976322  0.44632593  0.70519067
  0.20804121  0.63926067  0.47741359 -0.00243035  0.05749055  0.84463936
  1.50509972 -0.22528527  0.40819143  0.39028415 -0.28396998  0.55052099
  0.68855308  0.06419272  0.92055297  0.44491351  0.75865735  0.59245682
  1.17678152  0.80677273  1.53883977  0.08221762 -0.10996077  0.52054523
  0.98862957  0.17984851 -0.2989344   0.58119865  0.63571007  0.4974234
  0.26718425 -0.20277772  0.28378853  0.9374795   0.55015203  0.58720454
  1.15331024][ 0.83779885  0.57804445  1.13248129  0.49689346  0.15282365  0.81370184
  0.49804316 -0.23703555  0.61398309  1.2465368   0.42641258 -0.05244279
  0.6002956  -0.4562541   0.41610926  0.42840006  0.83424474  1.04023266
 -0.22089296  0.59287936 -0.2339673   0.2017881   0.25326999  0.50878216
  0.63704981  0.17907526 -0.09851981 -0.05403928  0.77284501  0.42541875
  0.16262121  0.6913788   0.81319131  0.34056655  0.57073496  0.76531418
 -0.39821756  0.24873893  0.34594177  0.71709737  1.02343616  1.42402785
  1.44352929  0.02403834 -0.04534908  0.76783213 -0.07215636 -0.29971329
  0.77135563  0.49366239 -0.02687829  0.28827745  0.27814292  0.52169916
  0.70820575][ 0.17999116  0.38935005 -0.17312128  0.66715099  0.19728072  0.86012755
  1.55471301  0.18491581  0.63365332  0.28705404  0.52103202 -0.26861476
 -0.04633075  1.91282498  1.8521649   1.26903346  0.75417206  0.53392211
  0.42277396  0.82971339  0.30810452  1.12522362  0.77610491  0.42876213
  0.65996034  0.34777411  0.55006059  1.57854443 -0.37541576 -0.52407391
  0.94072998  1.3709175   0.02732174  1.84340732  0.72583329  0.11959663
  0.01888938  0.4035352   0.27332137  1.52526144  0.00728054 -0.25880674
 -0.13832807  0.96866951 -0.04386988  0.47208825  1.01922594  0.32777337
  0.54399586  0.61333512  0.85041505  0.49756234  0.43434121  0.82810779
  0.38596448][ 0.07342614  0.0611454   0.25204374  0.68249552  0.41233578  0.09084929
  1.00973871  0.18908946  0.424268    0.43362006  0.78451702  0.37840806
  0.33035259  0.55827012  0.33975223  0.43759869  0.13584605  0.3855246
  0.79172533  0.49125047  1.06599113  0.91585618  0.9548334   0.81357858
  0.72661214  0.02106484  0.9445619   0.42793997  0.56075819  0.78946527
  0.92780083  0.29310456  0.21953711  0.59804886  0.53927005  0.95802081
  0.64870541  0.51009526  1.07230671  0.03945509  0.50607247  0.67862497
 -0.20448363  0.59671796  0.7363876   0.30589437  0.69325572  0.15678456
  0.45152614  0.40379387  0.83191391  0.2957921   0.54202981  0.95629751
  0.13884637][ 0.58394701  2.13896071 -0.33979836 -0.5056233   0.83843134 -1.85454821
 -0.03405253 -0.21157343  0.68355091 -0.11495893 -0.88770281  0.18383574
  0.23357179  0.10254275  0.76720178 -1.35053522 -0.02796165 -0.70892544
 -0.18032536  1.20595419  0.35150875 -0.47396654  1.25216929  0.62686822
  1.07431588 -0.52074107  0.81860911 -1.41176937 -0.57677792 -0.07157489
 -0.15573368  1.04405565  0.43969853 -0.98640351  0.13382122  0.4824048
  0.56125826  0.45966135 -0.18960639  0.17928988  0.41097731 -0.63106045
  0.26821665  1.3184888  -0.32122291  1.00485649  0.46346199  0.84260683
 -0.28961639  0.20879618 -0.53686935 -0.02163847  0.99617092  0.20168093
  0.31995324][ 0.30477147  0.48163077  0.04491523  0.459954   -0.09417463  1.07705487
  0.4136021   0.45421251  0.47889001  1.10154893  0.64420211 -0.06472481
  0.89903958  0.91867707  0.13226373  0.98733363  0.94078823  0.59573408
  0.05686268  0.42472276  0.82434429  0.51859577  0.17387632  1.06727128
  0.17190189  0.64373047  0.80813365 -0.17192533  0.33779059  0.17271745
  0.85793636  0.62762258  0.83154494 -0.28614638  0.97907922  0.40643085
  0.99701137  1.26227221 -0.00878753  0.9413614   0.83862714  0.58944653
  0.59670503  0.47322788  0.53429504  0.25703348  0.72732267  0.93970676
  0.60687216  0.40352517 -0.19338299 -0.22782806  0.4357702   0.59723875
  1.00560846][-0.41629052  0.65091374  1.25853033  0.17293732 -0.42293108  1.63914169
  0.63758227  1.17280559  0.04292926  1.16910749 -0.09101793 -0.09853012
  0.78011567  0.95058054  0.45646363 -0.3737276   1.42140788  0.14925879
  0.05852798  0.52954475 -0.00387848 -0.93454935  1.33162621  0.25116179
  0.25547575  1.31007255 -0.08224404  0.01953854  0.96532817 -0.65170437
  0.41016248 -0.20064625  1.44792948  0.3790661  -0.91759368  1.53733636
  0.88159803  0.71255477  1.70330515 -0.1397423   1.48488496  1.74539688
 -1.00136698  0.1991724   0.17117162 -0.28984806 -0.05445193  0.44362042
  0.99901773  0.59732363  0.02097259  0.48685012  0.05132699  0.24227614
 -0.1678958 ][ 0.47058455 -0.51519575  0.71640773  0.4393841   0.50406357 -0.59402937
  1.22183564 -0.07604382 -0.46143566  0.06450863  0.43141354  0.57501439
  0.80793524  1.35651193  0.10687032  0.7484646   1.14114444  0.01232538
  0.23021432  0.33370987  1.20691619  0.91648538  1.00283536  0.63747785
  0.29950747 -0.17267344  0.37613279  0.40467863  0.43579595  0.62473287
  1.05681977  0.2353013   0.81122473  1.56245641  0.40671341  0.48380272
  0.57506491  0.7174117   0.48644661 -0.06367917  1.10859764  1.20456892
  0.29958291 -0.62482353  0.29096308  0.7064268   0.93109238  0.7975447
  0.42175652  1.29103326  0.82827126  0.92057587  0.98689951  0.92619371
  0.57195771]
 pesos capa salida[ 2.41980245  3.46338088 -1.6809462   1.52302051 -2.31603834 -2.61861705
  2.35668425  2.42354144 -2.08030518  2.57985164  1.99928934  1.34825711
 -2.51243043 -0.55819271 -1.97377365 -1.27018513  3.20078473 -2.47073978]
 mejor error17.125238682139226
 precision con todos los datos:0.8053866203301477