pesos capa oculta 1[ 0.25304481  0.37429701  0.7021053   0.18338844  0.40817447  0.97326103
  0.41094712  0.4637666   0.52576935  0.5167716   0.371006    0.86782998
  0.08536626  0.12188677  0.79810899  0.45819329  0.88199762  0.72299216
  0.44030869  0.73215927  0.5743967   0.15122983  0.81571623  0.6381464
  0.39310919  0.22211977  0.34181173  0.07580645  0.29826613  0.94892846
  0.23283354  0.22611233  0.40664626  0.38463626  0.41463072  0.35052678
  0.45860143  0.6030711   0.12278767  0.71209321  0.24080774  0.20433106
  0.54425015  0.06482846  0.61320869  0.85185682  0.76183476  0.05804376
  0.42605493  0.24703862  0.17035611  0.77027801  0.65486598  0.57485902
  0.66459622][ 0.01585845  0.71495553  0.44933554  0.72122923  0.3622514   0.6167993
  0.58088768  0.63164541  0.76768425  0.21543149  0.80537992  0.21324906
  0.83508502  0.32508572  0.25827949  0.93364916  0.36590303  0.48487745
  0.70388279  0.14666114  0.25515168  0.45507081  0.70351457  0.17056793
  0.98679147  0.82380962  0.59617091  0.73795076  0.92018288  0.18102593
  0.8977928   0.77152225  0.92757937  0.59680361  0.67272367  0.44387499
  0.85045582  0.76755486  0.57722976  0.08624259  0.13522569  0.79270174
  0.19164091  0.39414815  0.52372505  0.38115777  0.98821613  0.83749744
  0.16246672  0.69106804  0.3325775   0.43925046  0.62322183  0.44153396
  0.93420184][ 0.10791545  0.34300205  0.55590878  0.92845094  0.53894162  0.68037441
  0.97876414  0.11636135  0.30934267  0.58305394  0.26831413  0.23486386
  0.33138607  0.03327811  0.3806158   0.46255051  0.90800862  0.79903876
  0.51324503  0.43260836  0.61793691  0.12729376  0.39573464  0.11173784
  0.67572584  0.10539334  0.18937596  0.66711258  0.20770306  0.62881973
  0.29049209  0.25944507  0.75083358  0.54733647  0.89594983  0.91523734
  0.60366386  0.78575645  0.42581333  0.5136696   0.65987888  0.72486558
  0.34842954  0.17139363  0.64741582  0.45850506  0.67287915  0.0068616
  0.48308489  1.02305009  0.37644326  0.63193501  0.47470664  0.91511886
  0.09872202][ 0.92281362  0.05668292  0.08184532  0.26249836  0.1341129   0.80453894
  0.66163828  0.25544726  0.24441357  0.3868926   0.22648908  0.66493394
  0.66634027  0.01290922  0.69015141  0.92267801  0.24171064  1.015953
  0.43423489  0.71917854  0.95395961  0.56135797  0.58218989  0.46712621
  1.00831718  0.32721867  0.84606376  0.26344991  0.77938053  0.62272391
  0.23322234  0.17007683  0.4197832   0.40094358  0.75542371  0.25339778
  0.84898398  0.07967954  0.40649978  0.89971406  0.72863509  0.6379697
  0.09082087  0.85092298  0.03757493  0.95003429  0.14403277  0.20335984
  0.06128991  0.91658363  0.18589216  0.65166626  0.31715732  0.18097106
  0.97270191][ 0.10857137  0.47303352  0.6437529   0.32417001  0.41909432  0.02561219
  0.83846583  0.13043626  0.04988683  0.08889214  0.68192182  0.58636203
  0.13424839  0.04067012  0.70449656  0.01614692  0.48438367  0.10768222
  0.6234087   0.18847823  0.00774514  0.80639105  0.03342782  0.29606371
  0.82310375  0.51503154  0.79117073  0.70484697  0.51716623  0.3083213
  0.90148595  0.42403682  0.18488739  0.91146196  0.6531093   0.23189075
  0.14822054  0.24289875  0.94565923  0.31172007  0.42322709  0.49671978
  0.04324025  0.72695498  0.60145193  0.18812366  0.83225595  0.94610563
  0.83256554  1.000155    0.39398037  0.67355912  0.26848754  0.01524595
  0.52916028][ 0.41764068  0.43351783  0.43472549  0.63443516  0.46693263  0.08983366
  0.4784469   0.7762554   0.87607237  0.29545037  0.67255675  0.21064719
  0.35875321  0.40854063  0.72918581  0.76319     0.61158826  0.77528804
  0.74486454  0.40858078  0.41915654  0.74526829  0.53890747  0.92803775
  0.78435165  0.22217067  0.80654259  0.4489431   0.57994289  0.304968
  0.99309908  0.25163483  0.16093371  0.13607657  0.82716304  0.40627919
  0.97343204  0.45263609  0.66597895  0.40735579  0.09778349  0.77376312
  0.62396884  0.87627122  0.21344526  0.77409255  0.93632964  0.11373765
  0.76688244  0.67554845  0.96018003  0.8423046   0.95031951  0.89012569
  0.75327152][ 0.52153831  0.65366507  0.54526421  0.93033717  0.72587809  0.32282525
  0.11299064  0.6637369   0.1581448   1.01491587  0.10261365  0.75580742
  0.94656785  0.60440145  0.43621079  0.66975141  0.73801735  0.93268669
  0.19175062  0.9791028   0.08164516  0.4515275   0.21702813  0.11245592
  0.49938677  0.0300782   0.82470403  0.95193668  0.77771865  0.5646951
  0.69722501  0.87702634  0.75353605  0.97231456  0.86721054  0.77185688
  0.55165331  0.16908393  0.39513398  0.31928101  0.33622978  0.16899052
  0.53078497  0.7452382   0.92469288  0.73438543  0.22289409  0.16667948
  0.59307662  0.94551513  0.87197124  0.92580715  0.82477341  0.01504337
  0.79303014][ 0.44997791  0.61391459  0.81646013  0.44299778  0.69456241  0.0694926
  0.12858459  0.21250117  0.43213878  0.08546296  0.43511237  0.22414924
  0.9019905   0.88241521  0.05762175  0.83786968  0.92154715  0.34330584
  0.25580107  0.28517345  0.6728223   0.47593086  0.00725961  0.93163951
  0.12144509  0.40148509  0.7385647   0.6189915   0.43912006  0.49026974
  0.68486479  0.09050216  0.72900934  0.09512086  0.41630319  0.82455782
  0.42911292  0.63019678  0.56090365  0.39766041  0.6511316   0.88274312
  0.60266097  0.08231053  0.72770423  0.88753673  0.92213169  0.61724465
  0.02787848  0.77974688  0.993672    0.95589855  0.47199787  0.02957207
  0.73741727][ 0.25132369  0.71805218  0.53132898  0.72579426  0.05069514  0.17257485
  0.21719051  0.11405678  0.65337323  0.79873741  0.31891499  0.88335493
  0.54145693  0.1824307   0.89436783  0.61391838  0.6336025   0.74838618
  0.11844234  0.63673286  0.60289543  0.63091038  0.52830615  1.01306296
  0.68509786  0.20589233  0.51107359  0.91849241  0.19891312  0.69388323
  0.27115729  0.77850385  0.81549329  0.85349597  0.27424035  0.69996863
  0.89031809  0.74615841  0.61476713  0.86453798  0.90152494  0.43506615
  0.78625743  0.11142526  0.78948984  0.61995991  0.31175676  0.01011802
  0.02215123  0.35014848  0.82704172  0.74321856  0.09574695  0.78645403
  0.2117653 ][ 0.52711428  0.21904754  0.78360985  0.60938188  0.44518677  0.30073693
  1.00521914  0.32313096  0.7041345   0.55744071  0.23203184  0.6041383
  0.9605905   0.01967413  0.85850631  0.94201086  0.57240885  0.73334426
  0.48621797  0.3193383   0.32198457  0.06319272  0.53743801  0.12153159
  0.13279104  0.68185127  0.74063181  0.17621452  0.37776282  0.90234073
  0.98411519  0.21797183  0.8452312   0.44742329  0.73470068  0.39787352
  0.74042752  0.4811348   0.44796638  0.47858496  0.24215483  0.7398233
  0.32859758  0.4020199   0.81951301  0.25868677  0.66753177  0.27159472
  0.5265549   0.79146578  0.32784383  0.35300952  0.69627084  0.68257936
  0.38522767][ 0.64755705  0.22364328  0.27892834  0.25278682  0.52219973  0.15554578
  0.78713317  0.57693851  0.86603455  0.30364035  0.05486886  0.0442411
  0.86620024  0.42029295  0.16321548  0.03708262  0.36440744  1.00722305
  0.15724577  0.36997878  0.58130025  0.16666696  0.27775119  0.10342291
  0.46865899  0.62806655  0.11667414  0.94447779  0.67889862  0.63261842
  0.7553748   0.99184631  0.03453058  0.10258942  0.37290136  0.73395719
  0.64110311  0.86140821  0.0701984   0.70195428  0.10630687  0.10929828
  0.89356672  0.75020984  0.08497433  0.75055217  0.68386139  0.98646121
  0.84464338  0.88927758  0.59565311  0.1968805   0.91671825  0.70372864
  0.77911866][ 0.07988563  0.15512243  0.68124629  0.61858793  0.00903826  0.46691878
  0.32805778  0.22267737  0.10673621  0.47058967  0.04035715  0.73638245
  0.68941883  0.9446866   0.52533827  0.31158629  0.33256116  0.70608882
  0.49867731  0.08312289  0.269963    0.10182282  0.46070935  0.20754842
  0.63428662  0.1656615   0.29232487  0.23725393  0.21055306  0.70444306
  0.91329054  0.12223068  0.56806965  0.59849078  0.85996051  0.61631624
  0.84948044  0.9130105   0.45382326  0.11395107  0.3319416   0.77420832
  0.24742391  0.31631387  0.20804569  0.96423719  0.16471454  0.75488747
  0.10001726  0.29356752  0.40564383  0.68968308  0.25307227  0.03053377
  0.09593141][ 0.23924412  0.64529635  0.98843926  0.76935177  0.05494469  0.87856501
  0.76969048  0.86333984  0.07531034  0.22866823  0.29813379  0.96207995
  0.90338495  0.71923174  0.85716313  0.64179456  0.27512921  0.5257321
  0.16140873  0.81412589  0.38598568  0.03331647  0.11245823  1.02964243
  0.7418574   0.66264878  0.53857873  0.87681677  0.08457664  0.08784003
  0.40576854  0.84978036  0.29328529  0.43747764  0.18104313  0.31390813
  0.98985532  0.62501862  0.63208345  0.36376992  0.0804913   0.53327415
  0.61875113  0.60995081  0.57418324  0.72773335  0.55200434  0.95713314
  0.7721199   0.16154155  0.50108904  0.09304741  0.92128976  0.4180334
  0.36922423][ 0.65014671  0.37110347  0.71136719  0.15229913  0.01270389  0.06960256
  0.82005593  0.2132121   0.34298255  0.67602417  0.37386305  0.84473653
  0.92733827  0.07982577  0.88260778  0.96826832  0.82389168  0.39350195
  0.3055812   0.96509416  0.60370658  0.68875692  0.05687908  0.26480582
  0.34951482  0.1875801   0.65088915  0.35064085  0.77974428  0.65888635
  0.26186858  1.00199201  0.43142047  0.56761833  0.20761814  0.55407065
  0.9754545   0.61376094  0.53527655  0.83584111  0.31784165  0.60136165
  0.87041593  0.19786667  0.79355753  0.33605306  0.50332258  0.5426713
  0.35914323  0.62575552  0.79365781  1.01101821  0.16732256  0.61490002
  0.58633105][ 0.78139297  0.53439468  0.92915806  0.99422891  0.65294315  0.98346648
  0.21741342  0.70723562  0.76688089  0.8449901   0.02762185  0.3010964
  0.36124674  0.71092925  0.80283603  0.58574679  0.86113624  0.06761356
  0.45061949  0.56467819  0.52217465  0.16104256  0.35098057  0.78937796
  0.32432615  0.02227484  0.50130785  0.58580941  0.11198614  0.23625303
  0.99515739  0.2185871   0.83562355  0.52643663  0.72490439  0.31091875
  0.54838402  0.91965859  0.63519612  0.98714876  0.35422319  0.0258265
  0.97052129  0.86497946  0.77131809  0.94542749  0.70665529  0.24066346
  0.04397782  0.39940695  0.38031928  0.70827792  0.35177644  0.53207001
  0.89080971][-0.0525561   0.1545166   0.22182795  1.01664132  0.51557539  0.77961741
  0.55381083  0.43118627  0.82543448  0.88951697  0.5404582   0.34866776
  0.62913625  0.58250234  0.36668393  0.87009214  0.70587527  0.20391808
  0.0404317   0.22264892  0.2529487   0.42888003  0.58973963  0.48923077
  0.14041573  0.73016902  0.25367055  0.33016297  0.6745824   0.87669942
  0.44003839  0.42232074  0.80232921  0.58667784  0.50836671  0.5897927
  0.66403084  0.60141195  0.75225815  0.17720239  0.89376469  0.48589633
  0.47789921  0.8337413   0.90506263  0.60510982  0.45833479  0.38437695
  0.18505014  0.54823307  0.12380457  0.76374229  0.13433846  0.08978842
  0.9729769 ][ 0.62953782  0.31649209  0.49474818  0.24568538  0.23681172  0.25061287
  0.98214064  0.41150321  0.19261017  0.49365458  0.56391542  0.31527178
  0.9749405   0.35004934  0.96747507  0.65723945  0.33689127  0.81692491
  0.89619348  0.29620946  0.17780997  0.08481049  0.67194532  0.86875284
  0.90239618  0.1678563   0.77967948  0.94834823  0.92747081  0.86901273
  0.22364172  0.35258667  0.70730348  0.17839348  0.85183966  0.55364592
  0.37597051  0.65225766  0.92664035  0.20006619  0.14200663  0.73250733
  0.79597816  0.19045631  0.05414589  0.86991747  0.7462935   0.56935482
  0.1448586   0.22536488  0.7939648   1.00234388  0.23595942  0.71152942
  0.25113749][-0.06408921  0.86153426  0.37676282  0.52017852  0.4710834   0.21809842
  0.8750192   0.06780562  0.52138387  0.22884652  0.23333464  0.35817898
  0.31198479  0.55244114  0.63339379  0.73073039  0.15650056  0.45851296
  0.64115202  0.25364494  0.09342814  0.64773232  0.43596265  0.31222177
  0.64797334  0.21828817  0.29883207  0.88527014  0.80614741  0.88506287
  0.91470392  0.51492238  0.76229151  0.77971636  0.1556665   0.06570888
  0.24318495  1.02208613  0.80993222  0.30039336  0.76639801  0.15243536
  0.65263736  0.70281328 -0.00303725  0.71698004  0.32798242  0.39078476
  0.1994185   0.85602685  0.09055973  0.66028195  0.83209099  0.71915049
  0.55781797][ 0.1176232   0.14690837  1.02015328  0.55754492  0.93103062  0.13226539
  0.80037492  0.3074679   0.18518099  0.87079437  0.94027569  0.81426785
  0.97652646  0.54120267  0.39209786  0.09631985  0.45344215  0.72794314
  0.75982174  0.83657591  0.69680899  0.16301432  0.10572968  0.15604889
  0.2593173   0.42409104  0.29391313  0.86236761  0.20628432  0.43739877
  0.57167649  0.81718204  0.36358856  0.19763487  0.17141193  0.23125962
  0.26012745  0.62898865  0.97373887  0.70446395  0.54319028  0.16774598
  0.1405967   0.12640181  0.53977109  0.63284308  0.02601017  0.20075258
  0.73922367  0.44224908  0.40935055  0.1510817   0.37500543  0.85156561
  0.13587843]pesos capa salida[ 0.37233093  0.85266396  0.8476478   0.11148193  0.14354718  0.77773918
  0.2890963   0.13763564  0.70017233  0.29518616  0.34493784  0.75798841
  0.44648351  0.37524239  0.20419379  0.70088273  0.7772174   0.61869877
  0.42275973]mejor error204.95061661625743