pesos capa oculta 1[ 1.05300662  0.83114894  0.71337085  1.32582853  0.68766514  0.80457544
 -0.33967697  0.36116473 -0.22220305  1.10232142  0.13359834 -0.70549006
 -0.55212555  0.78795935  0.82124471  1.43067795  1.69224761  1.23191727
  0.45996664  0.71571127  1.31957669  0.30264772  1.13307417  0.57705075
  0.315719    0.9925888   0.43768521  0.61905749  0.82143628  0.58718682
  0.18298281  0.96540139  0.05046121 -0.24234161  0.35122563  0.9276251
  0.58444814  0.19550717 -0.02646628  0.49614996  1.99741967  2.48828453
  0.32806785  0.47317128 -0.24259353 -0.10577528  0.18887038 -0.52897878
 -0.51427561 -0.47006866  0.71830446 -0.0806863   0.71114027  0.81383071
  0.02039355][ 0.67582942  0.01444566  0.77395597  1.00872808  0.59052146  0.24684143
 -0.28657491  0.70588537 -0.28562841  0.40299009  0.62021235  0.95066596
  0.55980496  1.28358573  1.94595476  0.98884735  0.11767834  0.46168425
  1.11993142  0.68226001  0.68723598 -0.86727695  1.47784488 -0.49548447
  0.67953501  1.27581092  1.50340703  0.6811883  -0.15888705  1.1508805
  0.24430209 -0.07428499  1.26307492  1.17631964 -0.60910818  1.06354604
  0.31714353  0.95345266 -0.21484777  0.66940291 -0.71828047  1.1788839
 -0.4941      0.37989884  2.1950635   0.15647689  0.55245499  0.58835382
 -0.13794929  0.60207593  0.13715024  0.04486383  0.10344795  0.62479626
  1.40048012][ 0.09725838  0.35756586  0.05864685  0.24044308 -0.38156609  0.76456663
 -0.38209705  0.78461457  1.1653138   0.65156677  0.49453963  0.41657358
  0.24639404  0.46022097  0.29924732  1.46419468  0.78782033 -0.29942184
 -0.87159587  0.46128974  0.04369104  1.05669079  1.44897797  0.97717926
  0.87688392 -0.63260444  1.21265092  0.07474205  1.57711163  0.53417528
  1.02518782  1.19164657 -0.23899078  1.5757819   0.27048032  0.97612584
  1.3461442   0.91174199  0.1820826   1.28895995  1.02238141  0.74064124
  2.00823048  1.27630941 -0.31903668  0.85098136  1.01919674  0.44584111
  0.30728992  1.17422279  0.85104731  0.55897921  0.07657685  0.82392318
  1.0252706 ][-0.20689235  0.67288331  0.29388349  0.17948524 -0.53788534  0.66643465
  0.26389643  1.41698403  0.25483838  1.11992469  0.14326771  0.46174102
  0.09837043 -0.0816744   0.27448392  0.04179288  0.3825031   0.10129261
  0.25632531  0.94684674  0.88257231  0.16298637  0.40173305  0.39089051
  0.36226702  0.30268916  0.98513535  0.68106197  1.32381327  1.09345839
  0.98870595  0.82202281  0.65296295 -0.03359205  0.86262839  0.48695882
  1.38121532  0.7298022   0.04962293  0.68153953  0.05825698  0.98258957
  0.2560954   0.49301416  0.36096615  0.17617608  0.86943445  0.32134944
  1.06327139  1.54062392  0.45265525  0.64930523  0.45393942  0.68280942
  0.57757026][ 0.00959308  0.16738597  1.63580526  0.06066468  0.91060124  0.1968835
 -0.15977826  1.14660635  1.1274884   0.30289591  0.47907668  0.86410238
  1.09841111  1.31451771  0.58726025  0.73712882  0.83596266  0.89134185
  0.48721182  0.68809465  0.86846189 -0.12905309 -0.38676026  0.92195527
  0.26965551  0.87168856  0.43024988  0.12870691 -0.61723858 -0.48394037
  0.24255848  0.7866734   0.09530258  0.77804784  2.25111474  0.29441822
  0.59171912  0.48762492  0.16656175 -0.23859091 -0.41801034  1.29710311
 -0.03505218  1.03720685  1.13145866  0.92186638  0.68093231  1.19454956
  0.35884371  0.70190501  1.83461999  1.75598154  0.04936372  0.65564398
  0.21434961][ 0.23104661  0.72556065  0.00797545  0.84543655 -0.33355563  0.46331645
  1.74463354  1.29227951  0.71392191  0.4899379   0.24990746 -0.13135469
  0.55102999  0.53237257  0.7119959   0.45392345  0.28357316  0.752258
  0.19085191  0.68965877  1.24103753 -0.34830921  0.91961771  0.31094969
  0.66517816  0.2707546   0.89061035  0.50624956  0.31889621 -0.07285325
  1.26738146  0.66513931  0.77244118 -0.5325346   0.41930168  0.02758812
  0.4936117   1.16184711  0.20887402  0.49517414 -0.0224399   0.77618992
 -0.88041716  0.98460196 -0.01096221  0.05171881  0.40660759  0.67975643
  0.04221698  0.34032279 -0.27017067  0.44021867  0.08325694  0.84202423
  0.61398065][-0.01594724  0.74645191 -0.40391352  0.33151243  0.93427895  1.35413374
 -0.19532328  0.70982125  0.99554002  0.03040779  0.41740584  1.63330296
  0.47322461 -0.2369984   0.84808357  0.85011822 -0.07905304  1.353068
  0.44162079  0.82920265  1.22084731  0.75760489  0.53460333  1.70838007
  0.12138477  1.04461401  0.26696789  0.91182911  0.23735374  1.81039662
  1.09608235  0.95425407  1.75013036  0.34658478  0.67068588  0.75917616
  0.73885759  0.83880189  0.87959559  0.79680521 -0.31602767  0.36474143
  0.17971416 -0.05947703  0.24018711  0.57860924  0.95608339  1.06704775
  0.87846059  0.68303618 -0.05995835 -0.20256758  0.98655028  0.47303261
  0.79060366][ 0.46598218  1.1854874   0.35475783 -0.14799481  0.49036767  0.62272293
  0.10701184  0.5561133   0.025373    0.89059354  0.03009152  1.17375654
  1.02026785 -0.0063953   0.6304422   1.03422372  1.05372394  0.15834762
  0.75494215  0.87631019  0.29467748  0.81891728  0.98576313  1.19394659
  0.81558881  0.490662    0.15640378 -0.01153654  1.52681726  0.21128233
  0.69953075  0.16138015  0.91416426  0.77633601 -0.32885116 -0.251558
 -0.74188302  0.97761043  0.01217965  0.94546927  1.36999595  0.68368792
  0.53254592  0.50146729  0.57585762  0.63204246  0.61661344  1.10012351
  0.97619033  0.52119054  0.67324921  0.66842836  0.02371757  0.75468896
 -0.18376049][ 0.83062312 -0.104179    1.49479346  1.02812511  1.27672721  0.61673796
  0.88544283 -0.14650371  0.53777017  0.66505678  1.20985711  0.5525103
  0.21210888 -0.74588756  0.14759341  1.06026256  0.82474751  0.80639837
  0.35751923  0.81471459 -0.19823272  2.27318061 -0.01007132  1.5102544
 -0.64719074  0.65969599  0.39123529  0.62440391 -0.34393317  0.15158948
  0.76292802 -0.61838655  0.86138458  0.82482959  1.09076773  0.21425735
 -0.22302131  0.61075691  0.13247073  1.40118346  0.34617715  0.1476925
 -0.2328665   1.1719889   0.97390463  0.6895944   0.8349578   0.5008799
  0.60689068  1.02844769  1.73951101  1.09729789  0.44571113  0.64561731
  1.32409369][-0.13546621  0.38647496  0.11882265  0.9708654   0.21219891  0.6198825
  0.63717111  0.13432309  0.1463743   0.07220013  1.26468998  0.69076144
  0.58330177  0.25272559  0.94844058  0.3317957  -0.09537747  1.09037186
  0.57869178  0.47943397  0.14208454  0.57022228 -0.40949445 -0.01348288
  0.51207538 -0.19188939  0.99467621  1.03643495  0.24206402  0.83627004
  0.71329104  0.75427469  0.91267629  0.44786036  0.4025521   0.60569798
  0.32826416  0.83853953  0.5149756   0.89287723 -0.20105288  0.17057214
  0.44946789  1.16950834  0.36733824  0.40606254  0.1467971   1.04100239
  0.48218022  0.91934708  0.22815192  0.65298065  0.95022706  0.68934649
  0.10582417][ 0.42258637  1.02828479  1.35971902  1.22554558 -0.27518613  1.14148026
  0.50659828  1.48701248  1.1491024   1.33125555  1.19001903  0.37104095
  1.47320175  0.55671703  0.89637086 -0.4999384   0.54271379  0.77967758
  0.08226931  1.18055648 -0.39286886  0.9744186   0.53032579 -0.01895115
  0.46190105  1.02979738 -0.01361684  1.40608285  1.73800388  0.13159621
  0.87621048 -0.66905997  0.4958349   1.15244821  0.87735858  1.50711419
  0.31770572  0.80640881 -0.22537097 -0.03646595 -0.03389888  0.25028857
  1.77253427 -0.64348091  1.70113482  1.05039917  0.21191789  1.03339365
  0.54871879  0.82403637  0.99116831  0.59932739  0.84054145  0.97693878
 -0.11699518][ 0.14526976  1.60346838 -0.11491283 -0.03114308  0.93878591  0.47600962
  1.14241095  0.21669847  0.23773844  0.75907255  0.84991448  1.31221044
  0.57183402  1.31049352 -0.1909911   1.09004995  0.27006371  0.01607536
  0.33233066  0.65403015  0.55141414  0.31371408  0.39566295  0.64687493
  0.08140544  0.92171226  1.34848621  0.74991681 -0.24284638  1.5221657
  0.46891546  0.18862736  1.01327295  0.75452166  0.91379193  1.99579318
 -0.76003652  1.09167073  1.53323019 -0.08039316 -0.44683136  1.54018863
  1.2255308  -0.52768083  0.34848893  0.47931812  0.80558416  1.18226498
  0.42832368  0.14314678  0.71096643  1.0974121   0.93513068  0.78318023
 -0.1150231 ][ 0.42095933  1.9887279  -0.89217629 -0.25755835  0.22340829 -2.49169517
 -0.36696727 -0.05538836  1.05022497 -0.22975047 -0.80599734  1.21260521
  0.17692187 -0.49478393  1.66897679 -0.96852685 -0.74748272  0.35037736
  0.07253915  0.95255776  0.35090313 -1.03022287  0.06958635 -0.5839831
  0.42432997  0.51325009  0.32307455  0.80479979 -1.0892737   0.71102818
 -0.32443977  1.21857811 -1.00415395  2.13213548  0.58845796 -0.03883835
  0.61869073  0.04037266 -0.02102578 -0.05093161  0.43841983  0.53808977
  1.43540419 -1.42563708 -0.32456736  1.17808462  1.02292765  0.59181792
 -0.33556186 -0.73330705  0.17279628  0.52238522  0.43451495  0.8805571
  1.57193244][ 0.68122532 -0.12011144  1.31287624  0.50189693  1.39074801  0.62866979
  0.87816757 -0.61839781  0.28092343  1.60888271  0.24530174  0.57873059
 -0.69202879  0.01908833  0.75349733 -0.04708916  1.32092211  1.43745004
 -0.36763457  1.22112549 -0.55043485  1.03762815  0.31188129  0.84745749
  1.30054129 -0.38817836 -0.16977175  0.01060432  0.85090376  1.21911364
  0.48081117  0.73650259 -0.43635455 -0.15111307  0.54237545 -0.15385233
  2.1072267   0.08748644  0.15249469  1.19172289 -0.14767184 -0.6256109
  1.35130233  0.21363774 -0.4164327  -0.69228828  0.02314149  0.38811994
  0.16400662 -0.38832472  1.32603246  0.35354974  0.63507087  0.11611888
  2.11649098][ 0.60884214  0.50645852  0.97910688  0.3955108   0.54463999  0.85937357
  1.41286417  0.38068426  0.64021054  0.543493    0.62351839  0.18787262
  1.35018402  0.7250456   0.42350748  0.24913866  1.05718088  0.6931692
  0.35719627  1.02549778  0.56533377  0.2033182   0.41931287  0.81738033
  0.18691437  0.84861083  0.64158079 -0.00155548  0.01060441  0.82810053
  0.6803629   0.7243557   0.28399814  0.4182429   0.58803221  0.80454188
  0.8292978   0.70419512  0.3834597   0.34177902  0.81225948  0.30239399
  0.96611942  0.34644988  0.1512938  -0.03432092 -0.07853697  0.25345064
 -0.0171085  -0.17575115  0.26456933  0.86602628  0.16704724  0.46565309
  1.1884174 ][ 0.15372614  0.99024329  0.08378903  0.70074596 -0.10029683 -0.29575154
 -0.16095131  0.63490748 -0.51029208  0.10640127  0.94040262 -0.2699726
  0.8101411   1.59449543  0.5624376   0.31887973  0.54791977  0.9120305
  0.28673624 -0.15101651  0.96429455  1.82682884  0.42446475  0.78049123
  0.52886793  0.76668714 -0.30789989 -0.45866157  0.77845835  0.09644345
  0.26832848  0.66829852  0.27441198  0.93020215  0.94332664  0.08917784
  0.65870934  0.4758139  -0.68683479  1.16210747  1.00266883  0.44859569
  0.84196313  0.25035989  0.316156    0.6373046   1.08331495  0.75938594
  0.39467085  1.00178932  0.14710258  1.04921376  0.48711363  0.06386327
  1.10489737][ 0.33319711  0.8341764   0.59780397  0.60741653  0.21686188  0.60333006
  0.76393939  0.60216358 -0.24333621  0.45790579  0.87721759  0.19358084
  0.77528806  0.16738842  0.86307073  0.68216294  1.06013283  1.30949829
  0.97818097  0.52674941  0.30561462  1.01184747  1.17382064  0.37824568
  0.60875662  0.13644699  0.94276609  0.10292565  0.54892074  1.00142088
  0.88175333  0.72685405  0.86322798  0.28493269  0.09941235  0.79468948
  0.34425629  0.27848552  0.12072811  0.64716744  0.7963063  -0.14561888
  1.39792132  0.64547125  0.69375983  0.59225414  0.38579287  0.32254062
  0.43944536  0.69980632  0.28416428  0.86850702  0.79520497  0.69832771
  0.29219994]
 pesos capa salida[ 3.28007961  3.11724126 -2.61792532 -1.85513439  2.63650072 -1.70520037
 -2.57270238 -1.86273432  3.1631375  -1.24916624  2.96451746 -2.75580626
 -2.30713199  3.46250897  1.47034761 -1.88581303  0.94828859]
 mejor error19.005161002777424
 precision con todos los datos:0.788010425716768