pesos capa oculta 1[ 1.91194521  1.70431447  0.29413569 -1.42696584 -1.07474196  0.19401032
  0.28212562  1.41524287 -0.53631923  0.16079878  0.17342267  1.39650197
  0.91161247 -1.33376334  0.95409802 -1.10683183  0.56112306  0.36683068
  0.18236812 -1.45182707  0.74014976  0.08641488 -0.8209974  -0.12974731
  1.83649032  0.85718333  0.0444229  -0.58647665 -0.43024323  1.38010354
  0.42848199  1.82254451  0.40540853 -0.34612323  0.99765341  0.83142226
  1.77872198 -0.66343704  1.32849192  2.18292098 -0.2059694   1.41758717
  0.57338102  1.55403877  0.88907955  1.06106961  0.97504969  1.04207176
  1.99584266  1.39724252  1.19423931  0.59236116  0.16225354  0.28446509
  0.4841548 ][-0.21857871 -0.45176616  1.31430167  1.60134285  2.2357235  -0.23789108
 -1.61366058  1.82364813  1.84809133  1.60527186  0.29819277  1.03392623
 -1.050197    0.95436601  0.5227282   0.03846439  1.22806604 -0.12518726
 -0.28500166 -0.30665749  0.46373105 -0.88212693 -1.09325978  0.87064155
  0.08616803 -1.48755126 -0.08805618  1.86473938  0.30747489  4.03056376
  0.62337825 -0.68177579 -0.69440386 -0.41632679 -0.3088329  -0.89190087
 -1.03645007  1.16585822 -0.81550781  1.03811309  0.07522581  0.59820254
 -2.00763701  2.94730854  1.14077487  0.04603489 -0.18036288  0.1333918
  0.47314446  3.19805672  0.88651312  0.05239031  0.74629024  0.40796944
  0.30313644][-0.25301867 -0.16398912 -1.68381757  1.07657793  0.34834449  0.82658236
  1.45363138  0.7381634   0.87418985  0.10372894  0.58110492 -0.44426294
  0.76768884 -0.2108128   0.62058049 -0.20185824  0.26167369  0.64605456
  0.58033814  0.22359786  0.89540391  1.53360972 -0.97165879  0.86401322
  0.88090805  0.94385626 -0.25009657 -0.62273127  1.33736076  1.35762899
  0.16955713  0.79716489  1.3481931   1.11763475  0.66542555 -1.16742437
  2.61104036  1.06765271 -0.23057896  0.32802453  2.05678408  0.70089469
  0.64659549  0.37052041  0.08278004  0.63296538  1.13253175  1.38667303
  0.54545274  1.09851735  0.55819893 -0.04474322  0.8856851   0.01928413
  0.4446975 ][ 0.52802606  0.13216486  0.72421006  0.36770529  0.35467919  0.79125477
  0.79233663  0.87349653  0.76515768  0.4960602   0.87710077  0.87296156
 -0.17782538  0.64318172  0.43850437  1.57171281  0.96751828  0.25557794
  0.0494631   0.4972618   0.68602802  0.26958859  0.30437222  1.07763427
  0.7309071   0.68417426 -0.03850995  0.84894521  0.12352895  0.26891451
  0.88805756  0.34999473  0.46454788 -0.06820822  0.02393086  0.70946657
 -0.58771552  0.74712501  0.78184551  1.21703918  0.70868122 -1.02896641
 -0.38586904  1.03469773 -0.25826033  0.42620811  0.78630231  0.90205651
  0.51884292 -0.14263022 -0.07524546  0.85819156  0.01401149  0.34363022
 -0.65915175][ 0.96362909  1.22718535 -1.58645165 -0.1522596   0.46089822 -0.73693217
  0.847442   -2.62071274  0.85048747 -1.32584966 -0.40118883  1.30590758
 -0.91577336  0.11122129  1.65055387  1.04287506 -0.08299531 -0.18870252
  1.16312565  1.84156998 -1.47826875  0.58252939  0.71251784  1.04136057
 -0.80960188 -1.22413591  1.47960707 -1.57867047 -0.08941488  1.19363087
 -0.80397259  1.80750231 -1.04550779  0.480659    0.73144215  0.20856842
 -0.8045432  -0.47468003 -0.01398208  0.02388226 -0.12383132 -1.15864979
  1.51555545  0.17698245  1.26151403  1.63757509 -0.18205422  4.22973627
 -0.49366383 -1.85544299  0.66667265  0.56413482  0.84212124  0.9198383
  1.04265769][ 0.28670215 -2.06245573  1.62714864  0.7518913  -1.7408957   2.12205547
  0.50914017  0.41785111 -0.52002279 -0.01738114  1.6133759   0.61254788
 -0.65480454  0.3720984   0.41004281  2.53230762  0.35163014  0.72040906
  1.54009899 -0.3427472  -0.61892649  1.94825674 -1.90973743  0.02004155
 -0.15232713  2.04502477  1.11531916  0.45630382 -0.46058365 -0.27124239
  0.37683177 -2.36152596  0.7941421   1.44741934  2.14042167 -0.26227503
  1.73503104  1.03812052  0.99583466 -1.94792564 -0.08409487 -1.00548031
  0.10731731 -0.36674211  1.16867367 -0.38090613  0.14278826  0.55626124
  0.17955632  1.33902195  0.11733361  1.22803664  0.61808767  0.60239683
 -1.64128388][ 0.30822522  2.18833317  1.81116518  0.61198819  1.10532808  1.51855919
  0.9469753  -1.28225339 -0.17656829  0.635904    1.20888376  0.20165733
  2.03038587  0.30206611  0.09235012  0.91485368  0.83790573  1.44060937
 -0.23321431 -0.10554132  0.30926212  2.33378585 -0.56543544  1.26327453
  1.19018451 -0.36379751  0.51861617  0.38750008  0.04157116  1.89803654
  1.73597073 -0.6521632   0.8140229  -0.58256574  1.46605729 -0.17737929
  0.97526795  1.297263    1.13578941 -0.40733544 -0.76073234  0.22146878
 -1.61179707  0.63801607  1.54743911  0.48042529  0.33771366 -0.88727534
  0.39720445 -1.59693773  0.20508588  0.03334315  0.16718672  0.61617778
  0.85490403][ 0.58242689  0.54794536  1.5947385  -0.05211959  1.81373047 -0.52546107
  2.15559685 -0.14112674  0.83114843  0.71439177  0.70013917  1.00970518
  0.27544925  0.81614709 -0.46814081  0.2766717   0.73762739 -0.12471809
 -0.03662208  1.35091444 -0.56098576  2.13108325  0.99058339 -0.01705092
  0.35507795  0.95322186  0.66476323  0.3313815   0.17008809 -0.79432119
  0.72189187 -0.35395475  1.54451476  0.84601006  0.8749983   1.71758014
  1.95584264  0.84825881 -0.19790961  1.26291793  0.51475603 -0.27344035
 -0.85825246  0.48770897  1.91243776 -0.11139349  0.84164542 -0.39861526
  0.78538172  0.41766055 -0.35747808  0.59218551  0.87711064  0.37247001
 -0.64392443][ 0.20136197 -0.00937512  0.14189947  0.44077178  0.39875265 -0.07143009
 -0.14255616  0.47425283 -0.12913934  0.45641748  0.47737008  0.58680817
  0.37798536  0.94927101  1.57081423  0.17629513 -0.00994488  0.58025541
  0.53741585  0.62921319  0.25245699  0.48068475  0.82092685  0.96651007
  0.71204782  0.33814758  1.1072655   0.45842196  0.38519084  0.53789931
  0.94425386  0.74295148  0.57944861  0.37164699  0.79966652  0.60358556
  0.87070349  1.33943023  0.46153016  0.37130694 -0.51005219  0.80218939
  0.39039299 -0.21101677  0.7786027   0.99264181  0.48724892  0.65939177
  1.45181815  0.87952203  1.03861978  0.45530665  0.61425824  0.64424296
  0.30218603][ 0.53789415  1.4536153   1.46406454  1.66126758  1.49033462  1.12623212
  1.81420263  0.83206011 -0.10078097  0.74411828  1.20212316 -0.59249137
  2.37964865 -0.44176425  0.39821165  0.13333882  0.99800263  0.08610575
 -0.05102916 -0.37072274  1.45603266 -0.02187158 -0.55160673  0.77773071
  0.70583138  0.19964783  0.24447511 -0.56122234  1.00971257  0.3574949
  0.4889273   0.83938643  0.14391415  0.17233424 -0.55816533  1.33923416
  1.34587042  0.6503407   0.63816647 -0.67466751  0.1263298   1.27472348
  1.88171818  0.35017479  0.42307257 -0.10988689 -0.31330362  0.66121537
  0.4297465   0.36913561  1.01805951  1.56247717  0.15304396  0.34586008
  1.45898274][ 0.98736057 -2.01253192  1.19942547  1.22846294  1.91857372  1.4716062
  1.59703319  0.67218782  0.23739999  0.9797763   0.69648647  0.9028478
  0.10265948  1.85021441  2.23185339 -0.98972782  0.80298205  0.20077498
 -0.6975366   0.28886491  0.91878731 -1.52023027 -0.07311261  0.196915
  0.95607266  0.51960477 -0.75753    -0.57092389  0.57691205  0.07651575
  0.42702859 -0.19711648 -1.33015528  1.04218791  0.83234091  0.92633163
  0.60400837  0.10639199 -0.1023887  -0.08355599  0.7104529   0.34716427
  3.25426722 -0.19746812  2.65472456  0.15803676  1.49455846  0.33074732
  0.10266656 -1.11671983 -0.00385903  0.16451092  0.18201396  0.49655226
 -1.13839911][ 0.37671696  0.29043158 -0.75101094  0.46003807  1.07494136 -0.14818054
  1.05143887 -0.95683196  0.45437204 -0.5361087   0.50058745  1.6261453
  0.95974153  0.74263253 -0.42676993  1.69750669  0.72190844  1.29598672
 -0.01802278 -0.12747001  1.51116285  1.41691142 -0.10891794  0.77999008
  0.41380323  1.38151533 -0.01635501  2.6010704   1.2997495   0.41533041
  0.97196523  0.43640576  1.71312759  2.11671541  0.98817712  1.12509542
  0.2065801   1.40039984  1.35564957 -0.36717852  0.55693128  1.63582768
  0.16538976  0.30047048  0.82665342  1.01145324  1.35273777  0.96614297
  1.43456364  1.77755934  0.48788879  0.28114244  0.48375572  0.11973666
  0.49738198][ 0.47735808  0.08068669  2.30241581  0.17403573  0.56951233  0.92727103
 -0.44333672  1.31287091  0.1173404   1.62781675  1.1482661   0.00349346
  0.20017109  0.70671766 -0.72608757  0.81929875  0.9667039   1.74439092
  1.38926602  0.33683818  1.26830102  1.20609792  0.66395826  0.39371608
  1.03619252  0.71205011 -1.05576343  0.31376563  1.04399635  1.98291142
  0.80879266 -0.87889814  1.56615258  0.10134737  0.96299042 -0.06486245
  0.03461033  1.01388034  0.15692641  1.47630894  0.85781965  2.13114509
 -0.42663919  0.72528553  0.13528845  0.29045308  0.07879963  0.31174396
 -0.32789313  0.54445496  0.25620439  0.61490712  0.65189173  0.1976644
  0.53816039][-1.72292858  1.20677292 -0.17050617  0.74047236 -0.17001172  0.71411146
  2.18484234  1.0982835   1.47147378  0.16486485  0.64150989  0.13493196
  1.36926105  0.94083273 -0.22362542  1.40878848  0.14544737  0.27851819
  1.60591358  0.25652277  2.42666342 -0.72781887  2.11987188  0.86689386
  0.53308258  0.20005127  1.49466618  0.76895409 -0.74081822  0.80048488
  0.61925109  1.77866052  0.61618496  0.57847359  0.71316767  1.56372215
  0.1552265   1.3940733   1.46867489  0.14774842  0.01344506  0.94081436
 -0.15187268  2.0593412  -0.8595087   0.83264997  0.49933865  1.79263862
 -0.21115903 -0.06553869 -1.58092716 -2.11265676  0.32621181  0.08898724
  0.06496642][ 0.35098984  0.70405664  1.91226353  1.2215539   0.53091903 -0.88430882
  1.35075317  0.95911676  0.03805269  1.55773068  0.82602674 -0.45784466
  1.25461146 -0.0259588   0.67416519  1.33505029  0.97957148  1.3243709
  0.89156671  0.38401625  0.52109988 -0.18814876  0.98743902  0.26642824
  0.73165871  2.49481755  0.4929739   0.22253056 -0.45240075 -0.10982781
  1.2128977  -0.66104525  0.36944923  1.0219331   0.92433985  0.98140081
  0.3603544   1.21822157  0.00398613 -0.28475051  1.55747772  2.96641756
  0.58749034  2.02006007 -0.04159209 -0.59609822  0.02519631  0.86982497
  0.79920224 -1.222074   -0.31907793  0.37284069  0.6406939   0.68398449
  0.82562329][ 0.57093741  1.09920415  0.62161378  0.88817896  0.81142666  0.61987548
  0.83954948  0.68575656  0.98030123  1.01818315  0.10626459  0.09869725
  0.40629298  0.09092395  0.38419319  0.78435728  0.67613312  0.02460031
  0.18121583  0.51387573  0.74218434 -0.36825808  1.11073549 -0.26704157
  0.6888949   0.22363657 -0.41694309  0.52790098  0.78576007  0.33706693
  0.60673481  0.43815537  0.88119609  0.77217298 -0.06569384 -0.11000288
  0.8395397   0.77928905  0.0961918   1.30833907 -0.0160976   0.80223109
  0.99217774  0.00159173  0.4816576   0.3501228   0.0034312   0.93625316
  0.47051533  0.76349187  0.29156706  0.69233994  0.22211411  0.95948791
  0.47553499]
 pesos capa salida[-5.61336809  6.41170041 -4.51037351 -1.94568148 -4.11123905  5.75369795
  4.7447807   4.29589786 -1.85860643  3.68972087  4.92621047 -4.43702885
  3.94880019 -5.99822159  4.60123366  1.45928788]
 mejor error16.371122000325137
 precision con todos los datos:0.8175499565595135